 	Area	X	Y	Perim.	BX	BY	Width	Height	Major	Minor	Angle	XStart	YStart
1	0.130	67.872	11.828	1.513	67.691	11.557	0.381	0.529	0.508	0.326	95.677	3208	546
2	0.157	28.862	12.058	1.545	28.681	11.769	0.360	0.572	0.572	0.349	99.154	1361	556
3	0.154	37.799	13.744	1.510	37.613	13.483	0.381	0.529	0.545	0.360	82.842	1784	637
4	0.129	82.155	13.735	1.366	81.978	13.504	0.360	0.466	0.477	0.344	107.224	3877	638
5	0.171	32.204	13.908	1.748	31.962	13.589	0.508	0.550	0.492	0.442	142.090	1519	642
6	0.148	109.048	14.124	1.443	108.860	13.864	0.381	0.508	0.526	0.358	74.221	5150	655
7	0.138	89.526	14.138	1.453	89.323	13.885	0.402	0.508	0.508	0.346	116.827	4225	656
8	0.148	29.913	14.379	1.468	29.718	14.118	0.360	0.529	0.536	0.352	86.263	1412	667
9	0.108	77.902	14.367	1.226	77.703	14.182	0.402	0.360	0.431	0.320	25.954	3681	670
10	0.118	83.921	14.661	1.274	83.693	14.478	0.444	0.360	0.441	0.340	24.803	3963	684
11	0.059	10.726	15.376	0.967	10.583	15.219	0.275	0.318	0.312	0.239	55.503	507	719
12	0.139	87.797	15.677	1.461	87.545	15.473	0.508	0.402	0.570	0.311	32.577	4150	731
13	0.111	77.702	16.172	1.226	77.491	16.002	0.423	0.339	0.446	0.316	153.318	3665	756
14	0.149	19.096	16.335	1.486	18.902	16.066	0.381	0.529	0.555	0.341	70.180	902	759
15	0.138	23.722	16.520	1.473	23.474	16.298	0.487	0.423	0.535	0.328	37.319	1127	770
16	0.157	41.863	16.794	1.540	41.571	16.616	0.572	0.360	0.577	0.346	166.407	1971	785
17	0.141	98.841	17.173	1.438	98.658	16.933	0.360	0.508	0.525	0.341	73.786	4669	800
18	0.124	76.270	17.344	1.383	76.031	17.166	0.487	0.360	0.529	0.298	28.232	3604	811
19	0.116	80.605	17.746	1.286	80.391	17.547	0.423	0.381	0.464	0.318	145.866	3804	829
20	0.141	25.599	17.992	1.450	25.442	17.716	0.318	0.550	0.548	0.327	83.576	1209	837
21	0.147	37.157	18.289	1.466	36.957	18.013	0.402	0.529	0.535	0.349	113.028	1752	851
22	0.161	20.637	18.526	1.623	20.320	18.330	0.635	0.381	0.608	0.338	20.766	976	866
23	0.133	18.870	18.658	1.388	18.669	18.415	0.402	0.466	0.498	0.340	117.328	887	870
24	0.145	21.413	19.033	1.450	21.230	18.775	0.381	0.487	0.513	0.360	72.956	1010	887
25	0.156	18.174	19.096	1.515	17.907	18.902	0.529	0.381	0.548	0.364	15.326	861	893
26	0.107	117.314	20.426	1.209	117.136	20.256	0.381	0.360	0.412	0.330	31.361	5539	957
27	0.134	86.451	20.626	1.353	86.212	20.447	0.466	0.360	0.483	0.353	160.008	4078	966
28	0.144	20.285	21.417	1.473	20.066	21.146	0.402	0.508	0.533	0.344	65.835	959	999
29	0.121	118.022	22.060	1.279	117.814	21.865	0.423	0.402	0.447	0.343	141.782	5570	1033
30	0.138	10.828	22.546	1.418	10.647	22.288	0.360	0.508	0.501	0.351	88.313	512	1053
31	0.150	79.904	22.674	1.491	79.629	22.479	0.529	0.402	0.561	0.340	152.243	3766	1062
32	0.126	80.722	22.738	1.336	80.560	22.500	0.339	0.466	0.486	0.330	104.124	3809	1063
33	0.138	79.695	23.374	1.431	79.481	23.135	0.402	0.487	0.535	0.327	122.751	3759	1093
34	0.112	78.744	23.806	1.246	78.528	23.643	0.423	0.318	0.447	0.320	10.096	3719	1117
35	0.137	9.985	25.228	1.396	9.737	25.040	0.487	0.360	0.488	0.356	177.143	471	1183
36	0.140	96.957	25.454	1.406	96.753	25.210	0.423	0.466	0.512	0.347	127.319	4576	1191
37	0.155	44.844	27.109	1.510	44.640	26.839	0.402	0.508	0.553	0.358	64.694	2119	1268
38	0.180	11.610	27.175	1.610	11.366	26.924	0.508	0.508	0.585	0.391	131.268	541	1272
39	0.118	102.257	27.209	1.336	102.044	27.051	0.423	0.339	0.447	0.337	178.289	4825	1278
40	0.143	113.820	28.088	1.413	113.623	27.855	0.381	0.487	0.497	0.366	74.447	5375	1316
41	0.155	116.173	28.983	1.508	115.930	28.766	0.508	0.444	0.548	0.361	146.296	5481	1359
42	0.157	60.449	29.523	1.508	60.198	29.295	0.508	0.444	0.554	0.361	144.003	2849	1384
43	0.132	69.424	30.464	1.371	69.236	30.247	0.381	0.466	0.496	0.338	59.153	3279	1429
44	0.129	95.235	30.666	1.341	94.996	30.480	0.444	0.381	0.478	0.344	146.906	4493	1440
45	0.152	64.075	31.472	1.491	63.796	31.284	0.529	0.381	0.529	0.367	177.004	3026	1478
46	0.130	94.505	32.306	1.401	94.340	32.046	0.339	0.529	0.537	0.308	76.149	4464	1514
47	0.089	100.898	32.482	1.137	100.753	32.279	0.296	0.402	0.396	0.285	102.582	4765	1525
48	0.108	88.804	32.892	1.359	88.625	32.660	0.381	0.466	0.518	0.264	53.040	4202	1543
49	0.110	100.825	33.085	1.232	100.626	32.893	0.402	0.381	0.414	0.337	135.415	4759	1554
50	0.142	101.656	34.908	1.448	101.452	34.650	0.423	0.487	0.538	0.335	127.233	4797	1637
51	0.106	17.929	35.280	1.249	17.759	35.052	0.339	0.444	0.420	0.322	80.271	846	1656
52	0.153	104.422	35.563	1.496	104.204	35.306	0.444	0.508	0.553	0.352	124.763	4929	1668
53	0.153	23.250	37.900	1.480	23.050	37.656	0.381	0.508	0.535	0.364	70.931	1097	1779
54	0.152	42.359	38.046	1.521	42.101	37.846	0.550	0.402	0.553	0.350	154.717	1992	1788
55	0.161	39.938	39.624	1.523	39.751	39.370	0.381	0.529	0.552	0.371	74.316	1883	1860
56	0.043	44.275	40.066	0.818	44.175	39.920	0.212	0.275	0.282	0.194	106.187	2088	1886
57	0.146	58.211	40.267	1.468	58.039	40.005	0.339	0.550	0.563	0.331	103.072	2745	1890
58	0.138	64.778	40.748	1.394	64.558	40.513	0.444	0.444	0.508	0.346	45.428	3062	1914
59	0.163	18.683	41.047	1.600	18.500	40.767	0.360	0.572	0.581	0.357	97.768	880	1926
60	0.127	87.537	42.416	1.359	87.355	42.185	0.360	0.487	0.495	0.327	76.449	4134	1993
61	0.139	84.267	43.222	1.424	84.032	42.990	0.444	0.466	0.527	0.337	50.008	3982	2031
62	0.100	31.720	46.826	1.221	31.517	46.672	0.423	0.296	0.423	0.302	6.127	1494	2205
63	0.172	53.916	47.382	1.605	53.636	47.180	0.572	0.423	0.595	0.369	22.677	2546	2229
64	0.145	18.470	49.385	1.491	18.288	49.149	0.381	0.508	0.520	0.354	72.872	871	2322
65	0.131	38.354	50.582	1.366	38.121	50.419	0.487	0.339	0.503	0.332	174.133	1804	2382
66	0.138	108.785	51.774	1.431	108.585	51.520	0.381	0.508	0.540	0.325	66.047	5140	2434
67	0.146	121.887	53.044	1.483	121.645	52.811	0.487	0.466	0.549	0.338	138.503	5752	2495
68	0.142	78.547	53.251	1.441	78.317	53.001	0.444	0.487	0.519	0.348	52.490	3713	2504
69	0.161	19.522	53.922	1.543	19.262	53.679	0.487	0.508	0.562	0.366	132.273	916	2536
70	0.138	28.711	53.884	1.401	28.469	53.700	0.487	0.381	0.504	0.347	160.599	1350	2537
71	0.116	20.661	53.937	1.261	20.447	53.742	0.423	0.381	0.437	0.337	152.289	974	2539
72	0.144	69.293	56.825	1.436	69.067	56.600	0.444	0.466	0.522	0.351	126.758	3267	2674
73	0.156	22.936	56.874	1.523	22.648	56.706	0.572	0.339	0.567	0.351	179.239	1077	2679
74	0.163	34.328	57.056	1.553	34.142	56.769	0.360	0.572	0.573	0.362	88.444	1621	2682
75	0.147	69.882	57.710	1.456	69.702	57.446	0.360	0.529	0.542	0.346	76.524	3302	2714
76	0.117	81.666	57.907	1.299	81.470	57.700	0.381	0.423	0.470	0.318	54.775	3858	2726
77	0.121	70.814	58.442	1.371	70.633	58.208	0.339	0.487	0.502	0.307	112.870	3341	2750
78	0.167	63.261	58.687	1.593	62.971	58.484	0.593	0.402	0.591	0.360	12.162	2992	2763
79	0.157	11.024	59.143	1.528	10.732	58.970	0.593	0.339	0.584	0.343	171.983	514	2786
80	0.117	70.988	59.533	1.316	70.760	59.351	0.444	0.360	0.471	0.316	151.506	3348	2804
81	0.116	70.109	59.670	1.256	69.914	59.478	0.402	0.381	0.460	0.320	137.656	3306	2810
82	0.145	71.204	60.313	1.478	71.014	60.050	0.402	0.508	0.534	0.346	118.395	3359	2837
83	0.138	12.399	60.429	1.418	12.213	60.156	0.381	0.508	0.514	0.342	112.331	584	2842
84	0.133	69.792	60.602	1.431	69.575	60.367	0.423	0.466	0.531	0.319	48.662	3297	2852
85	0.147	70.732	60.865	1.448	70.485	60.664	0.508	0.402	0.492	0.379	163.981	3336	2866
86	0.131	72.288	60.984	1.359	72.094	60.770	0.402	0.444	0.459	0.363	51.233	3415	2871
87	0.134	70.875	61.635	1.424	70.654	61.404	0.466	0.444	0.505	0.338	133.174	3344	2901
88	0.145	69.366	62.478	1.443	69.173	62.230	0.381	0.508	0.538	0.343	113.109	3272	2940
89	0.132	76.716	62.716	1.406	76.518	62.463	0.423	0.466	0.531	0.316	133.291	3618	2951
90	0.138	74.775	63.095	1.413	74.528	62.907	0.508	0.360	0.522	0.336	165.998	3530	2972
91	0.121	71.934	63.115	1.311	71.692	62.950	0.466	0.339	0.465	0.331	175.482	3394	2974
92	0.146	69.790	63.583	1.515	69.596	63.310	0.381	0.550	0.575	0.323	63.853	3300	2991
93	0.142	70.305	63.667	1.448	70.104	63.415	0.360	0.529	0.509	0.354	92.098	3321	2996
94	0.143	77.272	63.792	1.448	77.026	63.585	0.508	0.402	0.539	0.339	152.481	3644	3004
95	0.165	73.843	64.005	1.538	73.596	63.754	0.487	0.487	0.572	0.367	41.168	3494	3012
96	0.157	75.285	64.049	1.523	75.099	63.796	0.381	0.529	0.568	0.352	69.943	3556	3014
97	0.139	67.390	64.579	1.353	67.183	64.389	0.423	0.402	0.438	0.404	15.945	3179	3042
98	0.161	77.958	64.892	1.528	77.682	64.706	0.550	0.381	0.558	0.367	14.890	3681	3057
99	0.130	69.118	65.634	1.359	68.919	65.405	0.402	0.444	0.490	0.338	53.512	3267	3090
100	0.137	63.196	68.119	1.406	62.950	67.903	0.466	0.423	0.507	0.343	37.772	2986	3208
101	0.136	64.466	68.231	1.401	64.220	68.051	0.508	0.360	0.517	0.336	164.984	3040	3215
102	0.150	63.639	68.326	1.473	63.394	68.093	0.466	0.444	0.517	0.369	45.986	3007	3217
103	0.135	83.722	69.171	1.378	83.481	69.003	0.487	0.339	0.504	0.342	4.174	3954	3260
104	0.134	76.891	69.353	1.408	76.708	69.109	0.360	0.487	0.515	0.332	72.689	3631	3265
105	0.149	97.918	69.712	1.515	97.726	69.469	0.381	0.508	0.547	0.346	112.601	4618	3282
106	0.125	74.702	70.542	1.359	74.486	70.337	0.444	0.402	0.515	0.309	139.086	3522	3323
107	0.118	104.093	71.131	1.274	103.886	70.930	0.402	0.402	0.450	0.333	43.239	4919	3351
108	0.144	97.019	71.694	1.450	96.838	71.459	0.381	0.487	0.531	0.345	67.077	4583	3376
109	0.114	71.864	71.791	1.281	71.628	71.628	0.466	0.318	0.455	0.320	7.389	3393	3384
110	0.142	83.044	72.122	1.431	82.846	71.882	0.402	0.487	0.531	0.339	60.566	3924	3396
111	0.141	108.400	72.805	1.426	108.140	72.644	0.529	0.339	0.530	0.338	8.078	5117	3432
112	0.158	96.967	73.170	1.503	96.753	72.919	0.444	0.487	0.555	0.363	124.430	4575	3445
113	0.155	73.550	73.265	1.508	73.300	73.046	0.508	0.444	0.582	0.340	36.382	3477	3451
114	0.108	15.224	73.682	1.276	15.071	73.491	0.318	0.381	0.416	0.331	89.682	715	3472
115	0.151	76.761	73.728	1.478	76.539	73.491	0.444	0.487	0.541	0.357	53.862	3627	3472
116	0.148	95.043	74.180	1.486	94.763	73.999	0.550	0.360	0.550	0.342	2.801	4487	3496
117	0.128	86.506	74.481	1.359	86.296	74.253	0.402	0.444	0.502	0.324	55.459	4087	3508
118	0.131	89.637	74.506	1.364	89.429	74.274	0.402	0.466	0.496	0.337	126.253	4231	3509
119	0.243	92.041	74.802	2.014	91.715	74.528	0.677	0.550	0.640	0.484	160.972	4343	3521
120	0.129	115.563	74.797	1.371	115.358	74.570	0.423	0.423	0.511	0.322	137.246	5452	3523
121	0.146	104.151	74.845	1.473	103.971	74.591	0.360	0.529	0.534	0.348	84.086	4918	3524
122	0.138	70.925	75.141	1.413	70.676	74.972	0.508	0.360	0.522	0.338	11.710	3350	3542
123	0.134	78.585	75.254	1.401	78.380	75.015	0.402	0.466	0.516	0.332	56.253	3713	3544
124	0.136	94.862	75.282	1.418	94.636	75.078	0.466	0.423	0.517	0.335	142.071	4474	3547
125	0.140	92.021	75.338	1.418	91.821	75.099	0.402	0.487	0.543	0.328	55.294	4349	3548
126	0.115	73.691	75.410	1.281	73.512	75.205	0.360	0.423	0.469	0.313	56.476	3481	3553
127	0.163	89.184	75.582	1.538	88.942	75.332	0.487	0.487	0.567	0.365	42.871	4217	3559
128	0.142	67.679	75.578	1.443	67.479	75.353	0.402	0.466	0.512	0.354	118.347	3189	3560
129	0.142	71.079	75.766	1.436	70.866	75.523	0.423	0.487	0.512	0.354	126.851	3354	3568
130	0.143	89.882	75.716	1.461	89.620	75.523	0.508	0.402	0.554	0.329	153.051	4239	3568
131	0.129	70.625	75.841	1.346	70.400	75.650	0.444	0.402	0.441	0.371	156.583	3333	3574
132	0.155	69.639	76.055	1.498	69.469	75.777	0.360	0.550	0.548	0.360	92.736	3287	3580
133	0.120	83.487	76.093	1.311	83.312	75.861	0.339	0.466	0.480	0.319	105.458	3941	3584
134	0.150	117.563	76.188	1.456	117.306	76.010	0.508	0.360	0.524	0.363	169.234	5547	3591
135	0.158	72.439	76.422	1.545	72.242	76.136	0.402	0.550	0.571	0.352	113.158	3419	3597
136	0.128	73.644	76.373	1.341	73.470	76.136	0.360	0.466	0.451	0.360	86.034	3475	3597
137	0.129	71.531	76.443	1.359	71.332	76.221	0.402	0.444	0.499	0.328	54.523	3380	3601
138	0.143	70.628	76.545	1.498	70.464	76.264	0.339	0.572	0.563	0.324	88.350	3337	3603
139	0.147	71.052	76.626	1.466	70.824	76.390	0.444	0.487	0.560	0.333	129.710	3349	3609
140	0.142	72.010	76.826	1.396	71.818	76.602	0.381	0.466	0.501	0.360	117.506	3396	3619
141	0.155	64.799	77.275	1.521	64.558	77.026	0.444	0.508	0.565	0.350	122.676	3056	3639
142	0.134	72.995	77.406	1.418	72.792	77.174	0.423	0.466	0.513	0.334	52.429	3450	3646
143	0.115	100.128	77.538	1.291	99.949	77.301	0.360	0.466	0.453	0.322	105.390	4727	3652
144	0.140	70.011	77.811	1.418	69.765	77.618	0.466	0.423	0.524	0.339	144.293	3299	3667
145	0.153	70.965	77.914	1.473	70.760	77.660	0.402	0.508	0.549	0.355	115.736	3347	3669
146	0.118	94.713	78.141	1.323	94.552	77.893	0.318	0.487	0.495	0.303	103.206	4472	3680
147	0.184	80.302	78.622	1.635	80.010	78.401	0.550	0.466	0.546	0.429	155.671	3792	3704
148	0.141	69.341	79.005	1.533	69.173	78.698	0.381	0.550	0.518	0.346	99.293	3272	3718
149	0.159	71.799	79.379	1.508	71.543	79.163	0.487	0.466	0.566	0.357	138.750	3383	3740
150	0.134	42.708	79.842	1.406	42.503	79.608	0.402	0.487	0.530	0.323	125.291	2012	3761
151	0.141	10.557	80.056	1.418	10.350	79.841	0.444	0.444	0.511	0.352	45.391	498	3772
152	0.168	60.408	80.169	1.605	60.219	79.862	0.381	0.614	0.630	0.340	110.215	2848	3773
153	0.151	102.929	80.815	1.473	102.722	80.560	0.402	0.508	0.550	0.351	62.425	4864	3806
154	0.161	67.673	81.120	1.610	67.395	80.857	0.529	0.487	0.525	0.391	151.812	3198	3820
155	0.135	112.033	81.345	1.376	111.824	81.132	0.423	0.444	0.504	0.342	127.806	5286	3833
156	0.091	74.205	81.845	1.131	74.041	81.682	0.360	0.318	0.362	0.319	170.155	3502	3859
157	0.144	51.455	82.118	1.436	51.202	81.915	0.508	0.402	0.526	0.348	152.150	2424	3870
158	0.144	58.230	82.650	1.421	57.997	82.444	0.444	0.402	0.460	0.400	23.748	2751	3895
159	0.120	59.315	82.841	1.311	59.076	82.677	0.487	0.318	0.484	0.315	171.160	2798	3906
160	0.135	27.165	83.574	1.431	26.966	83.312	0.381	0.508	0.536	0.321	64.427	1286	3936
161	0.147	53.183	83.998	1.521	52.980	83.714	0.402	0.550	0.554	0.339	112.033	2509	3955
162	0.139	52.028	84.235	1.424	51.795	84.032	0.487	0.423	0.503	0.352	31.030	2458	3970
163	0.126	26.378	84.596	1.383	26.226	84.328	0.318	0.508	0.511	0.315	91.940	1244	3984
164	0.128	55.330	85.158	1.383	55.160	84.900	0.339	0.508	0.534	0.305	109.292	2610	4011
165	0.142	66.742	86.407	1.443	66.527	86.170	0.423	0.466	0.535	0.338	51.590	3154	4071
166	0.151	101.510	86.766	1.491	101.325	86.508	0.381	0.550	0.542	0.356	69.758	4796	4087
167	0.151	118.804	86.736	1.478	118.554	86.529	0.487	0.444	0.527	0.366	146.076	5606	4088
168	0.145	82.283	86.908	1.448	82.063	86.678	0.444	0.466	0.526	0.351	130.061	3881	4095
169	0.152	89.617	88.708	1.515	89.450	88.434	0.339	0.572	0.571	0.339	83.172	4232	4178
170	0.132	49.353	88.854	1.388	49.149	88.604	0.381	0.487	0.498	0.338	67.098	2332	4186
171	0.139	66.385	90.070	1.418	66.146	89.874	0.487	0.402	0.526	0.337	27.469	3138	4246
172	0.147	65.919	90.520	1.456	65.744	90.255	0.360	0.529	0.550	0.340	106.835	3109	4264
173	0.134	44.829	91.625	1.383	44.662	91.377	0.339	0.508	0.515	0.330	99.867	2113	4317
174	0.136	16.897	91.960	1.401	16.637	91.779	0.508	0.360	0.537	0.323	156.894	791	4336
175	0.128	51.209	93.385	1.388	51.012	93.133	0.381	0.466	0.500	0.326	57.775	2422	4400
176	0.121	50.063	93.703	1.311	49.869	93.514	0.402	0.402	0.465	0.330	48.235	2364	4418
177	0.146	21.737	96.027	1.486	21.548	95.758	0.381	0.529	0.548	0.338	107.119	1021	4524
178	0.160	26.632	96.046	1.538	26.437	95.758	0.402	0.572	0.580	0.351	66.958	1258	4524
179	0.143	40.052	100.317	1.478	39.793	100.097	0.508	0.423	0.567	0.322	31.706	1898	4729
180	0.141	12.908	100.720	1.418	12.700	100.478	0.402	0.487	0.519	0.345	121.051	606	4747
181	0.152	51.429	103.874	1.480	51.266	103.590	0.339	0.550	0.560	0.345	91.866	2426	4894
182	0.046	94.761	105.952	0.860	94.615	105.833	0.275	0.254	0.260	0.226	20.088	4477	5000
183	0.173	37.541	106.965	1.613	37.338	106.680	0.402	0.572	0.615	0.358	69.526	1773	5040
184	0.134	62.660	107.830	1.406	62.463	107.590	0.402	0.487	0.523	0.327	59.628	2961	5083
185	0.206	68.197	108.554	1.810	67.903	108.268	0.550	0.550	0.556	0.472	30.916	3227	5115
186	0.157	54.458	111.194	1.558	54.293	110.892	0.339	0.593	0.593	0.337	89.151	2573	5239
187	0.159	86.290	112.059	1.563	86.085	111.781	0.423	0.550	0.592	0.343	118.842	4069	5281
188	0.142	12.265	116.349	1.456	12.002	116.163	0.529	0.360	0.550	0.328	161.517	574	5488
189	0.123	54.331	119.581	1.341	54.144	119.338	0.360	0.466	0.481	0.326	69.761	2567	5638
190	0.041	97.136	127.371	0.745	97.028	127.254	0.233	0.233	0.247	0.212	151.568	4585	6012
191	0.183	125.790	128.673	1.670	125.518	128.418	0.550	0.508	0.585	0.399	139.465	5939	6067
192	0.138	108.670	133.500	1.438	108.500	133.223	0.339	0.529	0.529	0.332	84.469	5133	6294
193	0.116	51.682	133.593	1.299	51.520	133.350	0.318	0.487	0.488	0.303	81.560	2440	6300
194	0.134	38.333	133.761	1.376	38.121	133.540	0.423	0.444	0.510	0.333	131.692	1805	6309
195	0.140	58.445	133.771	1.436	58.230	133.562	0.444	0.444	0.522	0.341	41.725	2762	6310
