 	Area	X	Y	Perim.	BX	BY	Width	Height	Major	Minor	Angle	XStart	YStart
1	0.043	59.180	9.191	0.855	59.013	9.102	0.339	0.169	0.362	0.151	168.640	2789	430
2	0.110	100.798	12.408	1.264	100.626	12.192	0.339	0.423	0.467	0.300	62.321	4761	576
3	0.126	43.790	13.282	1.359	43.540	13.102	0.487	0.360	0.494	0.325	21.404	2068	619
4	0.123	94.861	13.996	1.346	94.678	13.758	0.339	0.508	0.508	0.309	106.262	4477	650
5	0.122	65.721	14.073	1.366	65.574	13.801	0.296	0.529	0.521	0.299	93.797	3104	652
6	0.085	69.835	13.982	1.226	69.638	13.822	0.402	0.318	0.357	0.304	171.595	3294	653
7	0.132	114.359	14.302	1.376	114.173	14.076	0.381	0.487	0.493	0.341	110.017	5397	665
8	0.124	56.527	14.533	1.329	56.367	14.266	0.318	0.508	0.494	0.319	95.150	2669	674
9	0.080	129.073	14.697	1.114	128.947	14.499	0.233	0.402	0.425	0.239	90.743	6096	685
10	0.129	40.985	15.276	1.383	40.746	15.092	0.487	0.360	0.526	0.313	154.541	1926	713
11	0.121	49.488	15.927	1.323	49.340	15.684	0.296	0.508	0.510	0.303	83.711	2336	741
12	0.106	102.842	15.941	1.244	102.637	15.748	0.402	0.381	0.465	0.291	137.901	4851	744
13	0.128	87.272	16.518	1.371	87.101	16.277	0.339	0.508	0.497	0.327	81.873	4122	769
14	0.124	95.116	16.518	1.336	94.954	16.277	0.318	0.487	0.492	0.321	90.340	4491	769
15	0.117	121.065	18.378	1.346	120.840	18.203	0.466	0.339	0.490	0.304	157.237	5712	860
16	0.105	32.371	18.869	1.221	32.216	18.648	0.296	0.444	0.444	0.301	80.940	1528	881
17	0.132	122.977	18.960	1.388	122.724	18.775	0.508	0.360	0.513	0.328	18.629	5811	887
18	0.122	58.546	21.501	1.359	58.293	21.336	0.529	0.318	0.503	0.310	5.034	2765	1008
19	0.132	52.505	22.400	1.388	52.303	22.162	0.402	0.466	0.515	0.326	57.161	2481	1047
20	0.108	76.723	22.558	1.226	76.539	22.352	0.360	0.402	0.437	0.315	124.290	3621	1056
21	0.128	56.122	23.053	1.408	55.944	22.818	0.339	0.487	0.511	0.318	74.086	2651	1078
22	0.126	70.464	23.252	1.378	70.294	22.987	0.318	0.508	0.510	0.315	91.545	3328	1086
23	0.121	39.014	23.501	1.346	38.841	23.262	0.339	0.508	0.495	0.310	109.849	1840	1099
24	0.123	19.308	24.024	1.329	19.135	23.791	0.339	0.487	0.482	0.324	83.431	910	1124
25	0.123	49.672	24.011	1.329	49.488	23.791	0.381	0.444	0.485	0.324	126.520	2341	1124
26	0.111	80.150	24.171	1.261	79.925	23.982	0.444	0.360	0.474	0.297	147.077	3781	1133
27	0.124	120.944	26.240	1.334	120.714	26.056	0.466	0.381	0.497	0.318	28.691	5714	1231
28	0.119	74.314	27.536	1.316	74.104	27.326	0.402	0.423	0.484	0.312	134.348	3507	1291
29	0.126	20.482	27.952	1.408	20.299	27.707	0.360	0.487	0.515	0.311	63.270	972	1309
30	0.120	111.502	28.324	1.316	111.252	28.152	0.487	0.339	0.496	0.308	17.935	5268	1330
31	0.120	43.397	28.388	1.311	43.201	28.173	0.381	0.423	0.481	0.318	55.723	2050	1331
32	0.132	47.569	29.191	1.364	47.350	28.998	0.466	0.402	0.495	0.339	30.632	2248	1370
33	0.142	58.521	29.641	1.491	58.357	29.358	0.339	0.550	0.550	0.330	97.186	2761	1387
34	0.111	98.360	29.583	1.258	98.213	29.358	0.296	0.444	0.460	0.308	85.093	4645	1387
35	0.122	72.478	31.056	1.316	72.263	30.882	0.466	0.360	0.475	0.326	24.444	3422	1459
36	0.121	111.191	31.122	1.311	111.019	30.903	0.360	0.444	0.479	0.323	113.004	5247	1460
37	0.137	121.017	31.322	1.383	120.840	31.073	0.360	0.487	0.511	0.341	68.930	5716	1468
38	0.124	26.350	31.849	1.353	26.120	31.665	0.466	0.360	0.494	0.320	24.816	1248	1496
39	0.126	122.898	32.000	1.383	122.640	31.835	0.508	0.339	0.515	0.311	162.369	5800	1504
40	0.120	74.038	32.408	1.323	73.808	32.237	0.466	0.339	0.478	0.320	19.637	3497	1523
41	0.144	85.926	32.877	1.466	85.725	32.618	0.423	0.508	0.557	0.330	122.477	4053	1541
42	0.124	36.403	32.965	1.359	36.237	32.702	0.339	0.508	0.511	0.308	107.514	1716	1545
43	0.136	45.635	33.117	1.413	45.466	32.851	0.339	0.529	0.523	0.330	79.752	2157	1552
44	0.111	108.469	33.721	1.261	108.289	33.486	0.360	0.444	0.445	0.318	65.679	5125	1582
45	0.122	50.022	33.775	1.341	49.805	33.570	0.423	0.402	0.479	0.324	38.169	2368	1586
46	0.139	115.738	33.842	1.418	115.506	33.634	0.466	0.423	0.529	0.335	141.322	5459	1589
47	0.125	67.549	34.066	1.388	67.374	33.824	0.360	0.487	0.505	0.315	64.329	3195	1598
48	0.131	37.385	34.083	1.413	37.148	33.867	0.444	0.423	0.509	0.327	36.836	1769	1600
49	0.132	43.251	34.110	1.413	43.074	33.867	0.360	0.487	0.489	0.344	79.660	2043	1600
50	0.121	52.068	34.148	1.299	51.837	33.973	0.466	0.339	0.463	0.332	170.925	2456	1605
51	0.115	105.090	34.713	1.256	104.881	34.523	0.402	0.381	0.461	0.318	43.011	4963	1631
52	0.124	52.208	35.092	1.334	52.028	34.862	0.381	0.466	0.491	0.322	120.804	2462	1647
53	0.126	63.974	35.480	1.371	63.796	35.242	0.360	0.466	0.501	0.321	111.924	3018	1665
54	0.116	127.676	36.152	1.256	127.487	35.962	0.402	0.381	0.448	0.328	41.567	6031	1699
55	0.104	52.256	36.875	1.269	52.091	36.640	0.318	0.466	0.469	0.283	66.601	2472	1731
56	0.121	48.074	37.592	1.309	47.837	37.402	0.466	0.381	0.467	0.328	27.208	2272	1767
57	0.137	36.943	37.781	1.413	36.766	37.528	0.339	0.529	0.515	0.339	87.101	1744	1773
58	0.128	128.863	38.854	1.334	128.630	38.650	0.444	0.402	0.492	0.330	38.957	6089	1826
59	0.049	8.638	39.666	0.865	8.530	39.518	0.233	0.296	0.288	0.218	62.840	407	1867
60	0.132	50.102	40.687	1.396	49.911	40.450	0.381	0.466	0.512	0.329	57.825	2371	1911
61	0.135	21.065	40.676	1.388	20.849	40.471	0.444	0.423	0.501	0.344	38.434	999	1912
62	0.138	71.494	41.316	1.413	71.268	41.106	0.466	0.402	0.518	0.338	145.917	3372	1942
63	0.117	106.694	42.915	1.351	106.511	42.651	0.360	0.508	0.495	0.301	114.815	5037	2015
64	0.128	39.534	43.105	1.396	39.370	42.862	0.318	0.529	0.519	0.315	84.835	1865	2025
65	0.119	102.584	43.679	1.323	102.404	43.455	0.339	0.466	0.480	0.316	114.617	4842	2053
66	0.127	67.053	44.161	1.473	66.844	43.942	0.423	0.423	0.487	0.331	132.192	3159	2076
67	0.139	11.626	44.293	1.443	11.345	44.132	0.550	0.339	0.531	0.334	177.621	544	2085
68	0.112	63.457	44.379	1.269	63.246	44.217	0.444	0.339	0.470	0.302	157.651	2989	2089
69	0.128	44.757	44.916	1.371	44.577	44.683	0.381	0.466	0.499	0.327	119.338	2110	2111
70	0.127	24.674	45.281	1.359	24.448	45.085	0.444	0.402	0.503	0.322	39.036	1165	2130
71	0.124	52.373	45.338	1.341	52.134	45.170	0.487	0.339	0.485	0.326	165.346	2468	2134
72	0.126	104.542	45.441	1.359	104.373	45.191	0.360	0.487	0.507	0.318	111.818	4934	2135
73	0.123	16.116	45.776	1.311	15.938	45.551	0.360	0.444	0.485	0.324	119.767	755	2152
74	0.131	16.082	46.219	1.424	15.833	46.038	0.529	0.360	0.514	0.324	168.509	755	2175
75	0.129	52.981	46.734	1.359	52.747	46.546	0.487	0.360	0.495	0.331	158.932	2498	2199
76	0.129	35.977	47.034	1.366	35.814	46.778	0.318	0.508	0.511	0.320	99.676	1697	2210
77	0.116	29.762	47.484	1.286	29.528	47.329	0.466	0.318	0.468	0.316	170.707	1400	2236
78	0.132	68.954	47.663	1.401	68.770	47.413	0.360	0.508	0.536	0.313	115.788	3253	2240
79	0.120	57.451	47.791	1.311	57.235	47.604	0.444	0.360	0.477	0.320	150.704	2708	2249
80	0.126	21.273	47.892	1.323	21.061	47.710	0.423	0.381	0.480	0.335	142.863	996	2254
81	0.127	123.610	48.757	1.388	123.402	48.535	0.423	0.444	0.527	0.306	134.632	5831	2293
82	0.139	103.276	48.786	1.431	102.997	48.620	0.550	0.339	0.539	0.328	177.138	4875	2297
83	0.110	41.515	48.884	1.269	41.360	48.641	0.296	0.487	0.478	0.292	99.680	1960	2298
84	0.120	87.318	48.934	1.316	87.122	48.726	0.402	0.423	0.476	0.320	46.174	4127	2302
85	0.115	54.220	49.432	1.269	54.060	49.212	0.318	0.466	0.458	0.319	82.625	2559	2325
86	0.139	104.747	49.571	1.396	104.584	49.318	0.339	0.508	0.528	0.336	104.577	4943	2330
87	0.042	87.031	49.774	0.788	86.889	49.678	0.254	0.212	0.257	0.206	165.968	4109	2347
88	0.129	53.887	50.161	1.353	53.636	49.996	0.487	0.339	0.490	0.336	172.238	2541	2362
89	0.116	75.632	50.384	1.316	75.438	50.165	0.381	0.423	0.472	0.314	120.436	3568	2370
90	0.118	108.914	51.051	1.286	108.733	50.821	0.360	0.444	0.468	0.320	63.383	5145	2401
91	0.124	91.173	51.444	1.359	90.996	51.202	0.339	0.508	0.506	0.313	76.079	4306	2419
92	0.108	84.384	51.606	1.249	84.201	51.372	0.360	0.444	0.453	0.305	66.323	3987	2427
93	0.132	36.605	51.798	1.383	36.428	51.541	0.339	0.508	0.522	0.322	104.370	1726	2435
94	0.138	79.088	52.078	1.413	78.930	51.816	0.339	0.529	0.527	0.333	95.178	3732	2448
95	0.143	27.967	52.095	1.466	27.750	51.858	0.444	0.487	0.537	0.340	135.594	1316	2450
96	0.126	91.883	52.619	1.376	91.694	52.388	0.381	0.487	0.489	0.328	65.446	4342	2475
97	0.127	106.240	53.003	1.336	106.045	52.790	0.381	0.423	0.488	0.331	51.683	5020	2494
98	0.127	118.465	53.168	1.371	118.258	52.959	0.444	0.402	0.497	0.325	137.186	5590	2502
99	0.102	47.536	53.510	1.214	47.308	53.361	0.444	0.318	0.432	0.300	166.989	2240	2521
100	0.135	22.695	53.779	1.448	22.500	53.530	0.381	0.508	0.517	0.333	113.626	1068	2529
101	0.143	67.598	53.829	1.418	67.374	53.615	0.466	0.423	0.507	0.359	145.274	3187	2533
102	0.120	75.686	53.870	1.294	75.523	53.636	0.318	0.466	0.476	0.320	90.598	3573	2534
103	0.131	58.805	53.918	1.406	58.610	53.658	0.381	0.508	0.533	0.313	117.932	2772	2535
104	0.134	45.792	54.202	1.383	45.551	54.017	0.487	0.360	0.516	0.331	164.003	2158	2552
105	0.132	24.731	54.374	1.366	24.511	54.187	0.444	0.381	0.490	0.342	146.437	1161	2560
106	0.120	71.863	55.178	1.286	71.649	54.991	0.423	0.381	0.475	0.321	145.165	3389	2598
107	0.125	111.052	55.465	1.334	110.829	55.266	0.466	0.381	0.484	0.329	151.443	5241	2611
108	0.126	87.045	55.595	1.341	86.847	55.372	0.402	0.423	0.495	0.325	132.039	4107	2616
109	0.132	114.438	55.627	1.388	114.194	55.436	0.487	0.381	0.520	0.323	150.168	5399	2619
110	0.123	38.036	55.727	1.299	37.804	55.562	0.466	0.339	0.471	0.332	12.854	1793	2625
111	0.122	22.130	55.980	1.329	21.908	55.795	0.444	0.381	0.481	0.323	146.668	1040	2636
112	0.129	83.607	56.420	1.408	83.439	56.176	0.339	0.487	0.500	0.329	83.296	3948	2654
113	0.128	85.762	56.533	1.383	85.577	56.282	0.360	0.487	0.516	0.316	67.835	4053	2659
114	0.125	72.660	56.629	1.359	72.496	56.367	0.339	0.508	0.486	0.326	85.412	3430	2663
115	0.126	62.529	56.860	1.371	62.357	56.621	0.339	0.487	0.514	0.312	106.276	2949	2675
116	0.151	81.634	56.878	1.508	81.386	56.663	0.508	0.444	0.500	0.385	18.275	3854	2677
117	0.125	51.796	56.916	1.316	51.583	56.727	0.444	0.381	0.470	0.337	153.731	2441	2680
118	0.126	96.275	57.084	1.329	96.054	56.896	0.444	0.381	0.501	0.320	145.735	4540	2688
119	0.117	75.253	57.223	1.311	75.099	56.981	0.318	0.487	0.486	0.306	102.154	3553	2692
120	0.125	71.665	57.265	1.329	71.480	57.044	0.381	0.444	0.478	0.332	58.424	3387	2695
121	0.129	72.289	57.520	1.364	72.115	57.277	0.360	0.508	0.490	0.335	70.031	3417	2706
122	0.134	83.699	57.791	1.426	83.524	57.531	0.339	0.508	0.518	0.328	82.476	3954	2718
123	0.104	73.388	58.071	1.209	73.216	57.870	0.339	0.402	0.439	0.303	116.432	3461	2734
124	0.112	90.977	58.286	1.316	90.805	58.039	0.318	0.508	0.478	0.300	96.647	4297	2742
125	0.140	74.398	58.257	1.413	74.147	58.060	0.487	0.381	0.524	0.340	29.057	3515	2743
126	0.108	122.168	58.476	1.209	121.962	58.314	0.423	0.318	0.440	0.313	162.364	5765	2755
127	0.125	74.946	58.682	1.311	74.718	58.505	0.466	0.339	0.467	0.341	179.183	3538	2764
128	0.142	13.855	59.011	1.431	13.631	58.801	0.466	0.423	0.538	0.335	142.057	645	2778
129	0.133	33.656	59.020	1.378	33.464	58.801	0.381	0.444	0.492	0.344	57.051	1592	2778
130	0.151	35.203	59.136	1.456	34.925	58.949	0.529	0.360	0.533	0.362	9.288	1661	2785
131	0.124	69.338	59.227	1.353	69.152	58.992	0.360	0.466	0.491	0.321	62.638	3277	2787
132	0.141	73.624	59.332	1.418	73.385	59.140	0.487	0.381	0.515	0.348	155.159	3471	2794
133	0.121	82.047	59.447	1.408	81.894	59.161	0.296	0.550	0.537	0.288	90.755	3876	2795
134	0.122	72.661	59.421	1.316	72.432	59.246	0.444	0.381	0.486	0.320	147.582	3426	2799
135	0.132	43.809	59.595	1.394	43.603	59.351	0.423	0.466	0.508	0.330	128.372	2064	2804
136	0.122	69.069	60.041	1.359	68.898	59.775	0.339	0.508	0.498	0.313	98.105	3263	2824
137	0.137	72.378	60.211	1.429	72.157	59.986	0.444	0.487	0.531	0.327	134.559	3412	2834
138	0.127	11.382	60.568	1.388	11.155	60.367	0.466	0.402	0.517	0.312	36.183	540	2852
139	0.131	37.770	60.724	1.401	37.571	60.473	0.381	0.487	0.511	0.326	63.705	1787	2857
140	0.114	73.195	60.853	1.304	72.962	60.664	0.444	0.381	0.456	0.319	151.557	3456	2866
141	0.131	78.597	61.057	1.413	78.422	60.791	0.339	0.529	0.523	0.320	97.588	3711	2872
142	0.126	70.636	61.208	1.336	70.400	61.045	0.466	0.339	0.487	0.330	16.536	3336	2884
143	0.125	119.429	61.303	1.316	119.190	61.129	0.466	0.360	0.484	0.329	158.885	5637	2888
144	0.128	50.424	61.895	1.371	50.165	61.701	0.487	0.360	0.498	0.328	16.236	2385	2915
145	0.118	24.606	62.174	1.269	24.384	61.997	0.444	0.339	0.453	0.333	166.611	1158	2929
146	0.129	85.024	62.636	1.341	84.857	62.399	0.339	0.487	0.482	0.342	97.335	4014	2948
147	0.118	104.967	62.667	1.299	104.733	62.505	0.487	0.318	0.497	0.302	164.830	4951	2953
148	0.125	28.746	62.892	1.316	28.533	62.696	0.423	0.402	0.497	0.320	138.701	1351	2962
149	0.126	100.307	62.847	1.336	100.076	62.696	0.487	0.318	0.497	0.323	8.451	4734	2962
150	0.129	70.793	63.001	1.388	70.591	62.780	0.423	0.444	0.524	0.315	132.154	3338	2966
151	0.109	82.597	63.114	1.274	82.423	62.886	0.360	0.444	0.467	0.298	116.990	3896	2971
152	0.116	58.823	63.151	1.341	58.674	62.907	0.318	0.508	0.499	0.295	78.270	2778	2972
153	0.123	43.086	63.361	1.353	42.841	63.204	0.487	0.339	0.494	0.317	162.616	2027	2986
154	0.114	67.698	63.622	1.304	67.543	63.373	0.318	0.508	0.487	0.298	86.017	3199	2994
155	0.139	63.079	63.672	1.418	62.823	63.479	0.508	0.381	0.510	0.347	156.209	2975	2999
156	0.112	50.329	63.973	1.269	50.123	63.796	0.423	0.360	0.470	0.303	31.946	2378	3014
157	0.129	12.281	64.241	1.353	12.107	64.008	0.339	0.487	0.483	0.341	79.928	579	3024
158	0.137	70.865	64.188	1.401	70.633	64.008	0.466	0.381	0.498	0.350	25.340	3346	3024
159	0.127	68.996	64.405	1.353	68.770	64.220	0.444	0.381	0.489	0.331	27.947	3259	3034
160	0.127	43.365	64.459	1.359	43.116	64.283	0.508	0.339	0.517	0.312	158.278	2041	3037
161	0.125	11.927	64.668	1.353	11.748	64.431	0.339	0.487	0.492	0.324	84.368	561	3044
162	0.116	62.848	66.028	1.334	62.674	65.765	0.360	0.487	0.485	0.305	113.871	2965	3107
163	0.139	45.466	66.121	1.421	45.212	65.955	0.508	0.339	0.537	0.331	162.573	2137	3116
164	0.100	128.832	66.345	1.209	128.630	66.167	0.402	0.339	0.454	0.280	143.281	6080	3126
165	0.122	64.277	66.603	1.371	64.029	66.442	0.529	0.318	0.510	0.305	175.907	3032	3139
166	0.133	67.882	66.749	1.401	67.670	66.527	0.444	0.423	0.526	0.321	135.488	3201	3143
167	0.130	39.423	66.832	1.376	39.201	66.633	0.466	0.402	0.509	0.326	145.255	1855	3148
168	0.095	129.420	66.879	1.167	129.222	66.717	0.402	0.318	0.402	0.301	160.310	6113	3152
169	0.117	62.497	66.953	1.281	62.315	66.738	0.360	0.423	0.457	0.327	57.752	2955	3153
170	0.117	59.967	67.457	1.299	59.754	67.246	0.402	0.402	0.472	0.317	45.692	2834	3177
171	0.115	64.221	67.968	1.276	64.072	67.733	0.296	0.466	0.478	0.306	87.056	3032	3200
172	0.130	53.711	68.371	1.376	53.488	68.178	0.444	0.402	0.512	0.323	144.718	2529	3221
173	0.149	127.584	68.588	1.521	127.360	68.326	0.444	0.508	0.538	0.352	124.500	6028	3228
174	0.111	61.280	68.755	1.269	61.108	68.538	0.339	0.444	0.458	0.309	114.319	2890	3238
175	0.125	105.274	68.823	1.359	105.050	68.601	0.423	0.423	0.486	0.329	40.993	4978	3241
176	0.126	66.588	69.078	1.341	66.400	68.855	0.381	0.444	0.482	0.334	57.952	3147	3253
177	0.132	41.827	69.174	1.436	41.614	68.940	0.423	0.466	0.518	0.324	55.445	1979	3257
178	0.117	124.853	69.398	1.316	124.629	69.215	0.444	0.381	0.463	0.323	151.883	5894	3270
179	0.108	65.192	69.582	1.279	64.960	69.427	0.487	0.318	0.467	0.296	4.091	3079	3280
180	0.119	34.458	70.334	1.311	34.290	70.104	0.339	0.466	0.478	0.317	114.272	1624	3312
181	0.117	67.639	70.560	1.274	67.416	70.379	0.444	0.360	0.476	0.313	148.281	3189	3325
182	0.143	130.515	70.644	1.531	130.281	70.422	0.466	0.444	0.487	0.374	40.621	6165	3327
183	0.116	61.354	70.795	1.281	61.193	70.570	0.339	0.444	0.476	0.311	115.392	2892	3334
184	0.106	68.235	71.339	1.269	68.072	71.120	0.339	0.444	0.486	0.277	119.077	3218	3360
185	0.123	93.045	71.610	1.341	92.795	71.459	0.508	0.318	0.504	0.311	6.583	4391	3376
186	0.121	43.761	71.732	1.311	43.540	71.564	0.466	0.339	0.486	0.317	159.796	2059	3381
187	0.111	92.037	71.775	1.269	91.800	71.628	0.487	0.296	0.472	0.300	175.424	4343	3384
188	0.114	58.461	72.862	1.336	58.293	72.623	0.318	0.487	0.509	0.286	106.090	2757	3431
189	0.118	64.776	73.420	1.311	64.537	73.258	0.487	0.318	0.473	0.317	176.309	3056	3461
190	0.131	45.111	73.749	1.401	44.894	73.533	0.444	0.423	0.540	0.310	137.681	2124	3474
191	0.133	50.926	73.789	1.394	50.736	73.533	0.402	0.487	0.517	0.328	125.632	2400	3474
192	0.106	123.213	73.829	1.223	123.063	73.639	0.318	0.381	0.413	0.326	89.892	5817	3479
193	0.138	43.347	74.656	1.413	43.095	74.486	0.529	0.339	0.530	0.331	176.009	2042	3519
194	0.112	123.214	74.757	1.294	123.042	74.528	0.339	0.444	0.439	0.326	68.473	5824	3521
195	0.124	25.313	74.859	1.341	25.125	74.634	0.381	0.444	0.482	0.328	115.644	1191	3526
196	0.138	66.254	75.253	1.461	66.061	74.994	0.381	0.529	0.548	0.321	115.313	3126	3543
197	0.110	63.568	76.767	1.316	63.415	76.518	0.318	0.487	0.482	0.290	103.845	2999	3615
198	0.118	28.011	76.944	1.316	27.813	76.750	0.423	0.402	0.474	0.316	36.076	1325	3626
199	0.115	98.679	77.078	1.316	98.510	76.835	0.339	0.487	0.485	0.301	74.637	4663	3630
200	0.109	103.973	77.100	1.299	103.822	76.835	0.296	0.508	0.487	0.285	98.454	4910	3630
201	0.127	73.575	77.923	1.341	73.342	77.724	0.444	0.381	0.491	0.329	32.668	3477	3672
202	0.115	93.839	77.982	1.274	93.599	77.809	0.444	0.360	0.448	0.326	13.829	4434	3676
203	0.132	58.216	78.182	1.383	57.976	77.999	0.487	0.360	0.493	0.341	157.612	2743	3685
204	0.141	46.116	78.279	1.443	45.910	78.042	0.444	0.444	0.528	0.339	136.987	2170	3687
205	0.106	68.113	78.363	1.294	67.882	78.232	0.487	0.275	0.498	0.271	11.510	3214	3696
206	0.103	56.485	78.724	1.234	56.324	78.528	0.339	0.402	0.456	0.288	60.008	2667	3710
207	0.113	97.479	79.004	1.323	97.324	78.761	0.296	0.508	0.510	0.282	99.321	4602	3721
208	0.121	110.752	79.552	1.304	110.532	79.375	0.466	0.360	0.485	0.319	27.112	5231	3750
209	0.122	105.634	80.362	1.336	105.474	80.137	0.339	0.466	0.507	0.307	66.529	4990	3786
210	0.115	60.808	80.595	1.299	60.600	80.391	0.402	0.402	0.483	0.304	46.751	2873	3798
211	0.120	37.406	80.753	1.311	37.232	80.518	0.339	0.466	0.501	0.304	114.780	1763	3804
212	0.120	61.871	81.640	1.323	61.701	81.407	0.339	0.466	0.478	0.320	70.810	2923	3846
213	0.129	97.514	81.586	1.353	97.282	81.407	0.466	0.360	0.497	0.331	154.106	4598	3846
214	0.114	61.143	81.836	1.323	60.960	81.619	0.360	0.444	0.496	0.292	58.565	2889	3856
215	0.115	19.336	82.046	1.286	19.177	81.809	0.318	0.487	0.471	0.310	76.354	915	3865
216	0.120	115.221	82.256	1.329	115.062	82.021	0.339	0.487	0.494	0.308	70.546	5443	3875
217	0.120	125.574	82.469	1.316	125.349	82.296	0.487	0.339	0.470	0.324	12.748	5931	3888
218	0.119	100.304	82.756	1.341	100.055	82.592	0.487	0.339	0.493	0.308	155.938	4729	3902
219	0.126	97.930	82.957	1.341	97.769	82.719	0.339	0.487	0.497	0.323	73.525	4626	3908
220	0.109	31.418	83.066	1.256	31.242	82.846	0.360	0.423	0.468	0.296	123.469	1481	3914
221	0.120	36.766	83.144	1.311	36.597	82.910	0.339	0.466	0.503	0.303	114.271	1732	3917
222	0.127	107.715	83.156	1.388	107.506	82.931	0.423	0.444	0.513	0.315	135.499	5081	3918
223	0.129	63.315	84.751	1.408	63.161	84.497	0.318	0.529	0.535	0.308	97.289	2988	3992
224	0.119	45.475	86.092	1.281	45.297	85.873	0.360	0.423	0.458	0.332	62.953	2147	4057
225	0.132	12.681	86.424	1.376	12.488	86.170	0.381	0.487	0.513	0.328	118.425	595	4071
226	0.134	105.661	86.575	1.401	105.495	86.318	0.339	0.529	0.517	0.330	88.719	4990	4078
227	0.126	48.985	86.633	1.371	48.810	86.381	0.339	0.487	0.498	0.323	105.740	2312	4081
228	0.128	25.790	87.365	1.394	25.569	87.164	0.423	0.423	0.497	0.328	132.160	1210	4118
229	0.129	69.473	87.506	1.396	69.300	87.249	0.318	0.529	0.537	0.307	95.480	3279	4122
230	0.127	80.024	87.817	1.376	79.820	87.588	0.402	0.466	0.506	0.320	54.643	3782	4138
231	0.126	128.227	88.509	1.446	128.037	88.244	0.381	0.550	0.487	0.329	76.132	6058	4169
232	0.128	77.178	88.532	1.353	76.983	88.307	0.381	0.444	0.501	0.326	57.155	3647	4172
233	0.109	62.945	88.964	1.226	62.738	88.794	0.402	0.360	0.439	0.316	147.040	2967	4195
234	0.127	107.281	89.591	1.346	107.061	89.387	0.444	0.402	0.498	0.324	142.183	5062	4223
235	0.135	58.079	90.352	1.401	57.891	90.106	0.381	0.487	0.533	0.322	118.489	2737	4257
236	0.125	60.116	90.519	1.329	59.902	90.318	0.423	0.402	0.488	0.325	42.847	2840	4267
237	0.133	110.574	90.593	1.406	110.384	90.360	0.381	0.487	0.504	0.336	110.678	5219	4269
238	0.136	69.366	90.953	1.424	69.152	90.742	0.444	0.423	0.505	0.343	143.165	3270	4287
239	0.138	65.334	91.330	1.396	65.109	91.144	0.466	0.381	0.501	0.351	151.195	3077	4306
240	0.112	66.856	91.444	1.281	66.696	91.207	0.318	0.466	0.498	0.285	112.001	3153	4309
241	0.136	77.987	91.433	1.426	77.724	91.271	0.529	0.339	0.511	0.338	10.719	3681	4312
242	0.110	103.146	91.772	1.281	102.912	91.609	0.466	0.318	0.486	0.289	23.480	4873	4328
243	0.126	51.074	92.427	1.341	50.864	92.223	0.423	0.402	0.491	0.328	141.025	2407	4357
244	0.121	99.041	92.492	1.316	98.827	92.287	0.423	0.402	0.499	0.308	43.620	4679	4360
245	0.105	32.905	93.217	1.202	32.702	93.049	0.402	0.339	0.404	0.331	162.358	1551	4396
246	0.129	72.382	93.286	1.341	72.136	93.112	0.487	0.339	0.484	0.338	179.617	3417	4399
247	0.142	81.200	93.708	1.443	80.984	93.472	0.423	0.466	0.537	0.335	49.088	3840	4416
248	0.121	105.252	94.054	1.323	105.029	93.874	0.444	0.360	0.476	0.322	163.053	4969	4435
249	0.117	114.208	94.426	1.311	114.046	94.192	0.339	0.466	0.489	0.306	110.735	5391	4450
250	0.136	46.476	95.576	1.406	46.249	95.356	0.466	0.423	0.512	0.337	142.069	2190	4505
251	0.127	90.326	95.668	1.353	90.170	95.419	0.318	0.508	0.515	0.315	75.589	4267	4508
252	0.131	26.799	95.700	1.359	26.585	95.483	0.423	0.423	0.502	0.333	132.353	1260	4511
253	0.045	14.138	95.881	0.830	14.012	95.758	0.275	0.233	0.249	0.231	23.785	664	4524
254	0.116	34.308	95.986	1.291	34.100	95.779	0.402	0.423	0.474	0.310	135.412	1616	4525
255	0.106	70.517	96.220	1.214	70.358	95.991	0.318	0.444	0.447	0.303	108.924	3329	4535
256	0.129	105.939	96.262	1.359	105.728	96.054	0.423	0.423	0.505	0.325	132.833	4998	4538
257	0.117	100.805	97.402	1.274	100.605	97.197	0.402	0.402	0.485	0.308	134.857	4756	4592
258	0.122	19.231	97.544	1.329	19.029	97.324	0.402	0.423	0.488	0.318	49.122	910	4598
259	0.127	95.483	97.911	1.353	95.314	97.663	0.339	0.487	0.500	0.324	81.161	4510	4614
260	0.124	115.092	98.058	1.341	114.829	97.896	0.487	0.339	0.486	0.324	158.635	5430	4625
261	0.104	56.797	98.134	1.256	56.621	97.938	0.360	0.402	0.452	0.293	125.842	2676	4627
262	0.123	27.807	98.608	1.336	27.644	98.362	0.318	0.487	0.486	0.322	87.535	1313	4647
263	0.127	63.286	98.994	1.491	63.077	98.764	0.402	0.508	0.538	0.301	126.465	2981	4666
264	0.117	72.698	99.495	1.291	72.454	99.314	0.466	0.360	0.446	0.334	162.282	3432	4692
265	0.128	53.912	99.891	1.383	53.721	99.653	0.381	0.466	0.512	0.317	117.468	2542	4708
266	0.116	64.206	100.452	1.316	64.008	100.245	0.423	0.402	0.476	0.310	143.933	3026	4736
267	0.125	18.994	100.593	1.369	18.796	100.351	0.402	0.466	0.480	0.333	120.604	893	4741
268	0.134	98.904	100.650	1.408	98.742	100.394	0.318	0.529	0.527	0.325	84.849	4671	4743
269	0.118	83.357	100.902	1.353	83.206	100.626	0.318	0.508	0.484	0.311	94.967	3935	4754
270	0.114	34.573	100.973	1.311	34.417	100.732	0.318	0.487	0.498	0.292	107.155	1630	4759
271	0.133	104.974	101.698	1.413	104.775	101.473	0.402	0.466	0.526	0.322	125.533	4951	4794
272	0.128	35.371	102.657	1.388	35.158	102.426	0.402	0.466	0.515	0.317	126.994	1666	4839
273	0.131	66.790	102.711	1.473	66.612	102.468	0.381	0.466	0.509	0.328	119.415	3150	4841
274	0.111	96.149	102.671	1.269	95.948	102.468	0.381	0.402	0.468	0.301	131.501	4538	4841
275	0.117	77.768	102.893	1.323	77.597	102.658	0.318	0.487	0.496	0.300	109.546	3671	4850
276	0.137	115.608	103.047	1.436	115.401	102.785	0.402	0.508	0.527	0.331	63.522	5463	4856
277	0.110	47.208	104.248	1.256	46.990	104.076	0.444	0.339	0.448	0.312	18.536	2231	4917
278	0.112	91.655	106.482	1.274	91.461	106.257	0.360	0.444	0.448	0.319	67.431	4329	5020
279	0.141	18.896	106.950	1.456	18.711	106.701	0.360	0.508	0.527	0.341	76.779	891	5041
280	0.107	70.502	106.897	1.226	70.294	106.701	0.381	0.381	0.445	0.306	46.744	3330	5041
281	0.114	82.791	107.888	1.323	82.614	107.675	0.381	0.423	0.494	0.293	125.670	3905	5087
282	0.122	64.106	108.279	1.366	63.944	108.035	0.318	0.487	0.501	0.310	90.167	3026	5104
283	0.091	88.225	108.431	1.124	88.074	108.246	0.318	0.381	0.408	0.282	61.094	4168	5114
284	0.121	80.229	109.727	1.329	80.031	109.495	0.381	0.444	0.495	0.310	57.612	3792	5173
285	0.111	92.109	110.940	1.281	91.948	110.702	0.318	0.466	0.495	0.286	111.283	4348	5230
286	0.131	24.011	111.036	1.378	23.855	110.786	0.318	0.508	0.513	0.326	91.038	1131	5234
287	0.119	62.570	112.613	1.304	62.399	112.395	0.360	0.466	0.485	0.312	62.051	2956	5310
288	0.115	66.578	112.941	1.323	66.421	112.691	0.318	0.487	0.480	0.305	83.132	3146	5324
289	0.137	37.058	113.000	1.401	36.830	112.797	0.466	0.402	0.507	0.344	33.814	1752	5329
290	0.143	59.891	113.328	1.456	59.690	113.115	0.402	0.466	0.468	0.390	75.697	2830	5344
291	0.108	40.761	114.351	1.244	40.598	114.110	0.318	0.466	0.464	0.295	72.916	1926	5391
292	0.132	29.971	114.653	1.388	29.718	114.448	0.466	0.402	0.507	0.332	33.145	1416	5407
293	0.129	54.301	115.028	1.329	54.081	114.850	0.466	0.360	0.460	0.356	0.474	2562	5426
294	0.115	97.004	115.356	1.274	96.774	115.189	0.466	0.339	0.459	0.319	174.991	4579	5442
295	0.118	111.633	115.521	1.299	111.464	115.295	0.339	0.466	0.476	0.317	66.224	5275	5447
296	0.120	41.444	116.541	1.299	41.233	116.353	0.423	0.381	0.486	0.314	38.492	1958	5497
297	0.109	127.425	116.597	1.299	127.275	116.374	0.318	0.466	0.460	0.301	77.843	6018	5498
298	0.117	38.834	116.817	1.286	38.608	116.650	0.466	0.339	0.458	0.326	166.929	1830	5511
299	0.119	46.070	117.725	1.304	45.847	117.517	0.423	0.402	0.488	0.311	41.049	2178	5552
300	0.139	107.506	118.210	1.436	107.315	117.941	0.381	0.529	0.541	0.327	113.465	5075	5572
301	0.126	53.198	118.567	1.323	53.022	118.343	0.360	0.444	0.482	0.332	64.695	2512	5591
302	0.118	59.819	118.870	1.346	59.605	118.660	0.423	0.423	0.494	0.303	135.543	2817	5606
303	0.121	70.628	118.955	1.329	70.464	118.724	0.339	0.487	0.487	0.316	69.471	3339	5609
304	0.138	128.580	120.090	1.401	128.334	119.909	0.508	0.360	0.519	0.340	162.186	6067	5665
305	0.125	74.581	120.352	1.336	74.422	120.100	0.318	0.487	0.506	0.315	103.494	3521	5674
306	0.126	25.081	120.397	1.359	24.829	120.227	0.508	0.339	0.503	0.320	164.284	1178	5680
307	0.143	20.411	121.300	1.436	20.172	121.073	0.466	0.444	0.523	0.349	138.236	959	5720
308	0.133	23.173	121.776	1.413	22.924	121.602	0.487	0.360	0.491	0.344	176.768	1094	5745
309	0.132	58.731	121.957	1.431	58.568	121.666	0.339	0.550	0.539	0.312	104.898	2772	5748
310	0.130	21.455	122.112	1.401	21.230	121.920	0.466	0.402	0.513	0.323	37.573	1015	5760
311	0.125	22.332	122.610	1.341	22.140	122.407	0.402	0.402	0.474	0.337	137.293	1047	5783
312	0.125	79.706	122.613	1.353	79.438	122.449	0.508	0.318	0.501	0.317	5.824	3763	5785
313	0.126	49.985	124.584	1.329	49.784	124.375	0.402	0.423	0.485	0.330	135.200	2355	5876
314	0.113	45.445	125.293	1.323	45.276	125.074	0.360	0.444	0.480	0.301	117.952	2142	5909
315	0.126	49.979	125.367	1.383	49.826	125.095	0.318	0.529	0.527	0.305	82.164	2362	5910
316	0.053	23.759	125.823	0.955	23.622	125.666	0.318	0.275	0.291	0.232	25.517	1123	5937
317	0.130	77.572	128.524	1.388	77.406	128.249	0.339	0.529	0.533	0.312	110.373	3662	6059
318	0.120	68.926	129.018	1.323	68.770	128.778	0.318	0.487	0.497	0.308	98.118	3253	6084
319	0.121	67.468	129.239	1.311	67.310	128.990	0.318	0.487	0.484	0.317	91.488	3184	6094
320	0.140	52.000	129.819	1.461	51.816	129.561	0.360	0.529	0.540	0.330	74.538	2456	6121
321	0.117	120.391	130.444	1.426	120.227	130.196	0.318	0.487	0.479	0.311	99.398	5685	6151
