 	Area	X	Y	Perim.	BX	BY	Width	Height	Major	Minor	Angle	XStart	YStart
1	0.237	30.091	3.411	1.822	29.803	3.133	0.550	0.550	0.551	0.549	95.593	1421	148
2	0.049	32.074	4.267	0.810	31.940	4.128	0.254	0.275	0.265	0.237	115.409	1514	195
3	0.125	67.447	18.789	1.364	67.225	18.584	0.444	0.402	0.473	0.338	39.784	3188	878
4	0.146	64.559	19.758	1.540	64.368	19.494	0.381	0.550	0.558	0.333	73.868	3049	921
5	0.134	73.190	20.333	1.399	72.940	20.130	0.487	0.423	0.510	0.335	32.646	3459	951
6	0.121	58.835	22.741	1.329	58.674	22.500	0.339	0.487	0.489	0.314	109.475	2775	1063
7	0.143	28.944	23.269	1.508	28.702	23.029	0.487	0.444	0.522	0.349	32.891	1367	1088
8	0.120	105.645	31.248	1.341	105.452	31.030	0.423	0.402	0.485	0.314	138.968	4983	1466
9	0.134	72.032	31.510	1.396	71.797	31.327	0.466	0.360	0.481	0.356	15.138	3402	1480
10	0.143	67.172	31.723	1.413	66.929	31.538	0.487	0.381	0.489	0.374	14.189	3171	1490
11	0.119	81.217	31.951	1.269	80.984	31.792	0.466	0.318	0.469	0.322	178.380	3834	1502
12	0.134	97.525	33.556	1.424	97.261	33.359	0.508	0.402	0.520	0.329	148.174	4600	1576
13	0.112	94.028	33.799	1.256	93.832	33.592	0.381	0.402	0.453	0.315	130.208	4438	1587
14	0.127	69.644	35.195	1.353	69.427	34.988	0.423	0.402	0.489	0.330	40.251	3291	1653
15	0.125	63.912	35.817	1.346	63.690	35.624	0.466	0.381	0.507	0.314	149.869	3012	1683
16	0.123	51.655	36.790	1.316	51.456	36.576	0.402	0.423	0.483	0.324	131.876	2435	1728
17	0.101	87.655	36.904	1.329	87.482	36.661	0.360	0.466	0.449	0.286	95.909	4140	1732
18	0.134	73.971	36.990	1.401	73.808	36.724	0.339	0.529	0.519	0.329	81.596	3494	1735
19	0.043	33.562	37.090	0.775	33.422	36.978	0.275	0.212	0.298	0.182	28.204	1586	1747
20	0.117	109.618	37.324	1.334	109.410	37.105	0.402	0.444	0.495	0.302	126.519	5172	1753
21	0.123	107.710	37.527	1.334	107.484	37.317	0.444	0.402	0.488	0.322	145.533	5083	1763
22	0.131	33.993	37.725	1.364	33.761	37.528	0.466	0.402	0.506	0.329	145.038	1599	1773
23	0.127	85.409	37.845	1.366	85.154	37.698	0.508	0.318	0.498	0.326	177.319	4029	1781
24	0.127	96.652	37.929	1.388	96.414	37.719	0.466	0.402	0.509	0.318	35.358	4570	1782
25	0.126	79.375	38.210	1.364	79.142	38.015	0.466	0.402	0.505	0.319	140.688	3742	1796
26	0.116	41.373	38.462	1.291	41.169	38.248	0.381	0.444	0.465	0.318	126.690	1951	1807
27	0.144	93.772	40.350	1.473	93.536	40.132	0.487	0.423	0.543	0.337	144.909	4424	1896
28	0.125	32.265	40.665	1.359	32.068	40.428	0.381	0.466	0.490	0.324	58.818	1527	1910
29	0.118	75.120	41.256	1.286	74.930	41.042	0.381	0.423	0.484	0.310	128.496	3543	1939
30	0.133	73.554	41.907	1.468	73.300	41.741	0.508	0.339	0.521	0.325	13.222	3468	1972
31	0.146	62.319	42.159	1.450	62.061	41.995	0.529	0.339	0.544	0.341	175.199	2937	1984
32	0.112	78.752	43.446	1.261	78.528	43.265	0.444	0.360	0.453	0.316	26.143	3722	2044
33	0.128	34.149	45.013	1.359	33.930	44.810	0.444	0.402	0.492	0.332	35.005	1615	2117
34	0.109	16.364	45.212	1.251	16.192	45.000	0.339	0.423	0.476	0.291	120.540	767	2126
35	0.133	115.245	45.266	1.378	115.083	45.022	0.339	0.487	0.511	0.330	76.356	5442	2127
36	0.131	30.350	45.725	1.364	30.120	45.530	0.466	0.402	0.505	0.330	141.605	1426	2151
37	0.097	80.303	45.794	1.124	80.116	45.635	0.381	0.318	0.392	0.315	163.213	3789	2156
38	0.126	105.343	45.961	1.364	105.114	45.762	0.444	0.423	0.507	0.317	144.608	4971	2162
39	0.067	42.863	46.477	0.980	42.693	46.334	0.339	0.275	0.364	0.234	21.668	2026	2189
40	0.116	81.231	47.267	1.306	81.090	47.032	0.296	0.487	0.489	0.302	92.896	3834	2222
41	0.109	82.397	47.426	1.256	82.169	47.244	0.444	0.339	0.462	0.301	22.201	3894	2232
42	0.121	87.246	48.504	1.336	87.080	48.260	0.318	0.487	0.503	0.305	82.072	4121	2280
43	0.129	48.999	48.577	1.385	48.853	48.324	0.296	0.508	0.532	0.310	85.745	2312	2283
44	0.131	23.953	48.574	1.408	23.707	48.408	0.487	0.339	0.510	0.327	166.763	1125	2287
45	0.124	36.459	48.910	1.323	36.216	48.747	0.487	0.318	0.496	0.319	0.629	1720	2303
46	0.127	79.573	49.413	1.431	79.417	49.149	0.318	0.550	0.532	0.304	89.896	3758	2322
47	0.140	87.402	49.753	1.424	87.164	49.530	0.466	0.444	0.515	0.346	143.142	4123	2340
48	0.116	87.797	50.327	1.286	87.630	50.102	0.339	0.466	0.447	0.331	88.686	4146	2367
49	0.121	103.128	51.567	1.371	102.870	51.414	0.508	0.318	0.516	0.298	11.485	4871	2429
50	0.120	108.210	52.268	1.376	108.035	52.028	0.360	0.508	0.511	0.299	71.097	5112	2458
51	0.102	88.884	52.384	1.184	88.710	52.197	0.360	0.381	0.432	0.301	49.360	4200	2466
52	0.133	80.744	53.086	1.359	80.518	52.896	0.466	0.381	0.497	0.340	26.730	3814	2499
53	0.117	116.484	53.263	1.341	116.332	53.022	0.318	0.487	0.494	0.301	97.466	5500	2505
54	0.126	58.220	53.487	1.424	58.039	53.255	0.402	0.466	0.473	0.340	64.518	2750	2516
55	0.128	86.401	55.166	1.413	86.233	54.906	0.318	0.508	0.517	0.315	95.937	4080	2594
56	0.137	101.316	55.360	1.383	101.071	55.182	0.487	0.360	0.498	0.350	11.545	4785	2607
57	0.125	18.317	55.681	1.323	18.098	55.499	0.444	0.360	0.462	0.345	169.628	862	2622
58	0.128	50.880	56.503	1.376	50.694	56.261	0.381	0.487	0.540	0.302	122.900	2397	2658
59	0.112	43.098	57.504	1.274	42.926	57.277	0.339	0.466	0.466	0.305	111.109	2031	2706
60	0.127	98.269	57.692	1.408	98.002	57.510	0.487	0.360	0.473	0.343	12.233	4644	2717
61	0.113	68.776	58.544	1.329	68.538	58.399	0.508	0.318	0.510	0.283	13.009	3249	2759
62	0.116	41.123	59.082	1.304	40.915	58.886	0.423	0.381	0.473	0.311	143.065	1938	2782
63	0.126	105.707	60.294	1.316	105.516	60.071	0.381	0.444	0.469	0.342	64.323	4993	2838
64	0.113	27.651	62.719	1.326	27.474	62.463	0.360	0.487	0.488	0.294	114.645	1304	2951
65	0.126	91.033	63.013	1.371	90.847	62.780	0.381	0.466	0.519	0.310	121.198	4295	2966
66	0.124	42.579	63.679	1.323	42.354	63.500	0.444	0.360	0.483	0.326	25.858	2011	3000
67	0.139	62.328	64.457	1.450	62.166	64.198	0.339	0.508	0.535	0.332	98.474	2941	3033
68	0.130	113.320	64.629	1.406	113.136	64.368	0.402	0.487	0.535	0.310	122.873	5348	3041
69	0.122	75.881	65.022	1.311	75.713	64.791	0.339	0.466	0.485	0.321	72.623	3583	3061
70	0.128	27.112	66.758	1.371	26.924	66.527	0.381	0.466	0.504	0.322	60.042	1282	3143
71	0.127	39.989	66.851	1.376	39.793	66.612	0.381	0.466	0.492	0.330	62.883	1891	3147
72	0.115	66.774	67.154	1.299	66.612	66.908	0.318	0.487	0.476	0.307	89.961	3153	3161
73	0.097	95.559	67.438	1.244	95.356	67.246	0.402	0.381	0.473	0.260	138.756	4508	3177
74	0.126	77.078	68.088	1.364	76.856	67.882	0.444	0.423	0.508	0.315	42.843	3642	3207
75	0.115	74.886	68.880	1.269	74.676	68.707	0.423	0.360	0.450	0.325	23.763	3537	3246
76	0.105	50.888	69.335	1.196	50.673	69.173	0.423	0.318	0.424	0.316	171.672	2400	3268
77	0.130	56.252	69.392	1.364	56.007	69.215	0.508	0.360	0.513	0.323	157.421	2650	3270
78	0.098	107.327	69.696	1.184	107.146	69.511	0.360	0.381	0.429	0.290	51.502	5071	3284
79	0.122	95.961	70.234	1.371	95.694	70.083	0.529	0.318	0.524	0.296	3.380	4534	3311
80	0.119	73.925	70.672	1.291	73.724	70.464	0.402	0.423	0.492	0.308	132.538	3486	3329
81	0.105	71.763	70.666	1.256	71.543	70.527	0.466	0.296	0.460	0.291	8.505	3386	3332
82	0.115	114.196	70.785	1.286	114.025	70.548	0.339	0.466	0.482	0.304	110.981	5392	3333
83	0.125	83.896	71.956	1.346	83.651	71.776	0.487	0.360	0.498	0.321	158.082	3957	3391
84	0.116	73.518	73.079	1.323	73.364	72.834	0.318	0.487	0.501	0.295	75.490	3473	3441
85	0.124	80.934	73.357	1.371	80.666	73.194	0.508	0.339	0.504	0.314	18.880	3823	3458
86	0.130	70.690	73.982	1.359	70.443	73.808	0.487	0.360	0.484	0.342	10.215	3340	3487
87	0.103	39.338	74.212	1.196	39.180	73.999	0.318	0.423	0.424	0.309	83.878	1857	3496
88	0.112	80.597	75.310	1.269	80.370	75.142	0.444	0.339	0.440	0.324	162.339	3802	3550
89	0.122	98.609	75.500	1.346	98.425	75.248	0.381	0.466	0.499	0.312	128.150	4654	3555
90	0.103	110.091	76.595	1.209	109.876	76.433	0.423	0.318	0.449	0.291	22.415	5202	3611
91	0.130	87.620	77.197	1.376	87.376	77.004	0.487	0.381	0.514	0.322	30.054	4141	3638
92	0.129	68.570	77.499	1.366	68.411	77.237	0.318	0.508	0.515	0.319	91.282	3238	3649
93	0.112	89.239	78.783	1.261	89.048	78.571	0.402	0.402	0.468	0.306	133.866	4211	3712
94	0.130	37.060	79.142	1.491	36.894	78.888	0.381	0.508	0.487	0.341	97.307	1748	3727
95	0.109	37.269	80.635	1.226	37.063	80.476	0.444	0.318	0.438	0.316	168.626	1755	3802
96	0.129	96.437	80.878	1.371	96.181	80.708	0.508	0.339	0.513	0.319	162.032	4549	3813
97	0.127	26.987	80.899	1.341	26.734	80.730	0.487	0.339	0.495	0.327	164.366	1269	3814
98	0.126	85.496	80.884	1.371	85.238	80.730	0.508	0.318	0.504	0.318	0.086	4033	3814
99	0.137	14.202	81.947	1.473	13.949	81.746	0.508	0.381	0.529	0.329	156.323	661	3862
100	0.056	17.077	82.528	0.930	16.912	82.381	0.339	0.275	0.344	0.208	151.336	802	3892
101	0.125	90.715	82.548	1.341	90.488	82.381	0.466	0.360	0.491	0.323	158.145	4276	3892
102	0.099	113.429	83.071	1.177	113.242	82.889	0.402	0.360	0.437	0.289	141.534	5353	3916
103	0.119	23.812	84.006	1.323	23.643	83.778	0.339	0.466	0.476	0.319	67.855	1130	3958
104	0.140	119.943	85.323	1.436	119.719	85.090	0.444	0.466	0.522	0.342	50.056	5668	4020
105	0.110	12.885	86.005	1.251	12.721	85.810	0.360	0.402	0.446	0.315	55.946	607	4054
106	0.117	91.609	86.038	1.269	91.398	85.873	0.444	0.339	0.455	0.328	163.540	4321	4057
107	0.131	29.511	87.040	1.383	29.337	86.783	0.339	0.508	0.513	0.326	79.175	1394	4100
108	0.125	101.364	87.037	1.359	101.177	86.804	0.360	0.487	0.494	0.323	69.687	4787	4101
109	0.138	80.122	87.617	1.431	79.925	87.376	0.402	0.487	0.536	0.327	118.722	3778	4128
110	0.131	115.040	88.447	1.381	114.808	88.244	0.466	0.423	0.486	0.343	143.357	5430	4169
111	0.109	16.713	88.650	1.251	16.552	88.434	0.318	0.444	0.471	0.295	110.293	785	4178
112	0.129	118.629	89.983	1.376	118.428	89.747	0.381	0.487	0.506	0.325	117.024	5600	4240
113	0.130	40.190	90.730	1.364	40.005	90.488	0.402	0.466	0.500	0.331	126.757	1893	4275
114	0.119	19.578	90.759	1.316	19.368	90.551	0.402	0.423	0.479	0.315	50.631	925	4278
115	0.127	51.579	91.266	1.341	51.350	91.080	0.466	0.360	0.489	0.330	160.756	2431	4303
116	0.138	41.334	92.651	1.418	41.084	92.456	0.508	0.381	0.527	0.333	19.586	1955	4368
117	0.120	30.249	93.012	1.311	30.036	92.816	0.423	0.381	0.485	0.315	34.366	1431	4385
118	0.117	102.557	93.294	1.299	102.341	93.091	0.423	0.381	0.462	0.322	40.771	4846	4398
119	0.134	83.395	93.904	1.396	83.227	93.662	0.360	0.487	0.514	0.331	106.090	3934	4425
120	0.131	116.337	94.331	1.341	116.099	94.149	0.466	0.360	0.474	0.351	171.445	5494	4448
121	0.111	57.819	94.659	1.311	57.658	94.424	0.318	0.466	0.499	0.282	110.521	2726	4461
122	0.112	103.160	95.280	1.281	102.934	95.123	0.444	0.318	0.455	0.313	176.131	4866	4494
123	0.118	105.532	95.386	1.269	105.325	95.208	0.423	0.360	0.459	0.327	27.175	4985	4498
124	0.111	62.149	95.880	1.232	61.955	95.694	0.402	0.381	0.434	0.326	140.788	2930	4521
125	0.154	107.716	97.259	1.503	107.506	97.007	0.423	0.508	0.566	0.346	120.122	5083	4583
126	0.144	42.174	97.889	1.426	41.910	97.726	0.529	0.339	0.539	0.341	2.987	1987	4617
127	0.117	116.136	97.947	1.304	115.951	97.726	0.381	0.444	0.485	0.308	127.319	5481	4617
128	0.127	62.346	98.308	1.346	62.124	98.108	0.444	0.402	0.483	0.335	30.440	2949	4635
129	0.125	10.451	98.373	1.341	10.287	98.129	0.339	0.487	0.479	0.333	93.719	493	4636
130	0.123	82.797	98.531	1.346	82.592	98.319	0.423	0.423	0.504	0.310	135.951	3905	4645
131	0.100	37.375	98.593	1.191	37.169	98.446	0.423	0.296	0.441	0.290	15.319	1764	4651
132	0.078	7.160	98.723	1.069	7.006	98.552	0.318	0.339	0.322	0.308	114.752	335	4656
133	0.105	101.858	98.836	1.214	101.664	98.658	0.381	0.381	0.455	0.294	135.695	4805	4661
134	0.118	37.700	98.957	1.311	37.550	98.700	0.318	0.487	0.499	0.301	107.451	1778	4663
135	0.114	62.355	101.676	1.304	62.188	101.452	0.339	0.466	0.459	0.316	101.600	2943	4793
136	0.123	60.102	101.842	1.351	59.880	101.621	0.444	0.423	0.508	0.308	43.153	2842	4801
137	0.128	73.879	103.024	1.323	73.639	102.849	0.466	0.339	0.471	0.345	1.893	3487	4859
138	0.123	106.105	103.510	1.359	105.918	103.251	0.360	0.487	0.518	0.302	64.773	5014	4878
139	0.122	37.095	104.977	1.323	36.851	104.817	0.487	0.318	0.488	0.319	176.927	1747	4952
140	0.108	114.707	105.660	1.346	114.512	105.452	0.423	0.423	0.485	0.282	133.301	5412	4982
141	0.133	30.252	105.723	1.396	30.099	105.474	0.318	0.529	0.536	0.316	79.676	1427	4983
142	0.122	84.402	106.403	1.323	84.159	106.257	0.487	0.318	0.495	0.313	4.588	3982	5020
143	0.113	96.047	106.715	1.261	95.843	106.511	0.402	0.402	0.469	0.306	45.003	4539	5032
144	0.106	36.785	107.431	1.239	36.555	107.273	0.444	0.296	0.460	0.293	0.468	1736	5068
145	0.113	79.934	107.658	1.279	79.735	107.442	0.381	0.444	0.477	0.302	126.037	3774	5076
146	0.119	108.739	107.876	1.299	108.564	107.633	0.339	0.466	0.484	0.313	67.643	5138	5085
147	0.128	99.519	108.570	1.348	99.356	108.331	0.318	0.487	0.506	0.321	93.037	4698	5118
148	0.134	104.120	109.652	1.486	103.950	109.389	0.339	0.550	0.532	0.322	107.523	4916	5168
149	0.129	74.052	109.794	1.346	73.850	109.580	0.423	0.423	0.517	0.317	133.919	3491	5177
150	0.128	58.332	109.883	1.366	58.060	109.728	0.508	0.318	0.506	0.323	176.227	2750	5184
151	0.125	56.146	110.950	1.364	55.922	110.744	0.466	0.402	0.525	0.304	140.498	2645	5232
152	0.128	44.623	112.405	1.388	44.344	112.247	0.529	0.339	0.526	0.310	10.738	2107	5303
153	0.131	42.041	114.508	1.376	41.846	114.279	0.402	0.466	0.527	0.316	52.747	1987	5399
154	0.118	65.952	115.070	1.311	65.722	114.914	0.466	0.339	0.471	0.319	6.629	3115	5429
155	0.140	17.032	115.203	1.408	16.785	115.041	0.508	0.339	0.522	0.342	171.460	796	5435
156	0.136	116.442	115.346	1.408	116.184	115.189	0.529	0.318	0.532	0.325	3.439	5499	5442
157	0.121	40.808	116.088	1.336	40.640	115.845	0.318	0.487	0.509	0.301	80.800	1926	5473
158	0.121	32.660	117.618	1.323	32.406	117.475	0.508	0.296	0.514	0.301	7.690	1538	5550
159	0.111	96.354	117.681	1.274	96.139	117.496	0.444	0.360	0.477	0.297	143.328	4546	5551
160	0.142	93.986	118.458	1.456	93.726	118.279	0.529	0.360	0.541	0.334	20.381	4439	5588
161	0.128	105.409	118.683	1.353	105.241	118.449	0.339	0.487	0.508	0.320	107.520	4974	5596
162	0.057	114.155	119.520	0.925	114.004	119.380	0.296	0.296	0.327	0.221	137.246	5389	5640
163	0.119	107.616	120.443	1.436	107.442	120.206	0.381	0.487	0.489	0.309	111.120	5079	5679
164	0.101	59.226	121.097	1.184	59.055	120.883	0.339	0.402	0.416	0.309	63.584	2799	5711
165	0.121	18.670	121.876	1.321	18.457	121.666	0.423	0.423	0.486	0.316	49.051	883	5748
166	0.130	59.531	122.597	1.378	59.372	122.343	0.318	0.508	0.512	0.324	93.402	2811	5780
167	0.121	38.976	123.031	1.299	38.735	122.872	0.466	0.339	0.466	0.330	6.339	1838	5805
168	0.117	19.587	123.259	1.286	19.368	123.084	0.444	0.360	0.454	0.329	20.232	924	5815
169	0.112	36.587	123.323	1.244	36.386	123.127	0.402	0.381	0.449	0.318	135.177	1722	5817
170	0.133	87.484	126.329	1.366	87.228	126.174	0.508	0.318	0.516	0.327	0.748	4128	5961
171	0.112	104.223	126.652	1.256	104.034	126.450	0.360	0.423	0.437	0.327	116.005	4920	5974
172	0.133	65.897	127.048	1.406	65.701	126.788	0.402	0.487	0.527	0.321	123.404	3109	5990
173	0.124	102.951	127.677	1.334	102.743	127.466	0.423	0.423	0.488	0.324	41.565	4866	6022
174	0.108	98.874	129.468	1.219	98.679	129.286	0.402	0.381	0.429	0.322	140.380	4666	6108
175	0.127	101.836	129.693	1.346	101.621	129.477	0.402	0.444	0.498	0.325	125.491	4804	6117
176	0.121	30.209	129.973	1.286	30.014	129.752	0.381	0.423	0.458	0.335	125.862	1424	6130
177	0.122	105.478	130.100	1.304	105.262	129.900	0.423	0.402	0.487	0.319	139.202	4977	6137
178	0.120	90.254	131.508	1.371	90.085	131.254	0.339	0.508	0.517	0.295	74.731	4263	6201
179	0.120	47.890	131.652	1.304	47.667	131.466	0.444	0.381	0.483	0.317	142.651	2255	6211
180	0.139	104.716	131.830	1.401	104.542	131.572	0.360	0.508	0.505	0.351	80.396	4945	6216
181	0.136	17.698	132.112	1.418	17.462	131.911	0.487	0.402	0.512	0.339	144.343	829	6232
182	0.115	90.536	132.176	1.269	90.318	131.995	0.423	0.360	0.475	0.308	34.010	4277	6236
183	0.119	22.709	132.488	1.311	22.521	132.270	0.360	0.444	0.471	0.322	69.147	1072	6249
184	0.140	100.083	133.245	1.431	99.822	133.075	0.550	0.339	0.540	0.331	5.907	4725	6287
185	0.108	85.955	133.638	1.221	85.788	133.414	0.318	0.423	0.440	0.311	70.337	4061	6303
186	0.120	26.975	133.690	1.329	26.797	133.456	0.339	0.466	0.480	0.317	74.978	1274	6305
187	0.120	114.135	133.656	1.311	113.898	133.498	0.466	0.339	0.465	0.329	174.975	5387	6307
188	0.111	91.350	134.013	1.274	91.165	133.794	0.381	0.423	0.478	0.296	131.402	4311	6321
189	0.117	47.869	135.191	1.341	47.710	134.916	0.318	0.508	0.481	0.309	97.725	2261	6374
190	0.132	81.318	135.210	1.468	81.153	134.916	0.318	0.572	0.564	0.299	90.792	3841	6374
191	0.129	82.121	135.196	1.383	81.957	134.938	0.339	0.508	0.516	0.317	98.193	3877	6375
192	0.126	41.542	135.140	1.346	41.317	134.959	0.466	0.381	0.470	0.341	21.775	1961	6376
