 	Area	X	Y	Perim.	BX	BY	Width	Height	Major	Minor	Angle	XStart	YStart
1	0.179	97.111	14.689	1.750	96.816	14.478	0.572	0.423	0.561	0.407	159.871	4579	684
2	0.164	98.556	16.364	1.616	98.319	16.087	0.444	0.550	0.550	0.380	69.688	4657	760
3	0.138	83.635	16.491	1.491	83.418	16.256	0.423	0.466	0.515	0.341	50.565	3959	768
4	0.153	54.511	17.978	1.486	54.250	17.780	0.508	0.402	0.530	0.367	157.147	2568	840
5	0.159	84.691	19.043	1.558	84.497	18.754	0.381	0.572	0.566	0.356	91.422	4000	886
6	0.159	69.323	19.615	1.651	69.088	19.368	0.466	0.508	0.523	0.388	129.520	3272	915
7	0.133	92.829	19.643	1.480	92.668	19.368	0.318	0.550	0.552	0.306	80.229	4387	915
8	0.152	44.044	20.021	1.508	43.773	19.812	0.550	0.402	0.570	0.340	152.413	2073	936
9	0.138	60.342	20.449	1.456	60.177	20.172	0.339	0.550	0.552	0.319	94.865	2849	953
10	0.129	88.200	20.413	1.329	88.011	20.193	0.381	0.444	0.497	0.329	123.583	4160	954
11	0.114	93.045	20.720	1.286	92.816	20.532	0.444	0.360	0.487	0.298	152.151	4391	970
12	0.147	78.859	21.146	1.431	78.613	20.955	0.508	0.381	0.504	0.370	168.074	3719	990
13	0.128	52.440	21.696	1.371	52.197	21.505	0.487	0.360	0.521	0.313	154.311	2472	1016
14	0.134	114.414	22.172	1.401	114.236	21.908	0.360	0.508	0.524	0.324	114.424	5400	1035
15	0.151	111.018	22.424	1.468	110.765	22.225	0.508	0.381	0.520	0.371	6.530	5246	1050
16	0.138	43.967	22.506	1.448	43.709	22.331	0.529	0.360	0.524	0.335	171.954	2072	1055
17	0.145	52.079	22.914	1.466	51.837	22.691	0.487	0.444	0.543	0.341	143.881	2455	1072
18	0.148	51.321	22.912	1.461	51.075	22.712	0.508	0.402	0.545	0.345	152.637	2416	1073
19	0.129	28.622	23.232	1.381	28.427	22.987	0.381	0.508	0.515	0.320	117.590	1348	1086
20	0.151	81.109	23.782	1.533	80.878	23.537	0.466	0.487	0.566	0.339	130.853	3823	1112
21	0.133	29.687	24.177	1.383	29.528	23.918	0.318	0.529	0.524	0.324	88.252	1401	1130
22	0.166	120.025	24.585	1.568	119.782	24.342	0.487	0.508	0.581	0.364	130.776	5663	1150
23	0.136	54.527	25.140	1.426	54.335	24.892	0.381	0.487	0.515	0.337	66.077	2575	1176
24	0.142	52.777	25.774	1.456	52.620	25.506	0.339	0.550	0.547	0.331	84.155	2492	1205
25	0.139	60.420	26.249	1.498	60.240	25.993	0.360	0.508	0.529	0.335	76.363	2854	1228
26	0.142	76.689	26.271	1.466	76.496	25.993	0.360	0.550	0.534	0.338	102.667	3621	1228
27	0.152	86.260	26.260	1.533	86.000	26.056	0.529	0.423	0.555	0.349	151.342	4065	1231
28	0.141	103.945	27.001	1.413	103.696	26.818	0.487	0.381	0.523	0.342	156.256	4903	1267
29	0.136	96.009	27.252	1.413	95.843	26.988	0.339	0.529	0.528	0.329	104.222	4533	1275
30	0.102	117.361	27.239	1.221	117.221	27.009	0.275	0.466	0.466	0.278	83.997	5544	1276
31	0.137	56.269	27.562	1.438	56.092	27.305	0.360	0.508	0.505	0.345	74.967	2660	1290
32	0.117	90.611	27.705	1.323	90.466	27.453	0.296	0.508	0.511	0.292	94.090	4278	1297
33	0.105	76.270	28.390	1.286	76.115	28.152	0.296	0.487	0.466	0.288	91.197	3603	1330
34	0.138	58.853	28.516	1.401	58.653	28.279	0.402	0.466	0.510	0.345	57.876	2781	1336
35	0.166	39.474	29.086	1.558	39.285	28.808	0.381	0.572	0.578	0.366	102.544	1861	1361
36	0.153	31.373	29.642	1.508	31.157	29.400	0.444	0.487	0.553	0.352	127.519	1475	1389
37	0.171	84.812	29.624	1.575	84.518	29.422	0.572	0.402	0.573	0.380	0.247	4004	1390
38	0.123	57.201	30.182	1.353	57.002	29.972	0.402	0.423	0.497	0.315	46.368	2702	1416
39	0.147	79.826	30.271	1.503	79.629	30.014	0.381	0.529	0.535	0.351	77.634	3770	1418
40	0.136	84.267	30.337	1.401	84.032	30.141	0.466	0.402	0.507	0.342	27.522	3982	1424
41	0.157	96.406	30.547	1.588	96.118	30.353	0.572	0.381	0.590	0.338	161.051	4552	1434
42	0.159	43.118	30.673	1.533	42.884	30.438	0.466	0.487	0.535	0.380	52.735	2037	1438
43	0.166	86.337	30.630	1.593	86.042	30.438	0.572	0.381	0.567	0.372	177.030	4075	1438
44	0.125	84.494	30.712	1.359	84.264	30.501	0.444	0.402	0.513	0.309	36.563	3997	1441
45	0.123	49.860	31.275	1.323	49.678	31.052	0.360	0.444	0.490	0.319	119.098	2349	1467
46	0.124	103.535	31.456	1.346	103.336	31.242	0.402	0.444	0.512	0.309	130.853	4884	1476
47	0.143	77.549	31.489	1.436	77.301	31.284	0.487	0.402	0.517	0.353	27.382	3663	1478
48	0.161	61.172	31.654	1.580	60.939	31.411	0.466	0.487	0.541	0.379	49.029	2890	1484
49	0.134	55.935	31.814	1.396	55.774	31.538	0.318	0.529	0.528	0.324	83.021	2643	1490
50	0.171	39.795	32.061	1.640	39.560	31.792	0.466	0.529	0.517	0.421	89.298	1877	1502
51	0.163	68.360	32.249	1.635	68.136	31.983	0.423	0.529	0.574	0.361	63.905	3232	1511
52	0.130	58.403	33.025	1.388	58.187	32.808	0.423	0.423	0.506	0.327	46.733	2761	1550
53	0.118	47.326	33.534	1.329	47.159	33.295	0.339	0.487	0.491	0.306	106.587	2232	1573
54	0.155	86.584	34.083	1.491	86.339	33.888	0.508	0.402	0.509	0.387	171.990	4086	1601
55	0.147	49.873	34.609	1.496	49.657	34.354	0.444	0.508	0.571	0.327	130.425	2349	1623
56	0.135	80.925	34.711	1.388	80.730	34.480	0.381	0.466	0.493	0.348	120.322	3818	1629
57	0.138	85.618	34.744	1.406	85.365	34.565	0.508	0.381	0.499	0.352	163.653	4039	1633
58	0.133	109.786	34.856	1.376	109.559	34.650	0.466	0.402	0.507	0.334	35.068	5188	1637
59	0.135	94.426	34.965	1.431	94.170	34.777	0.529	0.360	0.542	0.317	156.904	4455	1643
60	0.130	59.728	34.980	1.388	59.478	34.798	0.487	0.360	0.496	0.333	20.030	2821	1644
61	0.136	97.157	35.141	1.408	96.986	34.883	0.339	0.508	0.531	0.325	105.208	4587	1648
62	0.128	110.253	35.201	1.501	110.046	34.946	0.444	0.487	0.500	0.327	54.487	5212	1651
63	0.158	129.924	35.440	1.628	129.667	35.200	0.508	0.466	0.550	0.365	39.334	6140	1663
64	0.133	47.408	35.872	1.383	47.244	35.624	0.339	0.508	0.510	0.331	74.932	2239	1683
65	0.134	99.064	35.855	1.401	98.848	35.624	0.402	0.466	0.490	0.347	57.782	4680	1683
66	0.125	113.330	35.857	1.346	113.115	35.645	0.423	0.423	0.511	0.313	137.634	5349	1684
67	0.130	79.965	36.864	1.396	79.777	36.640	0.381	0.466	0.511	0.323	59.008	3777	1731
68	0.139	100.706	38.029	1.431	100.478	37.804	0.444	0.444	0.534	0.331	135.683	4750	1786
69	0.158	81.504	38.096	1.675	81.301	37.825	0.423	0.550	0.551	0.365	71.618	3848	1787
70	0.134	50.306	38.078	1.418	50.080	37.867	0.444	0.423	0.485	0.353	42.622	2377	1789
71	0.145	116.002	38.892	1.538	115.697	38.693	0.572	0.381	0.568	0.325	21.056	5484	1828
72	0.143	51.609	39.311	1.461	51.350	39.116	0.529	0.381	0.539	0.339	164.047	2434	1848
73	0.150	120.068	39.628	1.466	119.824	39.391	0.466	0.466	0.541	0.352	44.130	5674	1861
74	0.154	79.081	40.105	1.508	78.867	39.836	0.423	0.529	0.522	0.375	70.061	3735	1882
75	0.151	93.747	40.496	1.473	93.578	40.217	0.360	0.550	0.537	0.357	82.778	4426	1900
76	0.142	95.722	40.645	1.413	95.504	40.428	0.444	0.423	0.528	0.341	137.619	4515	1910
77	0.116	108.336	41.709	1.311	108.183	41.466	0.318	0.487	0.489	0.302	76.018	5116	1959
78	0.135	101.700	41.783	1.396	101.452	41.592	0.487	0.360	0.496	0.347	14.740	4807	1965
79	0.149	80.726	42.135	1.478	80.476	41.931	0.508	0.423	0.526	0.361	153.251	3808	1981
80	0.148	125.872	42.765	1.540	125.624	42.566	0.508	0.381	0.525	0.358	16.324	5948	2011
81	0.157	76.474	42.876	1.556	76.264	42.608	0.402	0.529	0.529	0.379	104.259	3609	2013
82	0.142	120.496	42.977	1.448	120.290	42.714	0.402	0.508	0.520	0.347	67.900	5694	2018
83	0.128	43.012	43.242	1.376	42.820	43.011	0.381	0.487	0.504	0.324	112.396	2026	2032
84	0.061	117.701	43.189	0.985	117.517	43.032	0.339	0.296	0.382	0.203	144.160	5555	2033
85	0.154	82.669	43.303	1.645	82.381	43.074	0.550	0.444	0.552	0.354	156.847	3899	2035
86	0.138	101.081	43.497	1.396	100.817	43.328	0.508	0.339	0.508	0.347	4.895	4772	2047
87	0.140	98.318	43.543	1.403	98.086	43.370	0.466	0.360	0.505	0.353	160.547	4635	2049
88	0.133	22.061	44.049	1.406	21.802	43.857	0.508	0.381	0.530	0.318	155.737	1040	2072
89	0.147	103.074	44.123	1.478	102.806	43.942	0.550	0.381	0.564	0.333	21.528	4868	2076
90	0.119	129.484	44.933	1.281	129.286	44.746	0.402	0.381	0.463	0.327	141.459	6110	2114
91	0.198	67.482	45.069	1.785	67.204	44.810	0.572	0.508	0.601	0.420	27.765	3186	2117
92	0.140	114.588	45.542	1.438	114.427	45.276	0.339	0.529	0.551	0.324	102.150	5409	2139
93	0.138	121.964	45.747	1.406	121.772	45.487	0.381	0.508	0.514	0.341	117.282	5757	2149
94	0.154	80.405	46.559	1.551	80.158	46.334	0.487	0.444	0.562	0.348	40.170	3800	2189
95	0.143	29.704	46.686	1.473	29.422	46.503	0.550	0.360	0.547	0.332	12.548	1402	2197
96	0.165	80.896	46.718	1.616	80.582	46.524	0.614	0.381	0.587	0.358	170.409	3817	2198
97	0.121	57.579	47.587	1.346	57.362	47.392	0.444	0.381	0.467	0.330	149.465	2715	2239
98	0.171	41.054	47.731	1.588	40.852	47.456	0.402	0.550	0.574	0.379	101.284	1935	2242
99	0.155	47.763	48.033	1.533	47.540	47.794	0.444	0.487	0.566	0.349	129.111	2247	2258
100	0.153	52.992	48.471	1.563	52.790	48.196	0.402	0.550	0.546	0.357	71.251	2503	2277
101	0.159	41.873	49.064	1.580	41.698	48.768	0.360	0.572	0.563	0.358	99.637	1976	2304
102	0.165	42.331	49.146	1.683	42.101	48.895	0.444	0.529	0.556	0.378	116.263	1994	2310
103	0.113	130.108	49.835	1.276	129.879	49.678	0.466	0.296	0.482	0.300	175.172	6143	2347
104	0.168	103.513	49.918	1.593	103.230	49.720	0.593	0.402	0.590	0.363	22.520	4888	2349
105	0.158	78.061	50.087	1.528	77.766	49.911	0.572	0.360	0.565	0.356	177.217	3684	2358
106	0.136	110.604	50.169	1.396	110.363	49.974	0.466	0.381	0.496	0.349	25.272	5227	2361
107	0.132	23.767	50.306	1.401	23.516	50.123	0.508	0.360	0.514	0.326	10.235	1124	2368
108	0.145	27.930	50.671	1.438	27.665	50.504	0.529	0.339	0.538	0.344	1.188	1314	2386
109	0.164	56.624	50.745	1.598	56.346	50.525	0.572	0.423	0.581	0.359	156.866	2671	2387
110	0.168	35.792	50.902	1.690	35.496	50.715	0.593	0.381	0.599	0.357	164.608	1683	2396
111	0.139	108.841	50.948	1.448	108.585	50.736	0.487	0.423	0.505	0.350	30.486	5147	2397
112	0.166	27.131	51.018	1.568	26.861	50.800	0.550	0.444	0.586	0.360	31.873	1284	2400
113	0.127	29.978	51.058	1.359	29.718	50.885	0.508	0.339	0.497	0.326	0.521	1415	2404
114	0.178	84.714	52.003	1.720	84.413	51.795	0.635	0.402	0.617	0.368	5.554	4005	2447
115	0.147	127.373	52.020	1.443	127.127	51.837	0.508	0.381	0.523	0.357	161.035	6009	2449
116	0.150	35.879	52.441	1.515	35.624	52.218	0.508	0.423	0.499	0.383	172.776	1690	2467
117	0.125	24.860	52.402	1.346	24.596	52.239	0.508	0.339	0.506	0.314	12.782	1174	2468
118	0.151	46.647	52.951	1.491	46.461	52.663	0.381	0.550	0.558	0.344	71.742	2205	2488
119	0.141	115.129	53.010	1.431	114.872	52.832	0.529	0.360	0.535	0.336	166.311	5432	2496
120	0.137	121.578	53.253	1.466	121.348	53.022	0.466	0.444	0.544	0.320	139.921	5735	2505
121	0.147	122.257	54.033	1.478	122.026	53.784	0.444	0.487	0.534	0.351	49.011	5779	2541
122	0.183	69.746	54.468	1.762	69.532	54.187	0.423	0.572	0.606	0.385	69.414	3296	2560
123	0.146	99.702	54.707	1.466	99.462	54.483	0.487	0.444	0.549	0.339	142.301	4705	2574
124	0.179	70.197	55.093	1.645	69.956	54.822	0.487	0.529	0.562	0.405	126.847	3313	2590
125	0.155	90.675	55.053	1.515	90.424	54.864	0.529	0.402	0.551	0.358	27.604	4283	2592
126	0.126	97.181	55.250	1.371	97.007	54.991	0.339	0.508	0.486	0.330	87.657	4591	2598
127	0.140	106.218	55.345	1.473	106.045	55.054	0.339	0.572	0.543	0.328	94.283	5017	2601
128	0.142	119.084	55.274	1.418	118.830	55.076	0.508	0.381	0.504	0.360	18.626	5626	2602
129	0.143	18.720	55.332	1.491	18.478	55.139	0.508	0.402	0.543	0.336	29.791	884	2605
130	0.134	101.390	55.587	1.413	101.134	55.414	0.508	0.360	0.511	0.335	22.596	4789	2618
131	0.142	122.424	55.950	1.461	122.174	55.753	0.529	0.381	0.558	0.324	153.200	5775	2634
132	0.141	110.169	56.056	1.436	109.940	55.838	0.466	0.444	0.526	0.340	139.573	5199	2638
133	0.138	116.881	56.923	1.401	116.650	56.727	0.466	0.402	0.517	0.340	34.804	5522	2680
134	0.139	21.393	57.269	1.396	21.146	57.086	0.487	0.360	0.518	0.342	18.855	1010	2697
135	0.140	102.934	57.664	1.473	102.764	57.383	0.339	0.550	0.561	0.317	103.585	4859	2711
136	0.162	70.714	57.733	1.598	70.464	57.489	0.487	0.487	0.589	0.350	133.659	3332	2716
137	0.182	39.798	57.768	1.688	39.518	57.552	0.572	0.444	0.588	0.394	23.600	1880	2719
138	0.155	96.093	57.806	1.575	95.822	57.552	0.508	0.444	0.541	0.366	26.158	4546	2719
139	0.120	112.908	57.819	1.291	112.712	57.595	0.381	0.444	0.478	0.318	52.181	5336	2721
140	0.130	51.355	58.502	1.396	51.202	58.230	0.318	0.529	0.530	0.312	99.635	2422	2751
141	0.155	41.646	58.663	1.598	41.402	58.441	0.487	0.487	0.534	0.370	36.526	1969	2761
142	0.126	49.025	59.001	1.353	48.853	58.759	0.360	0.466	0.475	0.337	120.665	2310	2776
143	0.136	97.717	59.169	1.426	97.515	58.949	0.402	0.466	0.513	0.338	59.141	4616	2785
144	0.120	102.282	59.455	1.304	102.044	59.267	0.466	0.360	0.463	0.330	16.575	4834	2800
145	0.177	71.122	59.699	1.618	70.930	59.394	0.381	0.593	0.596	0.377	97.944	3357	2806
146	0.148	43.417	60.228	1.503	43.222	59.965	0.381	0.529	0.529	0.357	74.290	2051	2833
147	0.117	100.801	60.325	1.294	100.563	60.177	0.487	0.296	0.493	0.303	1.901	4758	2843
148	0.159	76.569	60.818	1.575	76.306	60.600	0.529	0.423	0.540	0.374	6.397	3615	2863
149	0.138	113.369	61.388	1.436	113.136	61.150	0.423	0.487	0.525	0.335	121.082	5350	2889
150	0.138	114.387	61.470	1.406	114.131	61.278	0.508	0.381	0.517	0.339	25.973	5404	2895
151	0.153	82.711	61.619	1.580	82.423	61.447	0.572	0.360	0.579	0.337	9.153	3906	2903
152	0.191	75.478	61.756	1.820	75.184	61.532	0.593	0.466	0.618	0.394	27.379	3567	2907
153	0.147	56.604	62.233	1.466	56.346	62.040	0.529	0.402	0.538	0.349	24.577	2675	2931
154	0.150	120.858	63.005	1.598	120.629	62.759	0.508	0.466	0.541	0.352	43.091	5714	2965
155	0.159	40.025	63.024	1.491	39.814	62.780	0.444	0.487	0.518	0.390	129.449	1884	2966
156	0.140	121.946	64.087	1.441	121.708	63.860	0.466	0.444	0.537	0.332	139.360	5756	3017
157	0.143	104.077	64.140	1.443	103.886	63.881	0.381	0.508	0.550	0.331	63.903	4920	3018
158	0.188	36.207	64.639	1.834	35.878	64.410	0.656	0.444	0.677	0.353	19.675	1721	3043
159	0.146	105.821	64.810	1.486	105.579	64.601	0.487	0.423	0.539	0.345	36.793	5000	3052
160	0.145	56.083	65.035	1.456	55.816	64.855	0.529	0.360	0.539	0.343	6.196	2653	3064
161	0.125	114.010	65.377	1.311	113.792	65.193	0.444	0.360	0.480	0.332	154.023	5379	3080
162	0.129	112.510	65.447	1.401	112.310	65.214	0.402	0.466	0.519	0.316	58.541	5316	3081
163	0.137	16.176	65.901	1.396	16.002	65.638	0.339	0.508	0.509	0.342	81.950	764	3101
164	0.139	53.478	66.924	1.438	53.213	66.760	0.550	0.318	0.549	0.323	176.638	2520	3154
165	0.141	28.347	67.128	1.461	28.152	66.866	0.402	0.508	0.550	0.327	123.765	1332	3159
166	0.161	40.866	67.258	1.563	40.619	67.035	0.487	0.466	0.551	0.372	139.921	1924	3167
167	0.145	44.949	67.271	1.443	44.683	67.098	0.550	0.339	0.544	0.339	5.283	2120	3170
168	0.126	26.879	67.426	1.341	26.670	67.225	0.423	0.402	0.499	0.321	41.641	1270	3176
169	0.136	130.932	67.665	1.443	130.683	67.479	0.487	0.381	0.504	0.343	158.451	6180	3188
170	0.109	105.862	67.739	1.256	105.706	67.500	0.318	0.466	0.479	0.290	111.884	4997	3189
171	0.145	96.556	67.796	1.438	96.308	67.606	0.487	0.381	0.514	0.359	19.932	4564	3194
172	0.159	76.123	67.852	1.545	75.819	67.670	0.593	0.360	0.593	0.341	14.195	3596	3197
173	0.133	79.669	67.986	1.401	79.438	67.797	0.466	0.381	0.507	0.334	28.093	3763	3203
174	0.137	64.989	68.088	1.543	64.791	67.818	0.381	0.508	0.494	0.352	88.210	3069	3204
175	0.149	105.241	68.254	1.478	105.008	68.030	0.466	0.444	0.529	0.358	41.972	4974	3214
176	0.144	79.474	68.482	1.448	79.206	68.284	0.508	0.402	0.524	0.350	25.975	3754	3226
177	0.177	64.216	68.882	1.735	63.966	68.622	0.466	0.550	0.534	0.422	107.533	3030	3242
178	0.166	15.232	68.889	1.580	14.986	68.644	0.508	0.487	0.579	0.365	45.017	722	3243
179	0.137	116.849	68.850	1.401	116.607	68.665	0.487	0.381	0.507	0.343	24.609	5519	3244
180	0.138	119.677	69.092	1.443	119.507	68.813	0.339	0.550	0.539	0.327	76.517	5654	3251
181	0.135	80.531	69.461	1.401	80.264	69.278	0.508	0.360	0.521	0.329	23.968	3804	3273
182	0.170	106.788	69.623	1.563	106.595	69.342	0.381	0.593	0.575	0.376	83.047	5043	3276
183	0.152	66.068	69.694	1.543	65.807	69.469	0.508	0.444	0.524	0.369	25.678	3124	3282
184	0.128	103.019	70.010	1.383	102.806	69.808	0.444	0.402	0.514	0.317	38.936	4868	3298
185	0.147	44.964	70.295	1.461	44.768	70.040	0.402	0.508	0.549	0.340	121.488	2119	3309
186	0.148	39.615	70.450	1.563	39.349	70.273	0.529	0.360	0.530	0.355	7.195	1864	3320
187	0.112	107.568	71.428	1.311	107.421	71.184	0.296	0.508	0.499	0.287	97.416	5079	3363
188	0.118	22.162	71.507	1.323	21.908	71.353	0.508	0.296	0.508	0.295	176.028	1044	3371
189	0.147	54.372	72.011	1.461	54.144	71.797	0.444	0.466	0.542	0.345	133.109	2559	3392
190	0.130	86.424	72.055	1.366	86.254	71.818	0.339	0.487	0.500	0.332	103.655	4079	3393
191	0.143	117.064	72.169	1.424	116.861	71.924	0.402	0.508	0.521	0.349	119.841	5526	3398
192	0.147	102.429	72.481	1.568	102.193	72.221	0.487	0.487	0.569	0.329	136.968	4836	3412
193	0.128	106.805	72.968	1.341	106.595	72.771	0.423	0.402	0.493	0.330	41.203	5045	3438
194	0.113	17.034	73.345	1.301	16.870	73.152	0.339	0.402	0.422	0.341	86.429	800	3456
195	0.149	26.341	73.497	1.515	26.162	73.216	0.360	0.550	0.557	0.340	98.007	1240	3459
196	0.124	107.318	73.489	1.329	107.146	73.258	0.360	0.466	0.495	0.319	115.577	5065	3461
197	0.132	25.389	73.489	1.401	25.167	73.279	0.444	0.423	0.520	0.324	133.824	1191	3462
198	0.155	120.311	73.681	1.508	120.100	73.406	0.423	0.529	0.562	0.352	59.892	5686	3468
199	0.120	75.575	73.813	1.323	75.417	73.554	0.318	0.487	0.488	0.312	82.901	3569	3475
200	0.140	77.142	73.848	1.418	76.898	73.618	0.466	0.423	0.519	0.344	37.603	3648	3478
201	0.129	96.972	73.898	1.448	96.816	73.618	0.318	0.550	0.534	0.309	90.835	4581	3478
202	0.155	117.687	73.830	1.533	117.433	73.618	0.487	0.444	0.564	0.351	139.988	5550	3478
203	0.136	102.911	73.978	1.538	102.658	73.808	0.529	0.381	0.504	0.343	175.980	4856	3487
204	0.129	105.398	74.063	1.388	105.156	73.872	0.444	0.423	0.516	0.317	136.935	4969	3490
205	0.135	77.356	74.172	1.401	77.131	73.956	0.444	0.423	0.487	0.353	41.991	3656	3494
206	0.141	93.697	74.142	1.426	93.430	73.978	0.529	0.339	0.544	0.330	165.893	4418	3495
207	0.103	102.128	74.212	1.221	101.960	73.999	0.318	0.423	0.462	0.283	112.099	4820	3496
208	0.142	54.400	74.211	1.426	54.144	74.041	0.529	0.339	0.534	0.339	172.961	2564	3498
209	0.136	119.775	74.511	1.401	119.592	74.253	0.360	0.508	0.512	0.337	72.206	5659	3508
210	0.126	107.826	74.533	1.329	107.590	74.358	0.487	0.339	0.486	0.331	165.682	5088	3513
211	0.162	110.083	74.715	1.540	109.918	74.422	0.339	0.593	0.600	0.344	88.214	5198	3516
212	0.137	100.754	75.216	1.443	100.563	74.972	0.381	0.487	0.513	0.340	111.703	4756	3542
213	0.127	106.143	75.212	1.371	105.939	74.994	0.402	0.444	0.520	0.311	51.358	5015	3543
214	0.160	14.435	75.671	1.523	14.160	75.480	0.550	0.360	0.559	0.364	10.418	680	3566
215	0.124	53.909	75.724	1.316	53.658	75.565	0.487	0.339	0.481	0.328	171.915	2540	3570
216	0.147	109.468	75.809	1.498	109.199	75.628	0.529	0.360	0.546	0.343	157.967	5163	3573
217	0.134	16.784	76.540	1.401	16.574	76.327	0.444	0.423	0.488	0.349	135.962	786	3606
218	0.137	48.554	76.695	1.406	48.302	76.496	0.487	0.402	0.523	0.333	144.441	2287	3614
219	0.121	121.799	77.076	1.329	121.624	76.835	0.360	0.466	0.489	0.314	119.282	5749	3630
220	0.152	106.955	77.512	1.478	106.722	77.280	0.466	0.466	0.562	0.345	135.331	5046	3651
221	0.146	35.491	78.263	1.466	35.306	77.999	0.381	0.529	0.506	0.367	81.728	1676	3685
222	0.102	91.645	78.234	1.239	91.504	77.999	0.296	0.466	0.473	0.275	71.119	4330	3685
223	0.138	33.788	78.516	1.496	33.528	78.317	0.508	0.381	0.506	0.348	2.472	1594	3700
224	0.132	124.430	79.219	1.431	124.206	78.994	0.423	0.466	0.534	0.314	52.751	5879	3732
225	0.132	120.448	79.307	1.383	120.206	79.121	0.466	0.381	0.515	0.327	146.881	5682	3738
226	0.128	97.006	79.541	1.418	96.838	79.269	0.339	0.550	0.525	0.311	71.892	4585	3745
227	0.142	44.211	80.093	1.438	44.048	79.820	0.318	0.550	0.552	0.326	91.771	2087	3771
228	0.111	113.955	80.027	1.286	113.750	79.820	0.402	0.402	0.478	0.295	40.425	5390	3771
229	0.131	15.426	80.105	1.388	15.198	79.904	0.487	0.381	0.506	0.330	151.206	723	3775
230	0.153	11.522	80.226	1.551	11.324	79.925	0.381	0.572	0.544	0.357	81.113	545	3776
231	0.129	62.798	80.170	1.424	62.611	79.925	0.381	0.487	0.501	0.327	60.700	2970	3776
232	0.168	36.209	80.291	1.605	36.026	79.989	0.381	0.614	0.582	0.367	93.650	1710	3779
233	0.133	72.429	80.571	1.413	72.263	80.306	0.339	0.529	0.525	0.321	83.244	3421	3794
234	0.140	26.251	80.995	1.473	26.035	80.772	0.444	0.444	0.536	0.332	51.896	1239	3816
235	0.137	33.794	81.257	1.401	33.549	81.090	0.529	0.339	0.512	0.340	176.017	1590	3831
236	0.135	73.848	81.288	1.388	73.596	81.111	0.508	0.360	0.513	0.336	155.205	3480	3832
237	0.132	66.373	81.330	1.401	66.146	81.132	0.466	0.402	0.510	0.330	34.325	3138	3833
238	0.167	57.019	81.520	1.648	56.748	81.301	0.529	0.487	0.563	0.378	29.313	2695	3841
239	0.130	93.978	81.747	1.359	93.747	81.555	0.466	0.381	0.501	0.331	147.745	4433	3853
240	0.133	48.398	82.211	1.388	48.218	81.957	0.381	0.487	0.509	0.333	115.444	2282	3872
241	0.147	96.459	82.531	1.503	96.224	82.296	0.466	0.466	0.567	0.331	48.479	4559	3888
242	0.154	124.193	82.745	1.521	123.973	82.486	0.423	0.529	0.578	0.339	120.642	5861	3897
243	0.124	111.803	82.728	1.323	111.570	82.550	0.466	0.339	0.497	0.318	161.566	5276	3900
244	0.123	16.330	82.814	1.364	16.087	82.592	0.444	0.423	0.517	0.302	45.243	774	3902
245	0.116	128.033	83.106	1.281	127.804	82.931	0.444	0.339	0.478	0.308	25.948	6048	3918
246	0.142	35.941	83.364	1.466	35.729	83.122	0.423	0.487	0.513	0.353	55.300	1699	3927
247	0.151	111.343	83.421	1.521	111.146	83.122	0.381	0.572	0.563	0.341	70.926	5263	3927
248	0.137	84.901	83.400	1.443	84.688	83.185	0.444	0.444	0.544	0.320	44.644	4012	3930
249	0.141	101.561	84.208	1.431	101.304	84.032	0.508	0.360	0.518	0.347	10.565	4794	3970
250	0.145	51.806	84.287	1.438	51.562	84.095	0.487	0.381	0.539	0.342	150.307	2439	3973
251	0.113	23.570	84.419	1.291	23.368	84.222	0.423	0.381	0.463	0.310	143.888	1107	3979
252	0.139	113.688	84.576	1.515	113.453	84.392	0.487	0.444	0.472	0.375	2.379	5368	3987
253	0.128	98.839	84.750	1.388	98.637	84.497	0.381	0.487	0.473	0.344	70.348	4673	3992
254	0.130	90.208	84.881	1.378	89.958	84.709	0.487	0.339	0.507	0.326	159.597	4257	4002
255	0.139	122.747	85.023	1.418	122.513	84.815	0.444	0.444	0.518	0.343	131.406	5790	4007
256	0.143	31.268	85.213	1.568	31.009	84.984	0.550	0.423	0.518	0.352	173.898	1477	4015
257	0.118	86.585	85.288	1.264	86.360	85.132	0.444	0.318	0.461	0.327	175.302	4085	4022
258	0.113	102.257	85.545	1.269	102.066	85.344	0.381	0.402	0.486	0.297	130.666	4823	4032
259	0.122	107.155	85.685	1.329	106.934	85.492	0.444	0.381	0.484	0.321	143.675	5056	4039
260	0.140	101.797	86.408	1.413	101.536	86.233	0.508	0.360	0.514	0.346	6.370	4807	4074
261	0.127	69.562	86.554	1.383	69.321	86.381	0.487	0.360	0.493	0.329	20.406	3285	4081
262	0.138	88.919	87.257	1.401	88.667	87.080	0.508	0.360	0.522	0.336	19.979	4199	4114
263	0.113	84.724	87.504	1.304	84.561	87.270	0.318	0.487	0.482	0.298	105.101	3999	4123
264	0.131	128.373	87.606	1.371	128.164	87.397	0.423	0.423	0.505	0.331	44.538	6065	4129
265	0.141	22.757	87.758	1.431	22.542	87.524	0.423	0.466	0.529	0.339	125.962	1069	4135
266	0.144	102.392	87.739	1.438	102.150	87.545	0.487	0.381	0.528	0.348	26.371	4838	4136
267	0.136	108.421	87.926	1.383	108.246	87.694	0.360	0.487	0.498	0.348	106.258	5117	4143
268	0.144	103.181	88.132	1.466	102.976	87.884	0.423	0.487	0.518	0.354	57.864	4877	4152
269	0.109	115.718	88.263	1.281	115.570	87.990	0.296	0.487	0.469	0.297	94.617	5465	4157
270	0.133	83.914	88.285	1.401	83.651	88.117	0.508	0.339	0.510	0.332	8.298	3963	4163
271	0.132	61.727	88.398	1.396	61.447	88.244	0.529	0.318	0.534	0.315	175.227	2912	4169
272	0.103	86.525	88.821	1.281	86.381	88.582	0.275	0.508	0.491	0.268	95.423	4086	4185
273	0.123	93.615	88.924	1.346	93.387	88.731	0.466	0.381	0.507	0.310	151.229	4417	4192
274	0.113	85.266	89.181	1.256	85.069	88.985	0.402	0.381	0.462	0.311	141.373	4023	4204
275	0.142	107.109	89.502	1.456	106.913	89.239	0.381	0.508	0.535	0.337	66.699	5061	4216
276	0.145	102.772	89.541	1.431	102.510	89.344	0.508	0.381	0.530	0.348	23.135	4856	4221
277	0.129	107.626	89.651	1.401	107.463	89.366	0.318	0.550	0.517	0.317	93.542	5085	4222
278	0.134	113.611	89.622	1.371	113.411	89.387	0.381	0.466	0.501	0.339	114.824	5363	4223
279	0.157	75.975	89.816	1.508	75.713	89.620	0.550	0.402	0.559	0.358	22.701	3589	4234
280	0.132	127.645	90.369	1.394	127.466	90.128	0.360	0.508	0.493	0.340	71.725	6031	4258
281	0.129	103.136	90.596	1.371	102.891	90.424	0.508	0.339	0.502	0.328	162.322	4865	4272
282	0.117	47.489	90.940	1.299	47.329	90.699	0.318	0.487	0.474	0.314	91.248	2242	4285
283	0.099	85.007	91.071	1.209	84.857	90.847	0.296	0.444	0.455	0.278	75.124	4015	4292
284	0.132	103.777	91.142	1.394	103.505	90.953	0.508	0.381	0.521	0.322	25.109	4904	4297
285	0.139	22.550	91.180	1.438	22.288	91.017	0.529	0.339	0.530	0.334	174.773	1059	4300
286	0.144	95.943	91.382	1.456	95.673	91.207	0.529	0.360	0.547	0.336	166.009	4526	4309
287	0.142	105.431	91.481	1.438	105.262	91.228	0.339	0.529	0.537	0.337	77.734	4979	4310
288	0.135	26.873	91.924	1.413	26.585	91.758	0.529	0.339	0.514	0.334	2.917	1268	4335
289	0.138	41.304	92.000	1.448	41.084	91.758	0.423	0.487	0.550	0.319	51.965	1953	4335
290	0.152	39.162	92.063	1.466	38.904	91.863	0.529	0.402	0.537	0.360	152.875	1843	4340
291	0.125	47.501	92.449	1.311	47.329	92.223	0.360	0.444	0.434	0.367	87.315	2242	4357
292	0.139	56.204	92.744	1.426	56.028	92.477	0.360	0.508	0.520	0.340	80.245	2655	4369
293	0.131	21.064	93.197	1.388	20.849	92.985	0.423	0.444	0.499	0.335	129.215	988	4393
294	0.127	96.315	93.304	1.359	96.076	93.112	0.466	0.381	0.483	0.336	156.338	4548	4399
295	0.131	117.434	93.341	1.533	117.179	93.176	0.508	0.339	0.504	0.331	14.690	5545	4402
296	0.140	99.223	93.556	1.418	98.975	93.366	0.508	0.381	0.527	0.339	24.512	4687	4411
297	0.130	37.299	93.700	1.359	37.126	93.472	0.381	0.466	0.470	0.352	100.928	1758	4416
298	0.142	23.370	93.847	1.456	23.199	93.578	0.339	0.550	0.536	0.336	90.885	1103	4421
299	0.123	89.164	94.117	1.388	88.942	93.916	0.487	0.381	0.522	0.300	151.346	4206	4437
300	0.144	20.848	94.287	1.438	20.659	94.044	0.360	0.508	0.507	0.362	95.839	982	4443
301	0.143	121.025	94.249	1.443	120.756	94.065	0.529	0.360	0.528	0.346	171.642	5716	4444
302	0.061	124.304	94.236	0.937	124.164	94.086	0.275	0.296	0.289	0.269	59.482	5874	4445
303	0.129	37.331	94.336	1.388	37.105	94.128	0.444	0.423	0.516	0.318	142.477	1756	4447
304	0.129	52.544	94.429	1.401	52.282	94.234	0.487	0.381	0.514	0.321	31.904	2482	4452
305	0.136	14.002	94.516	1.396	13.737	94.361	0.529	0.318	0.526	0.330	1.182	655	4458
306	0.140	38.162	94.592	1.515	37.888	94.382	0.550	0.360	0.547	0.327	172.812	1796	4459
307	0.133	34.180	94.589	1.401	33.930	94.403	0.508	0.360	0.498	0.339	166.248	1612	4460
308	0.126	36.382	94.736	1.371	36.153	94.552	0.466	0.381	0.511	0.315	30.970	1720	4467
309	0.141	70.498	94.889	1.443	70.231	94.700	0.529	0.360	0.517	0.348	170.986	3327	4474
310	0.142	116.553	94.942	1.396	116.311	94.763	0.487	0.360	0.493	0.367	2.780	5503	4477
311	0.123	47.783	95.307	1.311	47.583	95.102	0.381	0.423	0.452	0.347	122.410	2253	4493
312	0.067	55.918	95.241	1.004	55.732	95.123	0.360	0.233	0.362	0.237	1.441	2637	4494
313	0.132	86.966	95.489	1.413	86.783	95.250	0.360	0.487	0.498	0.338	73.587	4106	4500
314	0.147	118.919	96.327	1.473	118.724	96.076	0.402	0.487	0.535	0.350	122.545	5612	4539
315	0.125	79.112	96.406	1.336	78.867	96.245	0.487	0.318	0.499	0.319	7.158	3735	4547
316	0.138	101.091	96.657	1.413	100.923	96.393	0.339	0.529	0.520	0.337	97.539	4773	4554
317	0.138	47.660	96.884	1.413	47.456	96.668	0.423	0.444	0.512	0.343	51.522	2251	4567
318	0.128	37.653	96.989	1.364	37.402	96.795	0.487	0.381	0.497	0.327	155.765	1775	4573
319	0.147	33.718	97.080	1.486	33.443	96.901	0.550	0.360	0.544	0.345	172.408	1587	4578
320	0.142	109.909	97.559	1.461	109.749	97.282	0.339	0.572	0.550	0.330	87.503	5191	4596
321	0.098	110.579	97.731	1.196	110.405	97.536	0.360	0.381	0.454	0.275	129.617	5218	4608
322	0.132	105.060	97.857	1.401	104.881	97.600	0.339	0.508	0.510	0.329	81.549	4964	4611
323	0.139	21.517	97.777	1.426	21.251	97.621	0.550	0.318	0.544	0.325	178.781	1010	4612
324	0.124	124.415	98.059	1.401	124.164	97.854	0.487	0.381	0.512	0.308	28.880	5884	4623
325	0.132	74.481	98.091	1.424	74.232	97.875	0.487	0.423	0.513	0.328	39.399	3519	4624
326	0.142	123.251	98.797	1.438	123.042	98.552	0.402	0.466	0.522	0.346	57.911	5823	4656
327	0.155	118.691	98.895	1.528	118.491	98.616	0.381	0.550	0.554	0.355	75.713	5608	4659
328	0.135	90.395	99.216	1.426	90.191	98.975	0.402	0.466	0.515	0.333	54.557	4274	4676
329	0.134	37.268	99.347	1.388	37.084	99.081	0.360	0.508	0.505	0.336	107.322	1758	4681
330	0.123	33.519	99.460	1.334	33.316	99.250	0.423	0.423	0.485	0.322	129.091	1578	4689
331	0.109	33.139	99.542	1.256	32.956	99.335	0.360	0.423	0.468	0.298	127.109	1560	4693
332	0.135	36.593	99.843	1.401	36.407	99.610	0.381	0.487	0.528	0.326	120.693	1721	4706
333	0.155	129.061	99.916	1.515	128.863	99.653	0.402	0.529	0.574	0.345	61.201	6098	4708
334	0.133	70.716	99.924	1.388	70.485	99.716	0.466	0.402	0.513	0.329	33.531	3344	4711
335	0.116	102.171	100.064	1.294	101.939	99.907	0.466	0.318	0.484	0.307	161.520	4819	4720
336	0.082	103.006	100.182	1.107	102.828	100.034	0.339	0.296	0.369	0.282	153.654	4862	4726
337	0.140	104.471	100.361	1.510	104.288	100.076	0.339	0.572	0.568	0.314	89.543	4933	4728
338	0.140	106.134	100.464	1.456	105.939	100.203	0.381	0.508	0.530	0.336	71.008	5015	4734
339	0.148	44.429	100.819	1.461	44.196	100.605	0.466	0.444	0.546	0.345	139.807	2092	4753
340	0.050	6.994	100.852	0.877	6.837	100.732	0.296	0.233	0.299	0.212	168.467	327	4759
341	0.047	59.448	100.885	0.877	59.330	100.732	0.254	0.296	0.324	0.183	130.046	2805	4759
342	0.050	37.370	100.931	0.895	37.211	100.796	0.296	0.275	0.319	0.200	143.783	1765	4762
343	0.143	50.506	101.024	1.456	50.292	100.796	0.423	0.466	0.526	0.347	52.307	2386	4762
344	0.137	79.084	100.972	1.396	78.825	100.796	0.508	0.339	0.516	0.338	9.633	3734	4762
345	0.150	121.279	101.257	1.473	121.052	101.029	0.444	0.444	0.522	0.366	45.973	5730	4773
346	0.131	80.754	101.530	1.383	80.582	101.282	0.339	0.508	0.503	0.332	101.863	3812	4785
347	0.114	86.700	101.580	1.341	86.466	101.410	0.466	0.339	0.485	0.300	26.962	4096	4791
348	0.138	33.759	102.101	1.408	33.528	101.918	0.466	0.381	0.520	0.339	28.236	1594	4815
349	0.170	92.174	102.713	1.575	91.990	102.404	0.381	0.593	0.569	0.380	90.882	4353	4838
350	0.116	94.117	102.755	1.341	93.874	102.574	0.466	0.360	0.481	0.308	29.572	4447	4846
351	0.136	24.236	102.881	1.413	24.045	102.637	0.381	0.487	0.520	0.334	112.822	1138	4849
352	0.134	30.028	103.063	1.448	29.824	102.806	0.381	0.529	0.509	0.334	91.915	1417	4857
353	0.143	35.184	103.138	1.515	34.925	102.955	0.550	0.360	0.537	0.340	165.909	1653	4864
354	0.134	62.924	103.185	1.388	62.696	102.976	0.444	0.423	0.507	0.336	137.353	2965	4865
355	0.123	98.748	103.176	1.306	98.531	102.997	0.444	0.339	0.447	0.351	4.883	4660	4866
356	0.146	34.558	103.346	1.453	34.332	103.103	0.466	0.466	0.537	0.346	136.116	1627	4871
357	0.140	51.373	103.316	1.448	51.096	103.145	0.529	0.360	0.519	0.344	167.341	2421	4873
358	0.124	70.435	103.440	1.371	70.210	103.230	0.423	0.423	0.496	0.318	43.206	3330	4877
359	0.151	37.896	103.489	1.461	37.677	103.251	0.444	0.466	0.552	0.348	129.521	1783	4878
360	0.137	115.926	103.425	1.421	115.676	103.251	0.508	0.339	0.534	0.327	161.614	5466	4878
361	0.148	113.575	103.628	1.486	113.326	103.399	0.466	0.444	0.526	0.358	39.892	5372	4885
362	0.112	111.695	103.964	1.311	111.527	103.738	0.339	0.466	0.460	0.310	80.213	5275	4901
363	0.105	43.937	104.124	1.251	43.730	103.950	0.423	0.339	0.462	0.290	28.027	2082	4911
364	0.106	42.490	104.605	1.251	42.312	104.415	0.381	0.381	0.453	0.298	46.884	2010	4933
365	0.111	56.536	104.739	1.316	56.324	104.542	0.423	0.381	0.485	0.291	37.060	2676	4939
366	0.130	74.925	104.832	1.431	74.761	104.584	0.339	0.529	0.526	0.316	85.243	3537	4941
367	0.142	98.678	104.912	1.486	98.425	104.712	0.487	0.402	0.538	0.337	32.864	4664	4947
368	0.125	113.527	105.202	1.341	113.348	104.987	0.381	0.444	0.488	0.325	55.952	5364	4960
369	0.152	51.609	105.310	1.551	51.372	105.050	0.444	0.487	0.555	0.349	49.306	2443	4963
370	0.120	27.886	105.315	1.306	27.707	105.092	0.339	0.444	0.470	0.325	104.015	1313	4965
371	0.167	53.061	105.289	1.648	52.768	105.092	0.572	0.402	0.570	0.373	169.431	2503	4965
372	0.141	105.969	105.343	1.413	105.749	105.114	0.423	0.444	0.511	0.352	48.960	5007	4966
373	0.139	17.917	105.377	1.396	17.738	105.135	0.360	0.487	0.497	0.357	98.771	844	4967
374	0.138	22.054	105.457	1.436	21.844	105.198	0.402	0.508	0.534	0.328	119.999	1038	4970
375	0.124	26.998	105.597	1.329	26.839	105.346	0.339	0.487	0.476	0.331	102.740	1271	4977
376	0.103	39.179	105.613	1.294	39.052	105.346	0.254	0.529	0.512	0.257	91.374	1850	4977
377	0.134	83.342	106.020	1.436	83.100	105.791	0.466	0.444	0.520	0.327	39.643	3942	4998
378	0.136	82.438	106.075	1.418	82.232	105.854	0.423	0.444	0.506	0.343	48.779	3894	5001
379	0.115	32.943	106.181	1.323	32.787	105.918	0.296	0.508	0.507	0.289	96.282	1553	5004
380	0.132	41.561	106.298	1.438	41.296	106.151	0.550	0.318	0.554	0.303	4.117	1960	5015
381	0.149	94.166	106.490	1.473	93.959	106.236	0.402	0.508	0.544	0.349	114.700	4444	5019
382	0.141	40.029	106.682	1.418	39.836	106.426	0.381	0.508	0.522	0.343	65.126	1892	5028
383	0.172	70.453	106.644	1.618	70.146	106.447	0.593	0.402	0.618	0.356	21.779	3328	5029
384	0.132	32.413	106.886	1.443	32.258	106.616	0.318	0.550	0.549	0.306	103.672	1526	5037
385	0.155	33.522	106.969	1.510	33.338	106.701	0.360	0.550	0.567	0.349	100.753	1579	5041
386	0.104	76.141	106.926	1.214	75.946	106.722	0.381	0.381	0.459	0.288	43.614	3599	5042
387	0.144	26.615	107.034	1.443	26.416	106.786	0.402	0.487	0.543	0.338	120.961	1252	5045
388	0.131	76.720	107.464	1.359	76.539	107.209	0.360	0.487	0.485	0.345	69.437	3624	5065
389	0.114	31.437	107.507	1.359	31.284	107.252	0.318	0.508	0.500	0.290	96.522	1482	5067
390	0.047	63.851	107.445	0.818	63.712	107.336	0.296	0.212	0.294	0.204	7.737	3015	5071
391	0.109	117.188	107.674	1.226	117.009	107.463	0.360	0.402	0.407	0.341	71.794	5535	5077
392	0.136	65.764	107.833	1.426	65.596	107.590	0.339	0.529	0.520	0.332	99.222	3102	5083
393	0.125	57.536	108.147	1.371	57.277	107.971	0.508	0.339	0.504	0.316	171.269	2715	5101
394	0.141	26.020	108.566	1.401	25.823	108.331	0.402	0.466	0.498	0.360	119.311	1224	5118
395	0.146	48.316	108.544	1.461	48.048	108.352	0.529	0.381	0.529	0.351	23.173	2283	5119
396	0.133	33.747	108.685	1.426	33.570	108.437	0.339	0.529	0.527	0.321	78.372	1593	5123
397	0.117	111.381	108.646	1.299	111.188	108.437	0.381	0.423	0.457	0.327	59.506	5263	5123
398	0.131	40.172	109.138	1.413	39.942	108.924	0.444	0.423	0.509	0.328	42.639	1899	5146
399	0.140	37.951	109.652	1.401	37.761	109.410	0.381	0.487	0.515	0.347	66.160	1792	5169
400	0.147	40.626	109.877	1.468	40.407	109.643	0.423	0.466	0.544	0.343	51.168	1921	5180
401	0.120	109.184	109.967	1.311	108.945	109.792	0.466	0.339	0.475	0.320	13.618	5160	5187
402	0.124	17.507	110.815	1.376	17.336	110.575	0.339	0.508	0.494	0.320	97.893	823	5224
403	0.131	34.952	110.936	1.396	34.798	110.680	0.318	0.529	0.533	0.313	80.662	1650	5229
404	0.142	76.291	111.078	1.431	76.094	110.829	0.402	0.487	0.537	0.336	57.799	3605	5236
405	0.109	38.716	111.088	1.256	38.502	110.913	0.423	0.360	0.463	0.300	33.608	1830	5240
406	0.147	49.370	111.168	1.468	49.128	110.956	0.466	0.423	0.539	0.348	35.772	2334	5242
407	0.135	122.397	111.257	1.443	122.216	110.998	0.360	0.529	0.545	0.315	66.880	5785	5244
408	0.135	108.411	111.262	1.394	108.204	111.019	0.423	0.466	0.528	0.325	129.838	5115	5245
409	0.126	108.423	111.750	1.294	108.204	111.570	0.423	0.360	0.446	0.360	18.093	5120	5271
410	0.130	30.713	112.457	1.371	30.544	112.204	0.339	0.508	0.494	0.336	97.045	1449	5301
411	0.135	123.749	112.484	1.443	123.571	112.204	0.339	0.550	0.526	0.327	88.089	5846	5301
412	0.137	62.064	112.440	1.413	61.807	112.268	0.529	0.339	0.523	0.333	168.189	2926	5304
413	0.125	88.049	112.438	1.329	87.799	112.268	0.487	0.339	0.471	0.339	3.226	4157	5304
414	0.142	99.115	113.118	1.503	98.912	112.861	0.381	0.508	0.523	0.347	70.145	4685	5332
415	0.162	16.477	113.214	1.521	16.256	112.966	0.444	0.508	0.553	0.373	127.434	772	5337
416	0.130	116.256	113.170	1.359	116.014	112.988	0.487	0.360	0.495	0.336	14.469	5492	5338
417	0.137	84.173	113.390	1.461	83.926	113.157	0.466	0.444	0.521	0.334	35.130	3983	5346
418	0.105	36.319	113.839	1.226	36.153	113.623	0.339	0.423	0.456	0.294	60.713	1717	5368
419	0.132	22.592	114.003	1.418	22.331	113.813	0.508	0.381	0.516	0.326	153.467	1062	5377
420	0.123	38.286	114.126	1.316	38.100	113.898	0.381	0.444	0.483	0.324	54.150	1811	5381
421	0.149	29.975	114.273	1.480	29.803	114.004	0.339	0.550	0.558	0.341	85.296	1414	5386
422	0.126	29.416	114.342	1.359	29.231	114.088	0.360	0.487	0.475	0.339	100.055	1389	5390
423	0.092	119.250	114.814	1.184	119.105	114.575	0.296	0.444	0.447	0.263	107.535	5631	5413
424	0.139	33.985	114.867	1.426	33.803	114.618	0.360	0.508	0.532	0.333	68.945	1606	5415
425	0.147	51.230	114.920	1.478	50.969	114.723	0.529	0.402	0.544	0.343	25.197	2422	5420
426	0.099	39.296	114.985	1.244	39.137	114.766	0.339	0.444	0.471	0.267	57.280	1858	5422
427	0.112	35.872	115.364	1.261	35.687	115.147	0.381	0.423	0.439	0.324	48.181	1696	5440
428	0.149	41.781	115.590	1.473	41.508	115.401	0.529	0.381	0.561	0.339	23.637	1973	5452
429	0.140	53.880	115.649	1.431	53.636	115.443	0.487	0.402	0.533	0.334	32.011	2548	5454
430	0.103	100.731	115.712	1.351	100.520	115.464	0.402	0.466	0.557	0.234	53.474	4762	5455
431	0.105	31.304	115.787	1.191	31.136	115.591	0.339	0.381	0.387	0.347	88.505	1477	5461
432	0.128	46.587	116.066	1.341	46.355	115.909	0.487	0.339	0.481	0.338	0.775	2195	5476
433	0.043	64.574	116.534	0.775	64.452	116.417	0.254	0.233	0.249	0.217	21.177	3048	5500
434	0.136	84.035	116.700	1.396	83.778	116.523	0.508	0.339	0.515	0.337	179.850	3968	5505
435	0.149	107.047	116.728	1.478	106.786	116.523	0.529	0.402	0.550	0.344	152.457	5052	5505
436	0.054	18.816	116.811	0.872	18.711	116.650	0.212	0.318	0.335	0.206	106.327	886	5511
437	0.142	84.322	117.242	1.413	84.138	116.988	0.360	0.508	0.504	0.358	102.568	3980	5527
438	0.122	107.646	117.205	1.316	107.442	116.988	0.402	0.423	0.492	0.315	48.382	5087	5527
439	0.144	105.812	117.201	1.438	105.537	117.030	0.529	0.339	0.541	0.338	9.061	4998	5529
440	0.133	37.494	117.802	1.406	37.296	117.581	0.402	0.466	0.510	0.332	53.946	1771	5555
441	0.107	24.708	118.405	1.196	24.511	118.237	0.402	0.339	0.426	0.320	28.920	1165	5586
442	0.130	43.033	118.934	1.401	42.778	118.766	0.529	0.339	0.515	0.321	173.109	2027	5611
443	0.116	65.409	119.031	1.294	65.172	118.872	0.466	0.318	0.476	0.309	12.025	3090	5616
444	0.083	31.148	119.451	1.077	30.967	119.295	0.339	0.318	0.335	0.315	153.039	1469	5636
445	0.041	112.411	119.448	0.823	112.310	119.295	0.212	0.296	0.301	0.174	74.938	5311	5636
446	0.127	78.928	119.654	1.401	78.740	119.422	0.381	0.487	0.516	0.313	59.908	3729	5642
447	0.126	106.940	120.133	1.418	106.680	119.930	0.487	0.381	0.535	0.299	33.530	5055	5666
448	0.116	29.681	120.190	1.286	29.506	119.952	0.339	0.466	0.470	0.314	110.099	1401	5667
449	0.133	102.670	120.338	1.391	102.510	120.078	0.318	0.508	0.525	0.323	80.005	4851	5673
450	0.156	51.697	120.983	1.498	51.414	120.798	0.550	0.360	0.561	0.355	10.225	2441	5707
451	0.144	14.302	121.509	1.480	14.139	121.243	0.339	0.550	0.555	0.330	86.607	673	5728
452	0.142	82.108	121.407	1.461	81.830	121.243	0.550	0.339	0.543	0.333	8.003	3875	5728
453	0.133	47.757	121.594	1.383	47.562	121.370	0.402	0.444	0.506	0.335	127.640	2248	5734
454	0.131	104.362	122.100	1.401	104.119	121.920	0.487	0.381	0.526	0.317	27.881	4929	5760
455	0.145	17.221	122.227	1.498	17.018	121.962	0.381	0.529	0.544	0.340	66.129	818	5762
456	0.143	27.996	122.282	1.418	27.792	122.047	0.423	0.466	0.499	0.366	54.175	1325	5766
457	0.131	75.304	122.617	1.401	75.120	122.364	0.381	0.487	0.538	0.309	124.528	3551	5781
458	0.110	113.412	122.676	1.288	113.242	122.449	0.318	0.444	0.478	0.293	74.571	5356	5785
459	0.140	46.362	122.771	1.508	46.186	122.470	0.360	0.572	0.558	0.319	99.290	2188	5786
460	0.129	106.849	122.733	1.346	106.638	122.513	0.423	0.423	0.495	0.332	41.867	5052	5788
461	0.145	51.723	122.984	1.491	51.477	122.788	0.508	0.423	0.547	0.337	31.450	2445	5801
462	0.130	97.857	123.457	1.396	97.684	123.211	0.339	0.508	0.518	0.320	88.363	4620	5821
463	0.127	98.971	123.555	1.366	98.785	123.338	0.381	0.444	0.508	0.318	57.201	4675	5827
464	0.137	50.694	123.699	1.401	50.461	123.486	0.444	0.423	0.503	0.347	43.599	2397	5834
465	0.135	81.844	123.852	1.431	81.576	123.677	0.529	0.360	0.546	0.314	158.440	3858	5843
466	0.134	113.943	124.497	1.371	113.707	124.312	0.487	0.360	0.503	0.338	159.208	5376	5873
467	0.120	114.395	124.791	1.334	114.194	124.566	0.402	0.444	0.500	0.306	52.276	5407	5885
468	0.128	34.992	124.877	1.323	34.819	124.651	0.360	0.444	0.445	0.365	106.050	1650	5889
469	0.125	36.360	125.002	1.334	36.174	124.778	0.381	0.466	0.478	0.332	118.598	1712	5895
470	0.131	89.512	125.046	1.359	89.302	124.841	0.423	0.423	0.508	0.328	136.809	4221	5898
471	0.111	110.286	125.088	1.299	110.130	124.841	0.318	0.487	0.486	0.290	79.125	5210	5898
472	0.126	47.320	125.540	1.353	47.075	125.370	0.487	0.339	0.509	0.316	17.084	2235	5923
473	0.153	62.267	125.913	1.515	61.976	125.751	0.572	0.339	0.577	0.338	176.222	2934	5941
474	0.133	109.924	126.175	1.408	109.770	125.920	0.318	0.529	0.530	0.320	95.453	5189	5949
475	0.138	46.218	126.217	1.448	46.016	125.963	0.402	0.487	0.522	0.337	61.678	2185	5951
476	0.164	17.599	127.401	1.688	17.336	127.169	0.550	0.466	0.558	0.374	147.212	825	6008
477	0.123	77.921	127.772	1.323	77.745	127.550	0.360	0.444	0.498	0.314	121.861	3674	6026
478	0.140	41.469	128.042	1.486	41.254	127.804	0.423	0.487	0.531	0.335	52.955	1962	6038
479	0.125	72.313	128.354	1.346	72.115	128.122	0.402	0.444	0.513	0.310	129.439	3411	6053
480	0.130	116.751	128.454	1.388	116.523	128.249	0.466	0.402	0.514	0.323	148.099	5510	6059
481	0.156	28.760	129.034	1.491	28.533	128.799	0.466	0.466	0.543	0.366	42.259	1361	6085
482	0.149	111.014	129.169	1.493	110.850	128.884	0.339	0.550	0.560	0.339	85.379	5244	6089
483	0.139	109.297	129.079	1.443	109.030	128.905	0.550	0.339	0.550	0.322	10.664	5164	6090
484	0.134	34.918	129.438	1.459	34.713	129.201	0.402	0.487	0.486	0.352	63.767	1649	6104
485	0.153	44.314	131.415	1.515	44.132	131.128	0.381	0.550	0.536	0.363	87.953	2094	6195
486	0.128	35.829	131.552	1.388	35.581	131.382	0.487	0.360	0.506	0.322	153.464	1684	6207
487	0.132	48.997	131.760	1.396	48.747	131.593	0.487	0.339	0.493	0.340	163.696	2308	6217
488	0.147	32.122	132.190	1.456	31.898	131.974	0.444	0.444	0.505	0.370	136.124	1511	6235
