 	Area	X	Y	Perim.	BX	BY	Width	Height	Major	Minor	Angle	XStart	YStart
1	0.091	109.438	17.787	1.159	109.262	17.611	0.360	0.360	0.372	0.310	47.522	5170	832
2	0.153	58.215	19.165	1.535	58.039	18.902	0.360	0.529	0.548	0.356	85.265	2747	893
3	0.129	63.827	20.051	1.431	63.669	19.791	0.339	0.508	0.504	0.327	83.884	3013	935
4	0.126	57.691	21.615	1.334	57.489	21.400	0.423	0.423	0.500	0.321	135.800	2720	1011
5	0.142	70.424	21.679	1.431	70.231	21.421	0.381	0.508	0.545	0.331	117.384	3322	1012
6	0.118	66.243	22.765	1.346	66.040	22.564	0.402	0.444	0.493	0.305	130.073	3123	1066
7	0.142	34.532	23.324	1.448	34.332	23.072	0.402	0.508	0.492	0.366	95.007	1631	1090
8	0.126	40.912	23.333	1.413	40.746	23.093	0.339	0.508	0.500	0.322	97.357	1928	1091
9	0.111	95.128	23.284	1.251	94.932	23.114	0.402	0.360	0.440	0.321	151.177	4487	1092
10	0.141	92.351	24.082	1.408	92.160	23.855	0.381	0.466	0.508	0.354	117.431	4356	1127
11	0.127	50.887	24.287	1.346	50.673	24.088	0.444	0.402	0.495	0.327	34.816	2406	1138
12	0.151	68.276	24.533	1.515	67.987	24.342	0.550	0.381	0.530	0.364	173.594	3221	1150
13	0.143	122.956	24.693	1.448	122.703	24.511	0.529	0.381	0.539	0.338	24.037	5808	1158
14	0.131	36.269	24.926	1.431	36.047	24.702	0.444	0.423	0.502	0.333	41.792	1716	1167
15	0.145	103.498	25.177	1.563	103.272	24.956	0.444	0.466	0.520	0.354	131.199	4882	1179
16	0.139	31.577	25.535	1.441	31.306	25.336	0.529	0.402	0.528	0.336	153.705	1488	1197
17	0.148	25.954	25.638	1.598	25.718	25.379	0.444	0.529	0.570	0.330	120.809	1222	1199
18	0.163	61.472	25.774	1.648	61.256	25.506	0.423	0.550	0.585	0.354	60.035	2906	1205
19	0.159	97.979	25.880	1.688	97.663	25.675	0.593	0.402	0.557	0.364	0.866	4627	1213
20	0.151	60.501	26.370	1.640	60.240	26.162	0.550	0.402	0.523	0.366	7.601	2856	1236
21	0.138	40.201	26.771	1.431	39.942	26.585	0.508	0.381	0.545	0.321	27.177	1901	1256
22	0.131	44.711	26.839	1.371	44.471	26.649	0.466	0.381	0.498	0.336	24.676	2114	1259
23	0.122	35.995	27.777	1.311	35.750	27.622	0.487	0.318	0.487	0.319	7.042	1697	1305
24	0.175	60.395	28.241	1.718	60.156	27.961	0.487	0.550	0.565	0.394	67.282	2855	1321
25	0.143	82.870	28.840	1.561	82.656	28.617	0.444	0.466	0.487	0.374	53.365	3914	1352
26	0.121	117.131	29.165	1.334	116.946	28.935	0.381	0.466	0.489	0.315	56.443	5537	1367
27	0.159	74.898	29.541	1.598	74.612	29.337	0.550	0.402	0.555	0.364	21.616	3540	1386
28	0.129	35.777	29.831	1.371	35.602	29.591	0.360	0.487	0.500	0.327	103.290	1686	1398
29	0.136	58.828	30.120	1.413	58.653	29.866	0.339	0.529	0.536	0.323	104.835	2775	1411
30	0.133	81.068	30.139	1.401	80.899	29.887	0.360	0.487	0.485	0.349	85.715	3829	1412
31	0.120	121.853	30.096	1.336	121.645	29.908	0.423	0.381	0.483	0.316	144.013	5747	1413
32	0.133	27.372	30.377	1.388	27.178	30.141	0.381	0.487	0.500	0.339	64.586	1295	1424
33	0.120	37.773	30.374	1.316	37.592	30.162	0.381	0.444	0.479	0.318	56.559	1785	1425
34	0.129	31.096	30.352	1.371	30.840	30.184	0.508	0.339	0.516	0.317	16.997	1468	1426
35	0.144	109.694	30.569	1.483	109.474	30.332	0.466	0.466	0.511	0.359	140.172	5177	1433
36	0.122	40.860	30.672	1.359	40.598	30.501	0.508	0.339	0.503	0.310	11.517	1932	1441
37	0.136	87.155	30.881	1.448	86.910	30.692	0.487	0.402	0.506	0.343	37.262	4116	1450
38	0.145	44.432	31.048	1.491	44.260	30.755	0.360	0.550	0.541	0.341	92.904	2099	1453
39	0.129	54.375	31.170	1.359	54.187	30.925	0.360	0.487	0.486	0.339	66.833	2570	1461
40	0.127	44.901	31.141	1.323	44.704	30.946	0.402	0.402	0.474	0.342	43.496	2120	1462
41	0.134	84.000	31.441	1.401	83.756	31.242	0.487	0.381	0.517	0.329	26.842	3972	1476
42	0.096	36.689	31.467	1.196	36.470	31.327	0.423	0.296	0.424	0.289	9.809	1730	1480
43	0.137	41.086	31.840	1.401	40.830	31.665	0.529	0.339	0.525	0.331	6.295	1940	1496
44	0.132	36.481	32.405	1.383	36.258	32.216	0.466	0.381	0.497	0.338	29.882	1723	1522
45	0.103	56.347	32.397	1.196	56.134	32.237	0.423	0.318	0.424	0.309	5.632	2661	1523
46	0.126	63.457	32.895	1.346	63.267	32.660	0.402	0.444	0.492	0.326	127.953	2993	1543
47	0.123	65.914	32.913	1.359	65.744	32.660	0.381	0.466	0.500	0.312	120.675	3109	1543
48	0.125	36.658	33.526	1.323	36.491	33.295	0.339	0.466	0.476	0.334	103.434	1727	1573
49	0.140	93.953	33.645	1.448	93.705	33.443	0.487	0.423	0.546	0.327	145.970	4429	1580
50	0.125	48.256	33.776	1.351	48.027	33.570	0.466	0.402	0.492	0.325	144.228	2275	1586
51	0.134	118.417	33.868	1.413	118.174	33.697	0.508	0.339	0.506	0.338	7.115	5591	1592
52	0.117	72.425	34.084	1.299	72.242	33.867	0.360	0.444	0.477	0.313	114.502	3415	1600
53	0.136	105.403	34.241	1.424	105.220	33.973	0.381	0.529	0.522	0.332	110.624	4977	1605
54	0.117	78.413	34.316	1.269	78.211	34.121	0.402	0.381	0.440	0.338	41.845	3704	1612
55	0.153	97.446	34.404	1.563	97.176	34.184	0.529	0.444	0.579	0.337	144.978	4592	1615
56	0.119	60.169	34.390	1.323	59.923	34.226	0.487	0.318	0.494	0.307	171.591	2841	1617
57	0.145	14.517	34.906	1.545	14.330	34.629	0.381	0.529	0.523	0.353	79.096	685	1636
58	0.128	107.148	34.912	1.396	106.892	34.756	0.529	0.318	0.509	0.319	10.294	5058	1642
59	0.130	87.083	35.147	1.388	86.868	34.925	0.423	0.444	0.513	0.324	47.520	4117	1650
60	0.042	131.356	35.157	0.812	131.191	35.073	0.318	0.169	0.331	0.162	4.345	6205	1657
61	0.132	114.508	35.751	1.388	114.236	35.581	0.529	0.339	0.512	0.329	5.370	5408	1681
62	0.129	77.049	36.044	1.383	76.877	35.793	0.339	0.487	0.495	0.331	95.423	3638	1691
63	0.134	105.039	36.110	1.461	104.881	35.814	0.318	0.593	0.551	0.310	84.446	4960	1692
64	0.133	95.350	36.516	1.388	95.123	36.301	0.444	0.423	0.507	0.333	141.899	4500	1715
65	0.138	43.682	37.065	1.413	43.413	36.894	0.529	0.339	0.508	0.346	176.606	2058	1743
66	0.129	87.320	37.334	1.371	87.122	37.105	0.402	0.444	0.511	0.322	50.282	4128	1753
67	0.125	94.315	37.260	1.366	94.065	37.105	0.508	0.318	0.507	0.314	5.213	4452	1753
68	0.119	104.610	37.343	1.323	104.394	37.169	0.444	0.360	0.482	0.314	27.278	4940	1756
69	0.146	54.480	37.796	1.473	54.293	37.528	0.381	0.529	0.522	0.356	74.756	2574	1773
70	0.125	46.900	38.079	1.329	46.694	37.888	0.423	0.402	0.491	0.325	38.324	2216	1790
71	0.125	121.149	38.363	1.341	120.904	38.185	0.487	0.339	0.475	0.334	179.028	5722	1804
72	0.166	67.049	38.740	1.672	66.844	38.439	0.381	0.572	0.597	0.354	77.292	3167	1816
73	0.121	106.193	38.685	1.334	105.982	38.481	0.423	0.423	0.501	0.307	139.589	5011	1818
74	0.146	84.156	39.108	1.491	83.968	38.841	0.381	0.529	0.527	0.352	74.257	3977	1835
75	0.135	103.672	39.052	1.418	103.442	38.841	0.444	0.444	0.518	0.333	131.124	4890	1835
76	0.097	125.959	39.232	1.239	125.794	39.010	0.339	0.402	0.384	0.322	103.952	5951	1843
77	0.128	30.418	39.513	1.364	30.226	39.285	0.381	0.487	0.508	0.320	61.531	1437	1856
78	0.131	33.878	40.045	1.401	33.718	39.772	0.318	0.550	0.541	0.308	76.251	1601	1879
79	0.132	37.825	40.231	1.371	37.613	40.026	0.423	0.423	0.505	0.332	137.826	1779	1891
80	0.109	98.965	40.230	1.281	98.785	40.026	0.360	0.423	0.471	0.295	56.532	4676	1891
81	0.119	105.619	40.290	1.311	105.452	40.068	0.339	0.466	0.472	0.320	72.000	4990	1893
82	0.117	115.557	40.475	1.299	115.337	40.301	0.444	0.360	0.476	0.313	24.114	5459	1904
83	0.156	84.271	40.977	1.621	84.032	40.725	0.487	0.487	0.544	0.365	48.587	3982	1924
84	0.139	19.227	41.698	1.431	19.050	41.444	0.360	0.529	0.533	0.332	109.542	904	1958
85	0.134	24.275	42.151	1.413	24.109	41.868	0.339	0.529	0.526	0.323	105.053	1145	1978
86	0.118	31.216	42.606	1.329	30.967	42.439	0.466	0.360	0.490	0.307	151.913	1467	2005
87	0.116	44.518	42.733	1.261	44.344	42.503	0.339	0.466	0.469	0.315	112.891	2100	2008
88	0.142	40.363	42.813	1.461	40.090	42.630	0.550	0.360	0.551	0.329	15.124	1907	2014
89	0.138	90.848	43.033	1.471	90.636	42.799	0.423	0.487	0.525	0.336	54.245	4293	2022
90	0.143	81.437	43.117	1.510	81.259	42.841	0.339	0.550	0.560	0.325	84.734	3847	2024
91	0.113	117.495	43.272	1.269	117.285	43.074	0.402	0.381	0.456	0.315	135.649	5545	2035
92	0.140	49.852	43.629	1.431	49.636	43.413	0.444	0.444	0.520	0.342	131.763	2347	2051
93	0.125	46.907	43.787	1.353	46.694	43.582	0.423	0.402	0.506	0.314	41.670	2218	2059
94	0.110	32.564	43.992	1.274	32.343	43.773	0.402	0.402	0.465	0.302	48.688	1541	2068
95	0.135	92.540	44.158	1.388	92.329	43.942	0.423	0.444	0.495	0.347	50.472	4372	2076
96	0.088	125.509	44.393	1.107	125.349	44.217	0.318	0.360	0.357	0.313	118.199	5927	2089
97	0.126	46.087	44.439	1.401	45.826	44.281	0.529	0.339	0.539	0.297	18.827	2176	2092
98	0.139	97.671	44.667	1.396	97.409	44.492	0.508	0.339	0.518	0.342	179.881	4612	2102
99	0.121	101.912	45.016	1.316	101.685	44.831	0.444	0.381	0.482	0.319	30.695	4815	2118
100	0.135	98.310	45.073	1.396	98.065	44.894	0.487	0.360	0.512	0.336	169.163	4641	2121
101	0.151	62.772	45.620	1.461	62.526	45.402	0.466	0.444	0.515	0.372	37.360	2966	2145
102	0.081	125.797	45.739	1.040	125.645	45.572	0.296	0.339	0.342	0.300	98.895	5941	2153
103	0.134	51.360	45.982	1.406	51.139	45.762	0.444	0.444	0.526	0.323	132.578	2420	2162
104	0.117	113.296	46.026	1.316	113.094	45.826	0.423	0.402	0.493	0.303	143.364	5344	2165
105	0.183	54.033	46.463	1.672	53.721	46.270	0.635	0.381	0.629	0.370	6.173	2548	2186
106	0.041	109.060	46.797	0.775	108.945	46.651	0.212	0.275	0.285	0.184	70.754	5152	2204
107	0.127	60.776	47.028	1.388	60.558	46.821	0.444	0.402	0.508	0.319	144.689	2862	2212
108	0.125	100.410	47.148	1.359	100.203	46.948	0.423	0.423	0.486	0.326	46.758	4744	2218
109	0.113	109.180	47.252	1.256	108.966	47.075	0.444	0.339	0.449	0.320	166.477	5155	2224
110	0.129	17.864	47.345	1.346	17.653	47.138	0.423	0.402	0.471	0.349	143.409	839	2227
111	0.138	48.018	47.403	1.418	47.773	47.202	0.487	0.402	0.528	0.334	30.736	2270	2230
112	0.125	46.320	47.510	1.406	46.080	47.286	0.444	0.444	0.530	0.300	49.629	2189	2234
113	0.116	30.070	47.997	1.401	29.866	47.816	0.444	0.381	0.467	0.316	32.956	1420	2259
114	0.130	34.763	48.386	1.383	34.565	48.154	0.381	0.466	0.508	0.326	62.333	1643	2275
115	0.123	117.401	48.392	1.316	117.221	48.154	0.360	0.466	0.487	0.322	64.996	5546	2275
116	0.131	51.067	48.356	1.406	50.821	48.175	0.508	0.381	0.515	0.324	25.938	2413	2276
117	0.138	19.288	48.881	1.396	19.050	48.704	0.487	0.360	0.498	0.353	7.710	908	2301
118	0.114	41.596	49.006	1.353	41.381	48.810	0.423	0.402	0.490	0.297	38.924	1972	2306
119	0.124	98.675	49.476	1.359	98.510	49.212	0.339	0.508	0.499	0.317	97.767	4659	2325
120	0.131	33.802	49.675	1.418	33.592	49.424	0.402	0.487	0.514	0.325	57.998	1599	2335
121	0.128	98.773	49.963	1.468	98.573	49.720	0.381	0.487	0.525	0.310	61.777	4670	2349
122	0.130	95.165	50.349	1.383	94.911	50.186	0.508	0.339	0.510	0.326	173.653	4490	2371
123	0.138	122.064	50.516	1.438	121.793	50.356	0.529	0.339	0.539	0.326	178.904	5763	2379
124	0.142	59.736	50.821	1.436	59.542	50.567	0.402	0.508	0.520	0.347	64.333	2824	2389
125	0.142	94.590	51.220	1.473	94.424	50.948	0.339	0.529	0.540	0.336	96.706	4464	2407
126	0.143	23.609	51.231	1.461	23.368	51.033	0.487	0.402	0.533	0.341	31.646	1118	2411
127	0.156	71.950	51.599	1.628	71.734	51.329	0.423	0.550	0.534	0.372	109.532	3396	2425
128	0.138	110.793	51.659	1.436	110.554	51.456	0.466	0.423	0.520	0.337	139.555	5227	2431
129	0.107	106.471	52.094	1.244	106.278	51.901	0.402	0.381	0.453	0.301	139.696	5024	2452
130	0.119	32.777	52.143	1.281	32.533	51.985	0.466	0.318	0.476	0.318	168.236	1543	2456
131	0.140	26.716	52.264	1.418	26.480	52.049	0.466	0.423	0.523	0.341	38.591	1265	2459
132	0.107	37.690	52.570	1.251	37.507	52.366	0.360	0.402	0.460	0.296	56.607	1781	2474
133	0.131	23.603	52.660	1.371	23.347	52.493	0.508	0.339	0.504	0.331	5.203	1112	2480
134	0.108	36.148	53.018	1.244	35.983	52.790	0.339	0.444	0.448	0.307	70.231	1708	2494
135	0.143	38.235	53.204	1.508	38.037	52.959	0.423	0.487	0.508	0.358	119.704	1800	2502
136	0.136	55.186	54.047	1.396	54.970	53.827	0.423	0.423	0.478	0.363	43.212	2609	2543
137	0.099	120.269	54.005	1.167	120.057	53.848	0.402	0.318	0.396	0.318	9.052	5679	2544
138	0.110	76.562	54.527	1.244	76.348	54.356	0.423	0.360	0.452	0.310	31.190	3616	2568
139	0.120	118.769	54.741	1.336	118.618	54.483	0.296	0.508	0.514	0.296	85.450	5610	2574
140	0.057	125.967	54.737	0.877	125.836	54.610	0.275	0.275	0.286	0.254	34.677	5949	2580
141	0.132	31.464	54.961	1.383	31.284	54.716	0.360	0.487	0.505	0.333	66.074	1488	2585
142	0.122	116.685	55.153	1.371	116.523	54.906	0.318	0.529	0.505	0.307	92.673	5510	2594
143	0.124	102.879	55.217	1.388	102.637	55.033	0.487	0.381	0.513	0.307	150.535	4853	2600
144	0.127	48.077	55.258	1.353	47.837	55.097	0.487	0.339	0.497	0.325	7.006	2267	2603
145	0.110	79.517	55.448	1.286	79.333	55.245	0.381	0.402	0.468	0.298	128.906	3751	2610
146	0.101	50.781	55.587	1.244	50.610	55.372	0.339	0.444	0.476	0.271	60.850	2400	2616
147	0.141	70.660	55.603	1.586	70.379	55.393	0.572	0.402	0.549	0.327	19.033	3345	2617
148	0.151	98.823	55.807	1.528	98.573	55.584	0.487	0.444	0.522	0.370	37.069	4672	2626
149	0.135	25.388	56.029	1.388	25.167	55.816	0.444	0.423	0.491	0.350	136.418	1193	2637
150	0.105	74.471	56.064	1.256	74.316	55.816	0.318	0.466	0.459	0.292	92.674	3515	2637
151	0.136	84.730	56.099	1.418	84.518	55.880	0.444	0.423	0.520	0.332	138.182	3995	2640
152	0.125	105.835	56.417	1.353	105.600	56.240	0.466	0.360	0.491	0.323	161.877	4997	2657
153	0.138	29.161	56.617	1.426	28.893	56.452	0.529	0.339	0.533	0.331	2.546	1377	2667
154	0.133	64.891	57.192	1.431	64.664	56.960	0.444	0.444	0.520	0.326	42.058	3071	2691
155	0.107	103.453	57.218	1.256	103.272	57.002	0.381	0.402	0.454	0.299	127.498	4884	2693
156	0.137	36.758	57.492	1.413	36.576	57.235	0.360	0.508	0.513	0.339	91.006	1734	2704
157	0.132	43.720	57.554	1.401	43.455	57.383	0.529	0.339	0.508	0.330	3.619	2063	2711
158	0.135	106.809	57.703	1.396	106.638	57.446	0.339	0.508	0.517	0.332	93.429	5042	2714
159	0.140	35.031	57.771	1.443	34.862	57.510	0.339	0.550	0.540	0.330	82.563	1654	2717
160	0.115	52.773	58.304	1.251	52.557	58.145	0.444	0.318	0.453	0.324	177.899	2488	2747
161	0.155	57.421	58.488	1.503	57.235	58.230	0.402	0.529	0.538	0.368	67.938	2712	2751
162	0.132	46.574	58.480	1.401	46.313	58.314	0.529	0.339	0.527	0.319	2.291	2197	2755
163	0.208	32.204	59.075	1.926	32.004	58.695	0.402	0.741	0.752	0.352	100.865	1519	2773
164	0.123	22.950	59.204	1.406	22.796	58.928	0.339	0.529	0.489	0.321	96.562	1084	2784
165	0.129	53.077	59.124	1.413	52.832	58.949	0.508	0.339	0.517	0.317	158.568	2500	2785
166	0.118	76.482	59.728	1.376	76.264	59.542	0.423	0.402	0.478	0.315	132.545	3604	2813
167	0.093	36.241	59.824	1.184	36.089	59.605	0.318	0.423	0.435	0.273	120.929	1707	2816
168	0.134	44.015	60.100	1.371	43.836	59.859	0.360	0.487	0.490	0.347	67.846	2080	2828
169	0.131	80.560	60.197	1.413	80.391	59.923	0.339	0.529	0.544	0.307	105.747	3802	2831
170	0.131	80.046	60.319	1.406	79.798	60.134	0.508	0.381	0.518	0.321	24.784	3782	2841
171	0.124	65.591	60.652	1.359	65.342	60.473	0.508	0.339	0.509	0.309	159.056	3093	2857
172	0.149	101.203	60.875	1.491	100.965	60.664	0.444	0.444	0.501	0.378	132.280	4774	2866
173	0.144	82.818	60.939	1.538	82.571	60.685	0.487	0.466	0.556	0.329	37.610	3917	2867
174	0.134	45.215	60.863	1.408	44.937	60.706	0.529	0.318	0.526	0.325	177.115	2131	2868
175	0.122	51.575	61.356	1.388	51.393	61.129	0.381	0.487	0.519	0.300	62.897	2436	2888
176	0.134	50.464	61.369	1.401	50.207	61.193	0.529	0.339	0.547	0.311	161.009	2376	2891
177	0.146	26.018	61.573	1.466	25.739	61.383	0.529	0.402	0.533	0.348	158.692	1224	2900
178	0.148	42.244	61.995	1.478	41.995	61.764	0.487	0.444	0.549	0.344	38.955	2003	2918
179	0.059	52.401	62.067	0.962	52.239	61.955	0.360	0.233	0.360	0.207	177.420	2471	2927
180	0.114	75.818	62.270	1.291	75.565	62.103	0.487	0.339	0.483	0.300	163.830	3578	2934
181	0.125	29.454	62.401	1.329	29.210	62.230	0.487	0.339	0.478	0.333	11.278	1391	2940
182	0.137	46.457	62.582	1.413	46.207	62.399	0.508	0.360	0.533	0.328	20.359	2196	2948
183	0.135	115.679	63.077	1.413	115.506	62.802	0.339	0.529	0.534	0.323	80.750	5463	2967
184	0.134	27.065	63.208	1.383	26.818	63.034	0.508	0.339	0.511	0.332	179.096	1276	2978
185	0.129	120.382	63.330	1.359	120.121	63.161	0.508	0.339	0.507	0.324	0.542	5685	2984
186	0.130	41.321	63.655	1.371	41.084	63.458	0.466	0.381	0.502	0.331	152.814	1949	2998
187	0.146	84.334	64.193	1.508	84.074	64.008	0.529	0.360	0.529	0.351	165.793	3977	3024
188	0.099	43.272	64.318	1.256	43.032	64.156	0.466	0.318	0.457	0.277	23.381	2045	3031
189	0.135	104.123	64.636	1.388	103.928	64.389	0.381	0.487	0.501	0.343	68.474	4920	3042
190	0.122	74.461	64.645	1.348	74.210	64.495	0.508	0.296	0.521	0.299	169.623	3510	3047
191	0.120	48.892	65.499	1.311	48.641	65.342	0.487	0.318	0.493	0.310	15.779	2307	3087
192	0.134	117.460	65.616	1.371	117.221	65.426	0.466	0.381	0.487	0.349	153.079	5544	3091
193	0.146	90.215	65.642	1.533	89.958	65.468	0.529	0.381	0.514	0.360	4.132	4257	3093
194	0.126	51.847	65.854	1.359	51.647	65.638	0.423	0.423	0.490	0.328	133.669	2444	3101
195	0.117	79.403	65.918	1.329	79.248	65.659	0.318	0.508	0.491	0.303	103.112	3748	3102
196	0.129	32.857	66.396	1.413	32.702	66.146	0.339	0.529	0.513	0.319	79.997	1550	3125
197	0.129	70.292	66.602	1.388	70.040	66.421	0.508	0.360	0.528	0.312	26.009	3322	3138
198	0.117	66.322	66.733	1.299	66.146	66.506	0.360	0.444	0.469	0.317	61.697	3134	3142
199	0.123	68.228	67.187	1.346	68.051	66.929	0.381	0.466	0.497	0.314	123.241	3218	3162
200	0.139	99.509	67.471	1.466	99.293	67.225	0.423	0.487	0.506	0.349	122.218	4698	3176
201	0.126	45.486	67.567	1.408	45.212	67.395	0.529	0.318	0.536	0.299	17.440	2150	3184
202	0.130	29.641	68.320	1.401	29.400	68.136	0.487	0.381	0.541	0.306	32.608	1401	3219
203	0.157	92.002	68.755	1.568	91.800	68.474	0.402	0.550	0.560	0.357	105.687	4343	3235
204	0.124	72.273	68.972	1.388	72.115	68.707	0.339	0.508	0.516	0.305	108.736	3410	3246
205	0.113	53.094	69.125	1.329	52.874	68.940	0.444	0.360	0.461	0.313	28.482	2516	3257
206	0.116	73.738	69.341	1.281	73.575	69.109	0.318	0.466	0.475	0.310	98.925	3480	3265
207	0.156	92.972	69.872	1.545	92.668	69.702	0.593	0.339	0.584	0.341	174.849	4388	3293
208	0.126	51.663	70.762	1.359	51.393	70.591	0.508	0.339	0.519	0.309	20.667	2441	3335
209	0.127	41.006	70.854	1.431	40.767	70.633	0.487	0.381	0.475	0.340	172.884	1938	3337
210	0.119	47.904	70.862	1.336	47.667	70.697	0.487	0.318	0.505	0.300	10.633	2264	3340
211	0.125	85.569	71.161	1.364	85.365	70.930	0.402	0.466	0.522	0.305	122.295	4037	3351
212	0.131	102.733	71.107	1.456	102.468	70.930	0.508	0.339	0.513	0.326	172.897	4859	3351
213	0.128	57.776	71.288	1.496	57.552	71.078	0.423	0.508	0.519	0.313	126.535	2723	3358
214	0.099	86.310	71.389	1.256	86.127	71.162	0.381	0.402	0.458	0.275	138.351	4071	3362
215	0.121	76.606	71.800	1.321	76.390	71.607	0.444	0.402	0.477	0.322	141.708	3612	3383
216	0.125	114.629	71.871	1.341	114.406	71.692	0.466	0.360	0.498	0.318	154.676	5408	3387
217	0.075	125.868	72.217	0.997	125.730	72.051	0.296	0.339	0.342	0.280	64.804	5945	3404
218	0.125	51.858	72.233	1.323	51.626	72.072	0.466	0.339	0.483	0.328	13.940	2448	3405
219	0.117	111.673	72.492	1.294	111.442	72.326	0.444	0.339	0.492	0.304	157.008	5268	3417
220	0.125	74.087	72.713	1.351	73.893	72.496	0.402	0.466	0.504	0.317	47.590	3503	3425
221	0.131	108.106	72.736	1.371	107.865	72.538	0.466	0.381	0.513	0.326	31.731	5108	3427
222	0.125	106.745	73.148	1.353	106.574	72.898	0.339	0.487	0.501	0.319	75.304	5043	3444
223	0.121	108.720	73.116	1.341	108.500	72.919	0.444	0.381	0.501	0.309	34.114	5140	3445
224	0.121	92.601	73.306	1.316	92.371	73.131	0.466	0.360	0.504	0.306	30.001	4374	3455
225	0.112	79.409	73.503	1.306	79.248	73.279	0.318	0.444	0.484	0.296	68.057	3752	3462
226	0.126	72.562	73.638	1.329	72.326	73.470	0.487	0.339	0.479	0.334	171.789	3423	3471
227	0.134	80.407	73.794	1.418	80.137	73.618	0.529	0.360	0.522	0.328	10.482	3801	3478
228	0.127	29.299	74.041	1.341	29.146	73.787	0.318	0.508	0.502	0.321	84.109	1383	3486
229	0.122	86.389	74.300	1.346	86.191	74.083	0.381	0.466	0.504	0.309	124.416	4075	3500
230	0.108	54.174	74.570	1.239	53.954	74.422	0.466	0.296	0.460	0.298	8.417	2555	3516
231	0.144	102.602	74.691	1.431	102.341	74.507	0.529	0.360	0.520	0.352	4.733	4845	3520
232	0.126	79.901	74.723	1.359	79.671	74.528	0.466	0.381	0.516	0.311	147.346	3766	3521
233	0.123	33.478	74.818	1.341	33.295	74.591	0.381	0.444	0.486	0.322	121.397	1577	3524
234	0.119	63.837	75.204	1.304	63.648	74.994	0.402	0.423	0.478	0.316	132.951	3009	3543
235	0.107	81.767	75.584	1.214	81.555	75.417	0.423	0.339	0.452	0.300	26.772	3862	3563
236	0.127	55.380	75.810	1.371	55.160	75.628	0.466	0.381	0.506	0.319	35.725	2615	3573
237	0.116	61.044	76.249	1.304	60.875	76.010	0.339	0.487	0.475	0.310	104.664	2881	3591
238	0.126	76.245	76.427	1.366	76.073	76.200	0.360	0.466	0.511	0.315	63.665	3602	3600
239	0.122	109.041	76.549	1.311	108.839	76.348	0.402	0.402	0.482	0.322	45.186	5152	3607
240	0.082	125.958	76.722	1.112	125.794	76.560	0.381	0.296	0.372	0.281	160.745	5947	3617
241	0.127	96.104	76.982	1.341	95.885	76.772	0.423	0.402	0.489	0.330	40.682	4542	3627
242	0.133	44.758	77.648	1.378	44.514	77.491	0.508	0.318	0.522	0.323	170.164	2106	3661
243	0.130	73.925	78.113	1.418	73.660	77.936	0.529	0.339	0.520	0.319	2.940	3494	3682
244	0.144	15.218	78.807	1.448	14.986	78.592	0.487	0.423	0.530	0.347	145.847	713	3713
245	0.094	41.625	78.960	1.159	41.444	78.782	0.360	0.360	0.410	0.291	42.314	1967	3722
246	0.133	103.154	79.126	1.396	102.997	78.867	0.318	0.529	0.529	0.319	92.651	4871	3726
247	0.139	42.108	79.415	1.431	41.889	79.206	0.444	0.444	0.524	0.337	44.422	1989	3742
248	0.142	36.958	79.533	1.438	36.788	79.269	0.339	0.529	0.545	0.332	99.263	1742	3745
249	0.141	31.974	79.602	1.413	31.792	79.354	0.360	0.508	0.510	0.352	96.535	1507	3749
250	0.124	97.106	79.683	1.371	96.859	79.523	0.487	0.339	0.505	0.312	17.351	4586	3757
251	0.113	120.009	79.837	1.256	119.803	79.650	0.402	0.381	0.453	0.317	37.966	5670	3763
252	0.138	37.040	80.231	1.418	36.851	79.989	0.381	0.508	0.518	0.340	69.312	1749	3779
253	0.129	45.536	80.614	1.371	45.360	80.370	0.360	0.487	0.526	0.312	63.412	2152	3797
254	0.136	103.666	80.974	1.426	103.505	80.687	0.318	0.550	0.535	0.324	90.158	4896	3812
255	0.111	90.199	81.104	1.239	89.980	80.941	0.444	0.318	0.455	0.311	165.854	4256	3824
256	0.117	17.142	81.330	1.341	16.933	81.111	0.402	0.423	0.504	0.296	47.287	815	3832
257	0.118	49.877	81.521	1.316	49.636	81.344	0.466	0.360	0.494	0.305	153.892	2351	3843
258	0.098	23.387	81.759	1.184	23.178	81.598	0.402	0.339	0.426	0.293	140.641	1098	3855
259	0.128	41.987	81.905	1.359	41.783	81.682	0.423	0.423	0.507	0.322	137.565	1977	3859
260	0.126	106.940	82.375	1.364	106.722	82.148	0.402	0.466	0.511	0.315	125.149	5047	3881
261	0.120	102.044	82.400	1.311	101.875	82.169	0.339	0.466	0.490	0.312	110.521	4815	3882
262	0.129	23.185	82.821	1.394	22.966	82.614	0.466	0.423	0.513	0.321	40.982	1097	3903
263	0.129	60.653	83.218	1.376	60.473	82.952	0.360	0.508	0.524	0.312	116.389	2862	3919
264	0.108	63.249	83.242	1.264	63.098	83.016	0.296	0.466	0.472	0.292	99.553	2984	3922
265	0.108	84.258	83.820	1.244	84.074	83.608	0.360	0.423	0.472	0.291	125.676	3975	3950
266	0.135	92.786	84.084	1.371	92.541	83.905	0.487	0.360	0.505	0.341	161.595	4377	3964
267	0.146	24.460	84.371	1.480	24.257	84.116	0.381	0.508	0.541	0.343	66.196	1158	3974
268	0.105	88.649	84.916	1.214	88.434	84.730	0.402	0.360	0.450	0.297	36.534	4189	4003
269	0.112	91.164	85.009	1.261	90.953	84.815	0.402	0.402	0.458	0.310	136.068	4301	4007
270	0.120	52.352	85.326	1.371	52.197	85.090	0.318	0.529	0.507	0.301	95.832	2470	4020
271	0.122	88.853	85.260	1.359	88.604	85.090	0.508	0.339	0.506	0.306	159.196	4190	4020
272	0.124	93.654	85.809	1.364	93.430	85.619	0.466	0.381	0.506	0.312	148.441	4417	4045
273	0.142	55.254	85.898	1.456	55.076	85.640	0.360	0.529	0.558	0.324	67.156	2610	4046
274	0.120	98.160	85.868	1.334	97.938	85.662	0.466	0.381	0.488	0.313	144.542	4632	4047
275	0.120	51.460	86.665	1.316	51.287	86.424	0.360	0.466	0.488	0.313	116.713	2427	4083
276	0.130	57.478	87.198	1.353	57.235	87.016	0.487	0.339	0.506	0.327	13.299	2715	4111
277	0.121	66.935	87.253	1.366	66.760	87.016	0.339	0.487	0.493	0.311	68.722	3164	4111
278	0.142	35.685	87.638	1.473	35.412	87.482	0.550	0.339	0.539	0.334	0.033	1681	4133
279	0.116	45.314	87.913	1.286	45.064	87.757	0.487	0.318	0.469	0.316	167.255	2135	4146
280	0.129	89.976	88.417	1.376	89.768	88.202	0.423	0.423	0.495	0.333	46.462	4251	4167
281	0.103	81.131	88.519	1.221	80.899	88.371	0.444	0.296	0.452	0.290	171.329	3831	4175
282	0.130	101.435	88.578	1.396	101.198	88.413	0.508	0.339	0.512	0.324	171.286	4785	4177
283	0.136	26.288	88.757	1.436	26.098	88.519	0.402	0.508	0.550	0.315	55.770	1244	4182
284	0.117	87.327	88.760	1.299	87.164	88.519	0.318	0.487	0.488	0.306	101.152	4123	4182
285	0.137	94.209	89.460	1.418	93.938	89.260	0.508	0.381	0.524	0.332	24.778	4454	4217
286	0.128	58.425	89.470	1.473	58.166	89.323	0.529	0.381	0.506	0.321	4.161	2754	4220
287	0.112	61.338	89.529	1.299	61.087	89.366	0.487	0.318	0.476	0.298	16.005	2899	4222
288	0.123	110.609	89.677	1.329	110.384	89.493	0.466	0.360	0.490	0.320	153.429	5219	4228
289	0.124	46.812	90.563	1.359	46.651	90.318	0.339	0.508	0.506	0.313	76.294	2211	4267
290	0.109	59.856	90.486	1.251	59.626	90.339	0.444	0.318	0.457	0.305	160.933	2820	4268
291	0.113	78.366	90.629	1.281	78.190	90.424	0.339	0.444	0.463	0.312	111.103	3695	4272
292	0.128	57.388	90.695	1.359	57.171	90.488	0.444	0.402	0.511	0.319	144.011	2703	4275
293	0.108	57.957	90.781	1.261	57.764	90.593	0.402	0.402	0.449	0.307	42.849	2738	4280
294	0.117	76.902	90.882	1.323	76.750	90.636	0.318	0.487	0.488	0.307	99.265	3630	4282
295	0.129	28.137	91.122	1.388	27.940	90.868	0.381	0.487	0.506	0.325	58.940	1331	4293
296	0.124	39.984	91.210	1.371	39.772	90.996	0.423	0.423	0.513	0.308	51.499	1888	4299
297	0.139	29.239	91.508	1.418	29.062	91.250	0.360	0.529	0.541	0.328	67.408	1383	4311
298	0.108	79.871	91.446	1.256	79.650	91.271	0.423	0.360	0.441	0.313	30.874	3773	4312
299	0.112	48.152	91.515	1.286	47.964	91.292	0.360	0.444	0.479	0.298	58.032	2276	4313
300	0.141	94.862	91.642	1.401	94.615	91.461	0.508	0.360	0.527	0.340	160.618	4474	4321
301	0.130	67.695	91.689	1.448	67.458	91.482	0.466	0.423	0.520	0.319	146.930	3190	4322
302	0.124	19.703	91.946	1.359	19.473	91.758	0.466	0.381	0.500	0.315	31.678	933	4335
303	0.109	79.531	92.177	1.269	79.354	91.948	0.339	0.444	0.462	0.300	71.579	3756	4344
304	0.135	73.841	92.693	1.545	73.639	92.435	0.381	0.508	0.507	0.340	101.645	3484	4367
305	0.119	59.803	92.699	1.336	59.563	92.541	0.487	0.318	0.489	0.310	8.272	2822	4372
306	0.141	22.173	92.974	1.436	21.971	92.731	0.381	0.529	0.534	0.335	112.852	1042	4381
307	0.127	92.489	93.017	1.346	92.244	92.837	0.487	0.360	0.485	0.333	159.864	4365	4386
308	0.118	103.943	93.161	1.299	103.696	93.006	0.487	0.318	0.491	0.305	161.672	4903	4394
309	0.125	86.052	93.620	1.341	85.873	93.387	0.360	0.466	0.505	0.314	61.675	4067	4412
310	0.120	83.841	93.785	1.329	83.608	93.599	0.444	0.381	0.480	0.318	149.337	3956	4422
311	0.099	66.539	93.830	1.184	66.315	93.662	0.423	0.318	0.438	0.288	24.366	3145	4425
312	0.086	60.629	93.859	1.196	60.410	93.726	0.423	0.296	0.404	0.270	8.119	2868	4428
313	0.135	106.085	94.375	1.406	105.876	94.149	0.402	0.487	0.525	0.327	123.151	5005	4448
314	0.121	99.982	94.599	1.376	99.780	94.361	0.402	0.466	0.487	0.317	59.652	4726	4458
315	0.132	23.497	94.813	1.401	23.326	94.552	0.339	0.529	0.518	0.324	99.130	1108	4467
316	0.123	89.195	94.851	1.341	89.027	94.615	0.339	0.487	0.490	0.320	107.180	4210	4470
317	0.144	19.363	95.432	1.523	19.092	95.271	0.529	0.339	0.534	0.343	172.090	903	4501
318	0.155	32.865	96.002	1.503	32.618	95.779	0.487	0.444	0.552	0.359	37.222	1554	4525
319	0.135	98.499	96.343	1.431	98.234	96.139	0.487	0.402	0.519	0.331	32.073	4655	4542
320	0.138	49.214	96.767	1.396	48.958	96.584	0.508	0.339	0.523	0.335	179.684	2323	4563
321	0.147	41.699	97.029	1.480	41.529	96.753	0.339	0.550	0.550	0.341	82.870	1968	4571
322	0.125	27.390	97.106	1.316	27.178	96.901	0.423	0.402	0.486	0.326	135.577	1288	4578
323	0.138	95.434	97.202	1.413	95.165	97.028	0.529	0.339	0.529	0.333	179.603	4506	4584
324	0.122	98.523	97.429	1.359	98.277	97.261	0.487	0.339	0.492	0.316	179.197	4653	4595
325	0.122	46.779	97.618	1.316	46.567	97.409	0.423	0.402	0.497	0.312	41.532	2213	4602
326	0.140	101.023	97.727	1.461	100.817	97.472	0.402	0.487	0.533	0.335	121.094	4768	4605
327	0.131	38.195	97.897	1.394	37.931	97.684	0.487	0.402	0.526	0.318	33.375	1808	4615
328	0.129	97.991	97.939	1.341	97.748	97.769	0.487	0.339	0.485	0.340	179.476	4626	4619
329	0.143	85.372	98.308	1.456	85.196	98.044	0.339	0.550	0.548	0.332	94.872	4030	4632
330	0.129	111.973	98.469	1.359	111.781	98.234	0.381	0.466	0.515	0.318	58.865	5292	4641
331	0.137	19.119	98.633	1.396	18.860	98.467	0.508	0.339	0.524	0.333	173.025	897	4652
332	0.125	56.986	98.728	1.353	56.811	98.488	0.339	0.487	0.506	0.316	110.488	2688	4653
333	0.144	24.184	98.841	1.496	23.961	98.594	0.487	0.466	0.518	0.355	131.722	1138	4658
334	0.122	49.612	99.352	1.359	49.403	99.145	0.423	0.423	0.497	0.312	44.773	2347	4684
335	0.122	35.835	100.011	1.334	35.624	99.801	0.444	0.402	0.497	0.313	143.513	1689	4715
336	0.102	96.886	100.051	1.204	96.732	99.843	0.296	0.423	0.435	0.298	92.157	4574	4717
337	0.120	58.517	100.133	1.334	58.293	99.928	0.444	0.402	0.491	0.311	41.337	2765	4721
338	0.106	56.697	100.757	1.244	56.557	100.520	0.296	0.466	0.461	0.292	90.892	2676	4749
339	0.103	51.013	101.047	1.239	50.842	100.817	0.318	0.444	0.452	0.289	73.271	2410	4763
340	0.146	27.197	101.253	1.540	27.009	101.007	0.360	0.529	0.529	0.352	95.075	1282	4772
341	0.116	98.678	101.427	1.304	98.510	101.177	0.360	0.466	0.470	0.314	113.390	4659	4780
342	0.106	89.544	101.409	1.232	89.323	101.240	0.444	0.339	0.449	0.300	159.374	4225	4783
343	0.119	16.818	101.566	1.311	16.637	101.346	0.360	0.444	0.481	0.315	60.943	795	4788
344	0.143	37.158	102.687	1.448	36.936	102.468	0.444	0.444	0.527	0.346	44.383	1755	4841
345	0.127	72.630	103.082	1.366	72.390	102.912	0.487	0.339	0.493	0.329	173.693	3427	4862
346	0.112	82.402	103.441	1.311	82.254	103.188	0.296	0.508	0.494	0.290	86.030	3893	4875
347	0.122	88.974	103.378	1.341	88.731	103.230	0.487	0.318	0.491	0.317	3.268	4197	4877
348	0.123	77.926	103.813	1.376	77.745	103.547	0.360	0.508	0.512	0.307	110.997	3679	4892
349	0.152	45.853	104.060	1.468	45.678	103.801	0.381	0.508	0.511	0.378	97.696	2163	4904
350	0.131	111.198	104.098	1.353	110.956	103.928	0.487	0.339	0.501	0.333	167.917	5248	4910
351	0.108	80.233	104.181	1.256	80.052	103.971	0.360	0.423	0.467	0.294	123.450	3785	4912
352	0.133	74.391	104.795	1.408	74.232	104.521	0.318	0.529	0.533	0.317	98.059	3512	4938
353	0.101	22.825	104.826	1.269	22.627	104.627	0.381	0.402	0.459	0.279	51.128	1078	4943
354	0.142	14.899	104.963	1.431	14.647	104.754	0.487	0.402	0.537	0.336	32.158	707	4949
355	0.150	24.723	105.217	1.456	24.511	104.987	0.444	0.444	0.530	0.361	136.477	1160	4960
356	0.118	81.625	105.311	1.311	81.470	105.071	0.318	0.487	0.488	0.309	97.664	3854	4964
357	0.129	85.847	105.308	1.406	85.640	105.071	0.423	0.466	0.536	0.308	131.941	4048	4964
358	0.122	88.440	105.725	1.311	88.202	105.558	0.487	0.318	0.498	0.313	8.182	4177	4987
359	0.125	110.641	105.750	1.353	110.426	105.558	0.444	0.381	0.492	0.324	33.229	5227	4987
360	0.136	111.177	106.094	1.401	110.998	105.833	0.360	0.508	0.517	0.336	70.482	5252	5000
361	0.107	50.614	106.053	1.232	50.377	105.897	0.466	0.318	0.437	0.312	6.929	2390	5003
362	0.138	104.115	107.134	1.413	103.950	106.870	0.339	0.529	0.515	0.340	91.134	4918	5049
363	0.134	52.648	107.439	1.401	52.451	107.209	0.402	0.466	0.517	0.329	123.098	2481	5065
364	0.117	64.981	107.391	1.281	64.749	107.230	0.466	0.318	0.467	0.319	174.697	3065	5066
365	0.123	59.373	109.137	1.316	59.182	108.902	0.381	0.444	0.486	0.322	125.266	2800	5145
366	0.135	59.877	110.543	1.378	59.711	110.300	0.339	0.487	0.512	0.336	102.951	2824	5211
367	0.130	113.912	111.633	1.473	113.728	111.379	0.360	0.550	0.525	0.316	64.551	5383	5262
368	0.112	77.130	111.629	1.281	76.898	111.464	0.466	0.318	0.470	0.304	3.099	3645	5266
369	0.119	26.509	111.867	1.329	26.310	111.633	0.381	0.444	0.484	0.313	55.921	1257	5274
370	0.123	50.304	113.668	1.334	50.080	113.474	0.466	0.381	0.491	0.318	31.543	2378	5361
371	0.122	71.617	114.204	1.346	71.395	114.004	0.423	0.423	0.498	0.312	133.023	3376	5386
372	0.131	112.918	114.252	1.411	112.649	114.046	0.487	0.423	0.508	0.329	141.271	5330	5388
373	0.060	112.346	114.492	0.890	112.204	114.364	0.296	0.254	0.312	0.245	20.653	5307	5403
374	0.127	77.207	115.282	1.346	76.983	115.083	0.466	0.381	0.485	0.333	148.982	3642	5437
375	0.125	40.277	115.473	1.341	40.090	115.231	0.360	0.466	0.499	0.318	63.661	1904	5444
376	0.132	109.158	115.990	1.408	109.008	115.739	0.318	0.529	0.522	0.321	88.518	5154	5468
377	0.141	37.515	116.988	1.418	37.274	116.798	0.508	0.381	0.548	0.327	27.082	1774	5518
378	0.127	20.439	117.447	1.401	20.214	117.221	0.423	0.444	0.517	0.312	44.299	971	5538
379	0.134	41.036	117.435	1.431	40.788	117.221	0.508	0.381	0.495	0.344	2.932	1938	5538
380	0.115	81.043	117.614	1.274	80.836	117.433	0.444	0.360	0.473	0.310	149.161	3822	5548
381	0.132	60.190	120.120	1.376	59.965	119.909	0.444	0.423	0.503	0.335	42.823	2845	5665
382	0.117	93.981	120.255	1.311	93.811	120.015	0.339	0.466	0.467	0.319	84.083	4437	5670
383	0.120	69.236	121.001	1.316	69.003	120.819	0.466	0.360	0.490	0.312	23.576	3274	5708
384	0.119	45.822	122.585	1.323	45.656	122.343	0.339	0.466	0.482	0.314	69.043	2167	5780
385	0.129	74.539	122.754	1.376	74.337	122.534	0.423	0.444	0.508	0.324	45.668	3524	5789
386	0.132	54.534	123.207	1.401	54.356	122.978	0.381	0.487	0.516	0.325	63.006	2576	5810
387	0.119	62.342	123.447	1.316	62.124	123.275	0.466	0.360	0.501	0.302	31.182	2944	5824
388	0.140	17.710	123.814	1.466	17.462	123.613	0.508	0.423	0.520	0.342	150.692	830	5840
389	0.121	23.581	124.027	1.346	23.368	123.804	0.402	0.444	0.504	0.305	50.905	1115	5849
390	0.124	85.205	124.591	1.359	85.026	124.375	0.402	0.444	0.511	0.309	56.675	4026	5876
391	0.136	36.104	124.743	1.401	35.856	124.566	0.508	0.360	0.525	0.331	19.800	1705	5885
392	0.133	26.512	126.157	1.396	26.268	125.984	0.487	0.360	0.493	0.342	23.441	1252	5952
393	0.148	14.805	126.403	1.456	14.563	126.196	0.487	0.402	0.527	0.357	29.949	700	5962
394	0.134	22.389	126.819	1.418	22.140	126.640	0.529	0.360	0.506	0.337	3.309	1056	5983
395	0.121	88.939	127.083	1.334	88.773	126.831	0.360	0.487	0.492	0.313	118.760	4199	5992
396	0.143	41.510	127.990	1.478	41.338	127.720	0.360	0.550	0.536	0.340	100.110	1958	6034
397	0.145	26.017	128.494	1.448	25.760	128.291	0.508	0.402	0.539	0.342	24.542	1233	6061
398	0.129	51.072	128.906	1.371	50.821	128.736	0.508	0.339	0.515	0.320	162.039	2404	6082
399	0.113	49.818	131.115	1.269	49.657	130.895	0.339	0.444	0.463	0.312	69.018	2353	6184
