 	Area	X	Y	Perim.	BX	BY	Width	Height	Major	Minor	Angle	XStart	YStart
1	0.065	64.886	15.036	0.967	64.728	14.901	0.339	0.275	0.335	0.249	168.335	3063	704
2	0.125	100.194	15.617	1.334	100.012	15.367	0.381	0.466	0.452	0.353	75.785	4733	726
3	0.043	118.689	15.548	0.833	118.576	15.430	0.233	0.254	0.247	0.222	106.800	5604	729
4	0.043	60.141	16.575	0.848	59.986	16.468	0.339	0.190	0.325	0.168	5.830	2842	778
5	0.127	122.956	17.900	1.503	122.767	17.653	0.360	0.508	0.497	0.326	98.575	5801	834
6	0.122	70.117	20.901	1.396	69.914	20.722	0.402	0.360	0.408	0.380	169.725	3308	979
7	0.134	80.451	22.383	1.371	80.200	22.204	0.487	0.360	0.481	0.354	15.723	3800	1049
8	0.129	120.269	22.693	1.359	120.078	22.479	0.402	0.444	0.483	0.341	50.790	5683	1062
9	0.125	79.894	22.967	1.461	79.692	22.754	0.444	0.423	0.488	0.326	130.126	3769	1075
10	0.147	127.354	24.599	1.443	127.085	24.426	0.529	0.360	0.529	0.355	168.741	6009	1154
11	0.121	102.257	24.863	1.388	102.023	24.659	0.444	0.402	0.482	0.320	40.434	4834	1165
12	0.114	109.874	25.073	1.274	109.664	24.892	0.444	0.360	0.460	0.315	157.030	5185	1176
13	0.043	5.524	25.310	0.775	5.398	25.188	0.254	0.233	0.281	0.193	155.623	257	1190
14	0.120	58.854	25.822	1.329	58.653	25.590	0.381	0.444	0.485	0.314	56.758	2783	1209
15	0.121	112.653	26.457	1.286	112.437	26.268	0.423	0.381	0.461	0.333	141.113	5316	1241
16	0.131	33.503	27.074	1.388	33.274	26.839	0.423	0.444	0.466	0.358	66.067	1582	1268
17	0.138	70.592	27.752	1.466	70.358	27.538	0.466	0.444	0.524	0.336	136.974	3331	1301
18	0.136	57.291	27.999	1.406	57.086	27.771	0.402	0.487	0.496	0.349	66.898	2705	1312
19	0.143	92.185	28.257	1.486	91.927	28.088	0.508	0.360	0.511	0.356	8.177	4349	1327
20	0.122	126.985	28.294	1.316	126.746	28.109	0.466	0.360	0.461	0.337	17.730	5999	1328
21	0.134	31.009	28.512	1.366	30.755	28.342	0.487	0.339	0.488	0.351	0.733	1460	1339
22	0.124	54.036	29.390	1.346	53.806	29.231	0.487	0.339	0.476	0.332	172.919	2545	1381
23	0.042	70.344	29.720	0.775	70.231	29.591	0.233	0.254	0.276	0.192	119.663	3321	1398
24	0.138	99.500	30.481	1.496	99.229	30.290	0.508	0.381	0.501	0.352	21.375	4700	1431
25	0.064	80.762	30.719	0.972	80.582	30.586	0.339	0.275	0.321	0.254	23.212	3815	1445
26	0.159	60.288	30.928	1.521	60.092	30.649	0.381	0.550	0.529	0.382	94.891	2848	1448
27	0.141	123.909	30.928	1.431	123.634	30.734	0.508	0.381	0.486	0.370	176.075	5853	1452
28	0.120	105.100	31.029	1.309	104.860	30.840	0.466	0.381	0.456	0.335	144.926	4960	1457
29	0.120	43.625	31.853	1.251	43.434	31.665	0.381	0.381	0.438	0.348	42.710	2059	1496
30	0.112	122.798	31.860	1.256	122.576	31.686	0.444	0.339	0.449	0.319	14.811	5803	1497
31	0.128	121.363	32.214	1.353	121.116	32.046	0.487	0.339	0.477	0.342	10.286	5732	1514
32	0.148	100.138	32.830	1.580	99.949	32.533	0.381	0.572	0.534	0.353	95.795	4726	1537
33	0.133	102.044	32.992	1.424	101.854	32.745	0.402	0.487	0.479	0.354	66.457	4821	1547
34	0.135	92.150	33.666	1.413	91.948	33.443	0.402	0.466	0.515	0.333	61.248	4352	1580
35	0.141	97.359	33.787	1.396	97.155	33.570	0.402	0.444	0.500	0.358	127.942	4593	1586
36	0.125	97.151	34.213	1.359	96.964	33.994	0.381	0.444	0.477	0.335	114.869	4585	1606
37	0.134	93.841	34.278	1.383	93.599	34.100	0.487	0.360	0.501	0.341	12.288	4433	1611
38	0.132	113.850	34.347	1.378	113.686	34.100	0.339	0.487	0.492	0.342	90.106	5376	1611
39	0.112	105.060	34.911	1.269	104.817	34.756	0.466	0.318	0.465	0.308	173.209	4959	1642
40	0.123	93.344	35.789	1.364	93.091	35.602	0.487	0.360	0.495	0.316	21.242	4413	1682
41	0.129	75.765	36.158	1.383	75.586	35.920	0.360	0.487	0.490	0.335	96.809	3576	1697
42	0.123	88.554	36.307	1.281	88.392	36.089	0.339	0.444	0.447	0.350	85.538	4181	1705
43	0.142	115.068	36.964	1.406	114.808	36.788	0.508	0.381	0.503	0.359	163.153	5428	1738
44	0.124	96.001	37.390	1.304	95.800	37.190	0.402	0.423	0.454	0.348	133.674	4530	1757
45	0.115	88.019	37.669	1.274	87.799	37.486	0.444	0.360	0.451	0.325	25.298	4159	1771
46	0.134	101.413	38.052	1.418	101.177	37.867	0.487	0.381	0.489	0.350	16.156	4790	1789
47	0.115	72.059	38.144	1.274	71.882	37.931	0.381	0.423	0.453	0.322	124.626	3400	1792
48	0.117	128.716	38.188	1.406	128.503	37.994	0.423	0.423	0.455	0.327	146.573	6078	1795
49	0.100	96.541	38.280	1.286	96.372	38.079	0.360	0.423	0.409	0.313	97.989	4558	1799
50	0.115	98.572	38.927	1.269	98.404	38.714	0.339	0.444	0.460	0.319	69.445	4656	1829
51	0.131	45.238	39.505	1.371	45.022	39.306	0.444	0.402	0.480	0.348	140.585	2129	1857
52	0.107	79.068	39.950	1.244	78.888	39.730	0.339	0.444	0.458	0.297	116.954	3732	1877
53	0.120	114.151	39.992	1.299	113.940	39.814	0.444	0.360	0.448	0.341	21.532	5391	1881
54	0.112	85.379	40.099	1.267	85.154	39.899	0.423	0.381	0.440	0.323	32.392	4036	1885
55	0.110	115.271	40.247	1.264	115.126	40.005	0.296	0.466	0.471	0.298	95.228	5444	1890
56	0.111	94.785	40.383	1.239	94.615	40.174	0.339	0.423	0.454	0.310	62.662	4477	1898
57	0.132	62.068	40.921	1.359	61.828	40.746	0.466	0.381	0.469	0.359	170.479	2927	1925
58	0.140	103.110	40.928	1.426	102.849	40.746	0.508	0.360	0.529	0.338	22.921	4870	1925
59	0.109	90.901	40.970	1.226	90.720	40.767	0.360	0.402	0.430	0.322	126.163	4292	1926
60	0.121	127.150	41.063	1.311	126.979	40.830	0.339	0.466	0.464	0.332	84.959	6005	1929
61	0.047	129.087	41.262	0.883	128.968	41.127	0.254	0.275	0.307	0.194	119.058	6095	1943
62	0.125	54.213	41.557	1.306	54.038	41.338	0.339	0.444	0.457	0.347	84.975	2560	1953
63	0.099	97.590	41.655	1.154	97.409	41.466	0.360	0.360	0.394	0.319	42.755	4611	1959
64	0.154	25.839	41.834	1.478	25.612	41.592	0.466	0.466	0.531	0.370	135.891	1216	1965
65	0.107	111.408	42.043	1.239	111.188	41.889	0.444	0.318	0.454	0.299	20.136	5261	1979
66	0.111	105.365	42.089	1.226	105.135	41.931	0.444	0.318	0.448	0.314	10.090	4977	1981
67	0.127	64.777	42.333	1.346	64.537	42.164	0.487	0.360	0.470	0.345	167.569	3053	1992
68	0.123	78.255	42.707	1.448	78.042	42.460	0.444	0.444	0.475	0.329	142.865	3691	2006
69	0.134	82.053	42.843	1.359	81.809	42.672	0.487	0.360	0.487	0.349	3.310	3873	2016
70	0.142	73.335	43.006	1.448	73.131	42.778	0.423	0.466	0.498	0.363	51.580	3465	2021
71	0.136	84.875	43.341	1.371	84.624	43.159	0.487	0.360	0.493	0.352	15.264	4010	2039
72	0.108	110.080	43.374	1.239	109.897	43.180	0.360	0.402	0.452	0.304	126.089	5194	2040
73	0.107	55.712	43.440	1.226	55.520	43.265	0.381	0.381	0.440	0.310	139.089	2625	2044
74	0.125	94.839	43.709	1.353	94.636	43.498	0.402	0.423	0.494	0.321	129.962	4471	2055
75	0.133	93.711	43.830	1.431	93.536	43.582	0.360	0.508	0.502	0.338	85.963	4425	2059
76	0.142	120.144	44.036	1.443	119.909	43.836	0.466	0.402	0.502	0.361	32.299	5673	2071
77	0.122	89.218	44.239	1.364	89.006	43.984	0.360	0.508	0.479	0.325	95.823	4215	2078
78	0.101	78.481	44.229	1.179	78.274	44.069	0.402	0.318	0.421	0.305	157.411	3703	2082
79	0.122	120.241	44.575	1.306	120.015	44.408	0.444	0.339	0.465	0.335	166.623	5675	2098
80	0.130	115.153	44.678	1.376	114.956	44.450	0.402	0.444	0.491	0.338	127.096	5436	2100
81	0.135	54.232	44.902	1.376	54.038	44.662	0.381	0.487	0.487	0.353	112.790	2559	2110
82	0.135	28.977	45.025	1.406	28.787	44.768	0.360	0.508	0.496	0.348	76.040	1370	2115
83	0.149	63.096	44.978	1.593	62.802	44.768	0.529	0.423	0.529	0.358	32.172	2982	2115
84	0.116	99.743	44.978	1.286	99.547	44.768	0.402	0.402	0.470	0.315	133.087	4707	2115
85	0.129	126.883	44.971	1.351	126.640	44.789	0.487	0.381	0.465	0.352	178.598	5992	2116
86	0.120	49.764	45.062	1.329	49.530	44.894	0.466	0.339	0.466	0.328	13.054	2351	2121
87	0.106	102.517	45.142	1.209	102.320	44.979	0.402	0.339	0.431	0.313	151.006	4836	2125
88	0.114	96.931	45.340	1.274	96.753	45.106	0.360	0.444	0.440	0.330	80.484	4577	2131
89	0.142	119.915	45.432	1.563	119.740	45.170	0.381	0.529	0.519	0.349	91.232	5663	2134
90	0.131	97.629	45.881	1.401	97.451	45.635	0.360	0.508	0.526	0.317	71.011	4612	2156
91	0.138	108.055	45.967	1.418	107.844	45.741	0.444	0.444	0.496	0.355	133.352	5099	2161
92	0.123	43.684	46.153	1.334	43.498	45.910	0.381	0.466	0.464	0.337	117.781	2062	2169
93	0.121	112.867	46.321	1.311	112.628	46.143	0.466	0.339	0.462	0.332	177.183	5331	2180
94	0.129	119.976	46.839	1.371	119.740	46.630	0.444	0.402	0.477	0.343	33.015	5673	2203
95	0.124	34.403	46.966	1.311	34.184	46.778	0.444	0.360	0.473	0.333	159.452	1621	2210
96	0.136	106.990	47.163	1.436	106.807	46.905	0.360	0.508	0.495	0.350	99.986	5052	2216
97	0.117	79.321	47.205	1.294	79.079	47.054	0.487	0.296	0.485	0.308	179.439	3744	2223
98	0.131	104.820	47.561	1.348	104.584	47.392	0.466	0.339	0.488	0.341	167.227	4946	2239
99	0.134	51.213	48.181	1.383	50.990	47.964	0.423	0.423	0.489	0.349	47.336	2420	2266
100	0.108	13.292	48.398	1.226	13.081	48.239	0.444	0.318	0.437	0.316	0.536	624	2279
101	0.116	102.660	48.527	1.274	102.447	48.345	0.423	0.360	0.434	0.341	155.770	4845	2284
102	0.099	118.018	48.564	1.214	117.856	48.345	0.318	0.444	0.443	0.284	113.501	5573	2284
103	0.121	34.094	48.661	1.299	33.888	48.450	0.402	0.402	0.458	0.338	38.191	1615	2289
104	0.113	117.738	48.969	1.274	117.538	48.747	0.381	0.423	0.461	0.313	126.328	5559	2303
105	0.139	89.000	49.104	1.426	88.815	48.853	0.360	0.508	0.521	0.341	80.511	4202	2308
106	0.131	86.869	49.092	1.371	86.614	48.916	0.487	0.360	0.482	0.347	18.668	4103	2311
107	0.106	32.775	49.153	1.219	32.576	48.958	0.402	0.381	0.409	0.329	34.611	1551	2313
108	0.161	127.757	49.351	1.526	127.508	49.128	0.487	0.487	0.531	0.386	142.748	6030	2321
109	0.121	126.850	49.411	1.316	126.619	49.234	0.466	0.360	0.471	0.326	19.160	5994	2326
110	0.129	55.596	49.486	1.353	55.414	49.255	0.360	0.466	0.494	0.333	65.669	2626	2327
111	0.126	54.795	49.584	1.341	54.589	49.382	0.402	0.423	0.487	0.329	129.958	2583	2333
112	0.135	91.340	49.873	1.413	91.122	49.678	0.444	0.423	0.498	0.345	37.767	4315	2347
113	0.136	100.999	50.197	1.426	100.753	50.038	0.508	0.339	0.513	0.338	5.255	4767	2364
114	0.130	60.145	50.822	1.346	59.944	50.588	0.402	0.444	0.478	0.347	49.535	2844	2390
115	0.097	114.641	50.822	1.154	114.469	50.631	0.339	0.381	0.417	0.295	129.275	5411	2392
116	0.105	31.230	50.851	1.256	31.030	50.652	0.402	0.381	0.465	0.287	42.103	1479	2393
117	0.139	78.886	51.455	1.431	78.698	51.223	0.381	0.487	0.499	0.355	109.781	3720	2420
118	0.142	80.387	51.515	1.413	80.200	51.266	0.381	0.487	0.525	0.346	117.759	3792	2422
119	0.121	71.458	51.575	1.286	71.226	51.393	0.444	0.360	0.457	0.336	24.201	3376	2428
120	0.138	74.854	51.620	1.396	74.612	51.435	0.466	0.381	0.485	0.363	17.847	3535	2430
121	0.160	120.300	51.860	1.558	120.100	51.583	0.402	0.529	0.568	0.359	114.003	5678	2437
122	0.123	100.963	52.121	1.376	100.690	51.964	0.529	0.318	0.492	0.319	1.942	4767	2455
123	0.120	116.564	52.346	1.269	116.374	52.155	0.402	0.381	0.448	0.340	140.853	5500	2464
124	0.139	96.840	52.583	1.413	96.647	52.345	0.381	0.466	0.483	0.366	74.147	4573	2473
125	0.126	100.810	52.666	1.346	100.626	52.451	0.381	0.444	0.463	0.347	115.383	4758	2478
126	0.131	34.048	52.911	1.371	33.867	52.663	0.360	0.487	0.502	0.332	67.833	1609	2488
127	0.135	45.314	53.531	1.371	45.085	53.340	0.466	0.381	0.499	0.344	153.982	2134	2520
128	0.128	97.997	53.686	1.371	97.748	53.509	0.487	0.360	0.498	0.328	160.109	4623	2528
129	0.125	89.269	53.924	1.341	89.112	53.658	0.318	0.508	0.492	0.323	88.066	4216	2535
130	0.120	117.213	53.925	1.286	116.967	53.763	0.487	0.318	0.475	0.320	171.425	5532	2540
131	0.122	66.676	54.077	1.299	66.463	53.890	0.423	0.381	0.460	0.339	35.034	3149	2546
132	0.147	97.646	54.155	1.443	97.451	53.912	0.381	0.508	0.521	0.359	115.211	4609	2547
133	0.144	85.168	54.449	1.436	84.963	54.208	0.402	0.487	0.506	0.362	60.116	4024	2561
134	0.132	75.658	55.074	1.396	75.480	54.822	0.360	0.487	0.511	0.330	112.310	3568	2590
135	0.123	65.157	55.253	1.329	65.003	54.991	0.318	0.508	0.484	0.323	90.555	3076	2598
136	0.140	99.289	55.863	1.418	99.039	55.668	0.508	0.381	0.500	0.356	171.461	4689	2630
137	0.146	89.533	56.022	1.431	89.344	55.753	0.360	0.529	0.517	0.358	96.687	4228	2634
138	0.136	123.707	56.202	1.406	123.444	56.007	0.508	0.381	0.488	0.354	7.669	5845	2646
139	0.156	106.450	57.293	1.498	106.257	57.023	0.381	0.529	0.533	0.373	73.870	5030	2694
140	0.130	61.015	57.297	1.376	60.833	57.044	0.360	0.508	0.502	0.330	72.350	2883	2695
141	0.127	63.702	57.671	1.359	63.479	57.468	0.444	0.402	0.494	0.327	144.253	3005	2715
142	0.043	128.797	58.131	0.818	128.651	58.039	0.296	0.190	0.288	0.188	172.445	6081	2742
143	0.128	94.263	58.859	1.336	94.086	58.632	0.360	0.444	0.471	0.345	69.146	4452	2770
144	0.131	72.829	59.019	1.371	72.665	58.780	0.360	0.487	0.479	0.349	85.818	3439	2777
145	0.153	103.832	59.533	1.515	103.632	59.267	0.381	0.529	0.538	0.363	71.367	4907	2800
146	0.128	81.418	59.637	1.351	81.216	59.415	0.402	0.444	0.476	0.343	58.565	3846	2807
147	0.147	88.885	60.058	1.580	88.646	59.838	0.466	0.444	0.490	0.381	38.880	4201	2827
148	0.129	66.371	60.902	1.353	66.188	60.664	0.360	0.466	0.489	0.335	106.343	3131	2866
149	0.099	40.219	61.061	1.179	40.047	60.875	0.360	0.360	0.416	0.301	127.315	1895	2876
150	0.124	62.674	61.115	1.323	62.463	60.918	0.423	0.381	0.460	0.344	31.584	2962	2878
151	0.088	51.519	61.299	1.112	51.308	61.150	0.402	0.296	0.399	0.282	6.300	2436	2889
152	0.121	78.980	61.914	1.346	78.761	61.701	0.423	0.423	0.470	0.327	46.247	3734	2915
153	0.125	57.689	62.071	1.359	57.510	61.828	0.360	0.487	0.485	0.328	84.861	2724	2921
154	0.112	93.479	62.191	1.291	93.282	61.997	0.402	0.381	0.446	0.321	140.595	4411	2929
155	0.116	77.742	62.273	1.269	77.534	62.082	0.402	0.381	0.443	0.335	32.434	3674	2933
156	0.057	126.997	62.520	0.997	126.873	62.357	0.254	0.339	0.315	0.230	110.115	6001	2946
157	0.125	63.711	62.587	1.323	63.521	62.378	0.381	0.423	0.476	0.333	127.693	3002	2947
158	0.132	124.602	62.826	1.388	124.354	62.632	0.487	0.381	0.487	0.346	17.635	5890	2959
159	0.114	78.805	63.740	1.411	78.592	63.500	0.402	0.444	0.495	0.293	51.820	3729	3000
160	0.125	111.924	63.922	1.329	111.739	63.690	0.381	0.444	0.470	0.339	120.947	5284	3009
161	0.128	30.748	64.232	1.396	30.522	64.050	0.466	0.381	0.513	0.317	28.160	1453	3026
162	0.111	109.478	64.299	1.274	109.284	64.093	0.402	0.402	0.478	0.296	137.671	5165	3028
163	0.113	82.067	64.524	1.256	81.852	64.347	0.423	0.360	0.463	0.311	144.417	3870	3040
164	0.129	96.336	64.779	1.329	96.160	64.558	0.360	0.466	0.465	0.352	106.618	4546	3050
165	0.120	107.262	65.462	1.311	107.082	65.236	0.360	0.444	0.471	0.323	119.409	5063	3082
166	0.132	62.339	65.570	1.376	62.145	65.342	0.402	0.466	0.475	0.354	114.541	2939	3087
167	0.128	122.075	65.548	1.341	121.856	65.363	0.466	0.360	0.469	0.348	175.472	5764	3088
168	0.121	130.064	66.394	1.316	129.836	66.209	0.466	0.360	0.492	0.312	155.159	6138	3128
169	0.135	95.550	66.528	1.388	95.356	66.294	0.402	0.466	0.495	0.347	60.545	4514	3132
170	0.134	103.825	66.589	1.388	103.653	66.315	0.360	0.508	0.490	0.347	90.308	4904	3133
171	0.132	114.186	66.732	1.359	113.961	66.527	0.444	0.402	0.478	0.352	149.455	5390	3143
172	0.099	104.706	66.804	1.191	104.500	66.654	0.402	0.296	0.420	0.299	167.441	4942	3149
173	0.111	98.294	66.983	1.274	98.129	66.738	0.339	0.466	0.455	0.311	79.919	4644	3153
174	0.132	116.337	67.095	1.401	116.163	66.844	0.360	0.508	0.511	0.329	67.684	5498	3158
175	0.137	16.816	67.380	1.461	16.637	67.120	0.360	0.529	0.537	0.324	101.618	790	3171
176	0.114	64.236	67.973	1.239	64.072	67.755	0.339	0.423	0.443	0.328	114.972	3030	3201
177	0.105	103.818	68.089	1.232	103.632	67.903	0.381	0.381	0.445	0.301	133.248	4899	3208
178	0.101	95.107	68.495	1.202	94.932	68.284	0.339	0.423	0.434	0.296	62.463	4494	3226
179	0.102	91.736	68.744	1.214	91.525	68.580	0.423	0.339	0.415	0.313	167.152	4331	3240
180	0.106	116.663	69.602	1.184	116.480	69.406	0.360	0.381	0.424	0.317	51.622	5511	3279
181	0.116	105.457	69.809	1.256	105.220	69.638	0.444	0.339	0.439	0.335	7.485	4979	3290
182	0.103	91.247	70.503	1.189	91.059	70.316	0.381	0.381	0.405	0.324	125.454	4306	3322
183	0.151	114.213	70.717	1.533	114.046	70.443	0.360	0.572	0.550	0.348	81.350	5394	3328
184	0.123	106.843	70.733	1.334	106.638	70.506	0.423	0.423	0.469	0.333	133.499	5044	3331
185	0.121	102.183	71.351	1.299	102.002	71.141	0.360	0.444	0.462	0.332	115.191	4822	3361
186	0.105	18.355	71.537	1.232	18.161	71.353	0.402	0.360	0.438	0.305	34.516	868	3371
187	0.112	101.281	71.993	1.256	101.071	71.797	0.402	0.381	0.448	0.320	31.811	4788	3392
188	0.137	39.383	72.297	1.413	39.137	72.115	0.508	0.360	0.519	0.335	160.740	1852	3407
189	0.117	90.390	72.538	1.281	90.191	72.326	0.381	0.402	0.457	0.325	49.736	4271	3417
190	0.126	128.592	73.263	1.316	128.376	73.067	0.444	0.381	0.462	0.348	154.170	6071	3452
191	0.143	103.428	73.297	1.401	103.209	73.088	0.444	0.423	0.507	0.360	138.994	4879	3453
192	0.134	44.477	73.423	1.359	44.281	73.194	0.402	0.444	0.483	0.353	124.583	2097	3458
193	0.142	83.838	73.794	1.431	83.630	73.554	0.402	0.487	0.496	0.366	101.336	3957	3475
194	0.129	105.955	74.096	1.359	105.770	73.850	0.360	0.487	0.505	0.324	114.235	5001	3489
195	0.116	102.877	74.821	1.304	102.637	74.634	0.444	0.381	0.453	0.327	30.380	4860	3526
196	0.115	120.748	74.944	1.286	120.586	74.718	0.339	0.444	0.458	0.320	72.835	5703	3530
197	0.117	115.061	74.985	1.304	114.872	74.761	0.381	0.423	0.454	0.329	126.324	5432	3532
198	0.115	82.893	75.147	1.261	82.677	74.972	0.444	0.360	0.453	0.323	27.807	3915	3542
199	0.140	84.466	75.592	1.413	84.201	75.417	0.508	0.360	0.516	0.346	12.162	3989	3563
200	0.121	118.394	76.043	1.288	118.237	75.819	0.318	0.444	0.463	0.334	84.327	5590	3582
201	0.137	51.940	76.066	1.388	51.710	75.861	0.466	0.402	0.493	0.354	153.100	2448	3584
202	0.159	130.181	76.510	1.563	129.963	76.264	0.444	0.487	0.557	0.363	50.716	6151	3603
203	0.140	45.014	76.606	1.431	44.789	76.390	0.466	0.423	0.513	0.347	144.513	2121	3609
204	0.050	80.751	76.631	0.860	80.582	76.518	0.296	0.233	0.291	0.217	9.527	3816	3615
205	0.133	105.556	77.198	1.371	105.325	76.983	0.444	0.402	0.489	0.345	35.320	4990	3637
206	0.121	118.887	77.332	1.286	118.703	77.110	0.381	0.423	0.455	0.340	120.618	5613	3643
207	0.116	87.486	77.317	1.299	87.270	77.131	0.444	0.360	0.476	0.309	146.755	4127	3644
208	0.126	119.413	77.543	1.359	119.232	77.322	0.360	0.466	0.475	0.339	106.336	5636	3653
209	0.134	117.563	77.952	1.498	117.390	77.682	0.339	0.529	0.505	0.339	85.102	5550	3670
210	0.133	106.589	78.564	1.401	106.384	78.338	0.402	0.466	0.516	0.328	55.913	5037	3701
211	0.123	109.642	78.718	1.299	109.410	78.550	0.466	0.339	0.471	0.332	12.099	5177	3711
212	0.123	107.695	78.850	1.299	107.527	78.613	0.339	0.466	0.461	0.340	91.617	5087	3714
213	0.118	99.158	78.986	1.299	98.975	78.761	0.360	0.444	0.482	0.313	61.242	4684	3721
214	0.126	104.932	78.915	1.378	104.690	78.761	0.487	0.339	0.495	0.325	164.878	4949	3721
215	0.116	54.549	79.218	1.299	54.398	78.973	0.318	0.487	0.483	0.306	88.424	2576	3731
216	0.129	110.400	79.461	1.388	110.194	79.227	0.423	0.444	0.497	0.332	131.714	5212	3743
217	0.087	100.097	80.867	1.167	99.949	80.666	0.296	0.423	0.436	0.254	117.377	4725	3811
218	0.139	125.298	81.000	1.371	125.095	80.772	0.402	0.444	0.500	0.354	126.678	5914	3816
219	0.142	129.944	81.794	1.431	129.667	81.619	0.529	0.360	0.512	0.352	173.767	6135	3856
220	0.124	112.816	81.904	1.311	112.649	81.661	0.339	0.466	0.465	0.338	99.614	5326	3858
221	0.107	97.763	82.211	1.269	97.578	82.021	0.381	0.402	0.477	0.286	47.372	4618	3875
222	0.133	118.489	82.428	1.383	118.322	82.169	0.339	0.508	0.496	0.342	84.868	5598	3882
223	0.133	110.454	82.929	1.413	110.278	82.656	0.339	0.529	0.523	0.324	96.762	5217	3905
224	0.124	49.812	83.114	1.376	49.594	82.931	0.444	0.381	0.460	0.344	28.823	2352	3918
225	0.134	124.091	83.221	1.359	123.846	83.037	0.487	0.360	0.478	0.358	10.707	5862	3923
226	0.113	104.638	83.514	1.256	104.458	83.312	0.360	0.423	0.465	0.309	126.008	4937	3936
227	0.108	116.015	83.655	1.226	115.845	83.460	0.339	0.423	0.424	0.326	72.093	5479	3943
228	0.133	29.550	83.671	1.388	29.316	83.481	0.487	0.381	0.498	0.339	157.114	1390	3944
229	0.129	116.632	83.938	1.376	116.438	83.693	0.381	0.487	0.505	0.326	62.507	5514	3954
230	0.124	91.523	84.302	1.329	91.334	84.074	0.381	0.444	0.492	0.320	56.170	4325	3972
231	0.124	98.969	84.577	1.341	98.742	84.370	0.423	0.402	0.462	0.341	35.314	4680	3986
232	0.120	82.520	84.993	1.329	82.338	84.773	0.381	0.444	0.466	0.328	54.579	3899	4005
233	0.126	108.981	85.320	1.496	108.712	85.154	0.508	0.381	0.484	0.331	8.378	5149	4023
234	0.120	113.247	85.604	1.366	113.030	85.429	0.423	0.360	0.450	0.340	149.854	5344	4036
235	0.116	45.098	85.774	1.281	44.894	85.577	0.402	0.381	0.479	0.307	41.262	2131	4043
236	0.120	72.371	85.952	1.286	72.200	85.725	0.339	0.466	0.456	0.334	79.997	3417	4050
237	0.113	100.186	86.727	1.274	100.034	86.487	0.339	0.466	0.470	0.307	77.741	4732	4086
238	0.099	60.993	86.708	1.191	60.770	86.572	0.444	0.275	0.451	0.281	175.091	2875	4090
239	0.111	64.415	86.980	1.286	64.220	86.783	0.381	0.402	0.437	0.324	135.767	3039	4100
240	0.121	53.576	87.585	1.294	53.404	87.376	0.360	0.423	0.464	0.332	118.751	2524	4128
241	0.126	110.142	87.797	1.353	109.982	87.524	0.318	0.508	0.507	0.316	101.287	5202	4135
242	0.125	101.774	87.878	1.321	101.579	87.630	0.381	0.466	0.463	0.345	108.848	4805	4140
243	0.118	102.130	88.553	1.304	101.918	88.350	0.402	0.423	0.478	0.314	132.601	4820	4174
244	0.110	124.747	88.821	1.232	124.566	88.604	0.360	0.423	0.448	0.312	124.755	5890	4186
245	0.107	97.707	89.044	1.232	97.494	88.879	0.444	0.339	0.444	0.306	159.244	4610	4199
246	0.129	65.932	89.219	1.353	65.701	89.048	0.487	0.339	0.495	0.332	172.648	3109	4207
247	0.112	61.397	89.436	1.286	61.235	89.196	0.339	0.466	0.458	0.312	78.644	2900	4214
248	0.116	72.582	90.639	1.291	72.390	90.403	0.381	0.444	0.447	0.332	61.057	3431	4271
249	0.116	102.209	90.695	1.316	102.023	90.466	0.360	0.466	0.497	0.298	117.506	4824	4274
250	0.118	45.627	91.044	1.294	45.402	90.890	0.466	0.318	0.475	0.317	9.267	2151	4294
251	0.088	103.206	91.157	1.107	103.060	90.953	0.275	0.402	0.406	0.275	85.572	4875	4297
252	0.105	50.477	91.410	1.221	50.271	91.250	0.423	0.318	0.444	0.302	16.410	2384	4311
253	0.134	85.575	91.773	1.396	85.408	91.525	0.339	0.508	0.523	0.325	73.991	4042	4324
254	0.117	107.371	91.837	1.281	107.209	91.609	0.318	0.466	0.465	0.320	85.080	5071	4328
255	0.143	21.772	92.426	1.456	21.590	92.181	0.381	0.508	0.525	0.348	67.348	1029	4355
256	0.120	65.438	92.715	1.299	65.236	92.520	0.402	0.402	0.479	0.319	133.121	3085	4371
257	0.122	79.761	92.756	1.346	79.523	92.562	0.466	0.381	0.484	0.321	34.478	3768	4373
258	0.132	91.439	93.870	1.376	91.207	93.684	0.466	0.402	0.491	0.341	150.201	4312	4426
259	0.128	83.334	94.029	1.376	83.143	93.790	0.381	0.466	0.480	0.338	111.059	3934	4431
260	0.147	122.702	94.080	1.468	122.534	93.811	0.339	0.550	0.541	0.346	87.713	5795	4432
261	0.127	129.528	94.389	1.491	129.350	94.170	0.402	0.466	0.497	0.326	58.080	6119	4449
262	0.047	28.814	95.265	0.810	28.702	95.123	0.233	0.296	0.277	0.216	101.352	1360	4494
263	0.130	29.137	95.473	1.478	28.977	95.165	0.339	0.593	0.537	0.309	80.739	1376	4496
264	0.123	84.130	95.696	1.299	83.905	95.525	0.466	0.339	0.470	0.333	169.567	3969	4513
265	0.120	73.211	96.124	1.304	73.025	95.906	0.402	0.423	0.468	0.326	132.809	3454	4531
266	0.122	101.142	97.066	1.329	100.944	96.859	0.402	0.423	0.493	0.314	49.861	4779	4576
267	0.139	118.638	97.185	1.456	118.470	96.922	0.339	0.550	0.550	0.323	77.562	5603	4579
268	0.049	71.789	97.469	0.830	71.692	97.324	0.212	0.296	0.297	0.209	96.934	3388	4598
269	0.142	22.755	97.976	1.431	22.542	97.748	0.423	0.466	0.508	0.355	126.573	1069	4618
270	0.124	95.018	98.468	1.359	94.806	98.256	0.423	0.423	0.518	0.305	46.551	4490	4642
271	0.106	109.248	98.764	1.232	109.030	98.594	0.423	0.360	0.459	0.293	146.800	5155	4658
272	0.116	86.748	99.167	1.256	86.572	98.954	0.360	0.423	0.457	0.322	123.892	4093	4675
273	0.124	121.893	99.916	1.443	121.708	99.674	0.360	0.466	0.467	0.337	66.348	5763	4709
274	0.112	88.542	100.435	1.226	88.328	100.267	0.423	0.339	0.435	0.326	160.106	4178	4737
275	0.124	124.959	101.207	1.376	124.778	100.965	0.339	0.508	0.499	0.316	86.807	5902	4770
276	0.119	107.227	101.585	1.286	107.019	101.388	0.423	0.381	0.476	0.318	36.251	5068	4790
277	0.110	73.736	101.653	1.232	73.554	101.452	0.381	0.402	0.442	0.316	130.594	3478	4793
278	0.125	93.326	101.876	1.341	93.091	101.706	0.487	0.339	0.478	0.332	3.977	4407	4805
279	0.107	90.465	102.057	1.214	90.255	101.896	0.444	0.318	0.439	0.311	167.356	4269	4814
280	0.114	68.107	102.137	1.264	67.945	101.918	0.318	0.444	0.454	0.319	94.505	3215	4815
281	0.157	127.188	102.404	1.496	126.915	102.193	0.529	0.423	0.521	0.383	22.782	6010	4828
282	0.102	120.701	102.483	1.221	120.565	102.256	0.275	0.466	0.472	0.274	79.671	5701	4831
283	0.166	129.818	102.615	1.678	129.625	102.341	0.381	0.550	0.564	0.374	88.589	6127	4835
284	0.131	113.888	103.208	1.394	113.707	102.955	0.360	0.508	0.506	0.329	103.115	5377	4864
285	0.047	122.756	103.228	0.890	122.661	103.060	0.190	0.360	0.350	0.169	79.128	5800	4869
286	0.117	103.387	103.531	1.311	103.209	103.314	0.360	0.444	0.499	0.299	60.329	4885	4881
287	0.125	95.902	103.954	1.329	95.694	103.759	0.423	0.402	0.483	0.328	138.432	4522	4902
288	0.143	127.975	103.981	1.461	127.698	103.780	0.529	0.381	0.526	0.347	12.208	6047	4903
289	0.097	60.215	104.265	1.167	60.071	104.055	0.296	0.423	0.420	0.295	107.716	2840	4916
290	0.181	130.063	104.697	1.793	129.836	104.394	0.487	0.572	0.544	0.425	105.828	6142	4932
291	0.118	107.563	104.936	1.299	107.400	104.690	0.318	0.487	0.475	0.317	96.147	5080	4946
292	0.138	43.974	104.962	1.413	43.752	104.754	0.466	0.402	0.490	0.360	151.164	2069	4949
293	0.110	61.423	105.049	1.256	61.278	104.796	0.296	0.487	0.466	0.300	97.437	2901	4951
294	0.117	123.292	105.681	1.274	123.105	105.452	0.360	0.444	0.434	0.343	95.891	5822	4982
295	0.105	118.858	105.809	1.239	118.639	105.664	0.466	0.296	0.465	0.287	10.882	5611	4992
296	0.110	109.690	106.493	1.226	109.474	106.320	0.423	0.339	0.442	0.317	163.435	5181	5023
297	0.105	74.307	107.313	1.214	74.104	107.146	0.423	0.339	0.432	0.310	161.334	3506	5062
298	0.120	80.528	107.729	1.316	80.285	107.569	0.466	0.360	0.475	0.322	161.922	3798	5082
299	0.112	11.941	107.768	1.246	11.726	107.611	0.423	0.318	0.446	0.319	159.896	557	5084
300	0.134	89.806	108.330	1.443	89.556	108.140	0.508	0.360	0.528	0.324	18.046	4247	5109
301	0.121	112.848	108.744	1.316	112.649	108.543	0.423	0.402	0.472	0.327	139.025	5325	5128
302	0.134	37.643	110.263	1.426	37.380	110.088	0.508	0.360	0.514	0.333	177.575	1777	5201
303	0.138	69.302	110.572	1.418	69.088	110.342	0.423	0.466	0.533	0.330	128.224	3268	5213
304	0.124	115.837	110.788	1.336	115.591	110.638	0.508	0.296	0.516	0.306	179.209	5467	5227
305	0.131	96.913	111.181	1.388	96.689	110.977	0.444	0.423	0.499	0.334	40.701	4579	5243
306	0.114	76.016	111.483	1.286	75.861	111.252	0.318	0.487	0.474	0.307	85.075	3590	5256
307	0.118	117.932	112.038	1.329	117.708	111.866	0.466	0.339	0.474	0.316	170.836	5568	5285
308	0.120	104.951	112.760	1.304	104.733	112.586	0.466	0.360	0.468	0.327	163.694	4952	5319
309	0.112	113.493	113.982	1.281	113.326	113.771	0.339	0.423	0.456	0.312	111.035	5357	5375
310	0.126	101.589	114.892	1.341	101.410	114.660	0.339	0.487	0.500	0.322	106.091	4795	5417
311	0.133	126.757	115.830	1.376	126.492	115.655	0.508	0.360	0.496	0.341	169.576	5985	5464
312	0.103	60.512	116.096	1.239	60.346	115.866	0.318	0.444	0.450	0.292	79.518	2859	5474
313	0.124	92.953	116.963	1.329	92.752	116.755	0.402	0.423	0.490	0.323	130.749	4384	5516
314	0.047	7.693	116.907	0.835	7.578	116.776	0.233	0.275	0.264	0.229	81.747	362	5517
315	0.113	84.485	117.610	1.281	84.328	117.369	0.318	0.466	0.471	0.307	75.311	3992	5545
316	0.142	55.863	117.974	1.515	55.690	117.708	0.360	0.529	0.535	0.337	69.590	2640	5561
317	0.110	97.896	119.115	1.281	97.748	118.872	0.296	0.487	0.484	0.290	76.850	4625	5616
318	0.116	76.525	119.261	1.281	76.285	119.105	0.466	0.318	0.458	0.323	6.767	3612	5627
319	0.099	40.544	122.019	1.202	40.386	121.793	0.318	0.444	0.440	0.287	109.161	1913	5754
320	0.129	42.796	122.317	1.341	42.566	122.153	0.487	0.339	0.485	0.340	169.523	2014	5771
321	0.152	71.889	123.071	1.493	71.713	122.809	0.360	0.529	0.553	0.350	73.959	3395	5802
322	0.122	60.125	123.436	1.341	59.965	123.190	0.339	0.487	0.504	0.309	106.468	2836	5820
323	0.124	58.570	124.023	1.336	58.399	123.783	0.339	0.466	0.468	0.336	92.963	2765	5848
324	0.138	104.872	126.102	1.413	104.690	125.836	0.360	0.508	0.513	0.342	75.780	4955	5945
325	0.134	82.777	126.204	1.383	82.592	125.963	0.381	0.466	0.497	0.344	119.382	3906	5951
326	0.129	89.421	126.581	1.348	89.260	126.344	0.339	0.466	0.476	0.344	81.055	4223	5969
327	0.110	70.179	127.298	1.264	69.956	127.148	0.444	0.318	0.449	0.313	11.749	3312	6007
328	0.149	31.146	127.973	1.456	30.946	127.720	0.381	0.508	0.509	0.372	81.302	1472	6034
329	0.102	116.800	128.109	1.179	116.650	127.910	0.318	0.402	0.408	0.319	100.737	5513	6043
330	0.054	117.302	128.087	0.942	117.158	127.952	0.296	0.275	0.338	0.203	149.082	5538	6045
331	0.122	108.058	129.445	1.341	107.908	129.201	0.318	0.508	0.497	0.313	87.437	5103	6104
332	0.131	76.797	130.708	1.346	76.560	130.535	0.487	0.360	0.467	0.358	178.827	3623	6167
333	0.142	79.893	131.196	1.408	79.692	130.958	0.381	0.466	0.488	0.371	79.028	3772	6187
334	0.117	51.175	131.239	1.304	51.012	131.000	0.339	0.466	0.471	0.316	103.054	2415	6189
335	0.122	52.240	131.251	1.306	52.070	131.022	0.318	0.466	0.476	0.327	91.283	2466	6190
336	0.110	65.795	131.421	1.256	65.617	131.212	0.360	0.423	0.458	0.306	60.883	3107	6199
337	0.055	11.718	132.638	0.890	11.578	132.524	0.296	0.233	0.319	0.220	24.553	551	6261
