 	Area	X	Y	Perim.	BX	BY	Width	Height	Major	Minor	Angle	XStart	YStart
1	0.103	109.920	12.364	1.221	109.770	12.128	0.296	0.444	0.443	0.296	96.836	5190	573
2	0.105	116.660	13.835	1.226	116.459	13.652	0.381	0.381	0.429	0.313	43.934	5512	645
3	0.089	52.805	13.927	1.112	52.642	13.758	0.339	0.360	0.396	0.285	128.234	2488	650
4	0.120	98.887	14.195	1.329	98.679	13.991	0.423	0.402	0.474	0.321	144.171	4666	661
5	0.137	110.324	14.270	1.359	110.109	14.055	0.423	0.423	0.487	0.357	137.559	5207	664
6	0.116	98.546	14.580	1.323	98.319	14.414	0.444	0.339	0.465	0.319	21.077	4653	681
7	0.116	43.471	14.917	1.329	43.307	14.647	0.318	0.508	0.480	0.309	89.827	2051	692
8	0.143	51.904	14.915	1.521	51.689	14.647	0.402	0.550	0.546	0.334	108.855	2450	692
9	0.125	38.350	15.361	1.491	38.164	15.134	0.360	0.444	0.466	0.341	105.986	1808	715
10	0.116	106.439	15.413	1.286	106.193	15.240	0.466	0.339	0.465	0.319	18.305	5028	720
11	0.152	95.030	15.506	1.580	94.763	15.282	0.572	0.423	0.555	0.350	154.442	4482	722
12	0.117	96.424	15.449	1.359	96.181	15.282	0.508	0.339	0.505	0.296	9.262	4555	722
13	0.110	93.732	16.500	1.269	93.557	16.277	0.339	0.444	0.452	0.309	112.175	4423	769
14	0.132	75.975	17.447	1.359	75.756	17.230	0.423	0.423	0.460	0.365	46.897	3589	814
15	0.111	38.152	17.729	1.334	37.931	17.547	0.444	0.360	0.450	0.313	22.265	1804	829
16	0.137	77.132	17.914	1.418	76.941	17.653	0.381	0.508	0.514	0.339	65.887	3645	834
17	0.152	87.594	18.388	1.491	87.312	18.182	0.529	0.402	0.530	0.366	19.990	4140	859
18	0.113	113.016	19.195	1.251	112.818	19.008	0.381	0.381	0.462	0.313	135.687	5332	898
19	0.133	59.068	19.951	1.376	58.864	19.727	0.444	0.423	0.512	0.330	138.250	2783	932
20	0.123	31.276	19.929	1.406	31.052	19.748	0.487	0.360	0.484	0.324	154.805	1473	933
21	0.126	68.725	19.972	1.348	68.538	19.791	0.381	0.381	0.411	0.391	155.929	3241	935
22	0.046	93.351	20.141	0.865	93.176	20.024	0.318	0.233	0.301	0.195	17.704	4414	946
23	0.148	46.931	21.918	1.545	46.672	21.738	0.529	0.381	0.533	0.353	11.332	2216	1027
24	0.095	107.347	22.419	1.167	107.167	22.246	0.339	0.381	0.415	0.290	123.217	5065	1051
25	0.069	58.693	22.708	0.992	58.547	22.564	0.318	0.296	0.306	0.289	13.253	2769	1066
26	0.130	53.654	23.065	1.371	53.404	22.902	0.508	0.339	0.493	0.337	177.051	2530	1082
27	0.138	44.473	23.392	1.413	44.281	23.178	0.402	0.466	0.497	0.354	61.399	2100	1095
28	0.136	68.068	23.438	1.388	67.839	23.220	0.444	0.423	0.489	0.354	137.286	3211	1097
29	0.147	69.852	23.464	1.478	69.638	23.220	0.444	0.487	0.548	0.343	130.259	3294	1097
30	0.115	109.671	23.732	1.304	109.495	23.495	0.360	0.466	0.482	0.304	120.186	5178	1110
31	0.139	41.892	23.940	1.471	41.698	23.686	0.381	0.508	0.495	0.358	91.744	1977	1119
32	0.130	74.008	24.274	1.378	73.829	24.024	0.339	0.487	0.508	0.327	109.578	3494	1135
33	0.137	97.725	24.354	1.418	97.472	24.172	0.508	0.360	0.514	0.339	12.581	4617	1142
34	0.135	95.038	24.825	1.378	94.806	24.659	0.487	0.339	0.508	0.338	168.768	4481	1165
35	0.133	87.509	26.254	1.371	87.270	26.077	0.487	0.360	0.492	0.343	15.016	4132	1232
36	0.149	74.068	26.939	1.486	73.872	26.691	0.402	0.487	0.515	0.369	116.480	3493	1261
37	0.130	71.640	27.057	1.359	71.459	26.818	0.360	0.487	0.488	0.339	81.799	3381	1267
38	0.124	60.822	27.637	1.311	60.621	27.432	0.402	0.402	0.464	0.341	42.805	2874	1296
39	0.128	119.358	27.739	1.371	119.147	27.517	0.423	0.423	0.494	0.329	139.523	5631	1300
40	0.134	87.863	27.959	1.383	87.609	27.792	0.508	0.339	0.510	0.334	3.330	4151	1313
41	0.122	81.354	28.164	1.351	81.174	27.919	0.360	0.487	0.483	0.322	74.584	3842	1319
42	0.136	89.092	28.249	1.413	88.836	28.067	0.508	0.360	0.542	0.319	158.199	4202	1326
43	0.134	32.357	28.617	1.408	32.110	28.448	0.508	0.339	0.509	0.335	166.778	1521	1344
44	0.134	80.401	28.797	1.388	80.158	28.596	0.466	0.402	0.511	0.333	143.833	3791	1351
45	0.130	98.175	29.114	1.383	98.002	28.871	0.339	0.508	0.506	0.327	84.774	4635	1364
46	0.109	71.647	29.169	1.239	71.438	28.998	0.423	0.339	0.439	0.317	12.844	3386	1370
47	0.135	94.304	29.884	1.371	94.086	29.676	0.423	0.423	0.491	0.351	133.364	4449	1402
48	0.125	83.554	30.428	1.491	83.397	30.120	0.339	0.550	0.509	0.314	101.108	3943	1423
49	0.120	47.265	30.374	1.353	47.054	30.184	0.423	0.402	0.479	0.318	42.516	2234	1426
50	0.150	79.672	30.472	1.461	79.460	30.226	0.423	0.487	0.546	0.350	54.824	3765	1428
51	0.112	67.379	30.659	1.269	67.204	30.438	0.339	0.444	0.449	0.318	113.427	3181	1438
52	0.111	70.665	30.860	1.286	70.485	30.628	0.360	0.444	0.481	0.293	121.313	3336	1447
53	0.136	71.385	31.416	1.401	71.184	31.178	0.402	0.466	0.498	0.348	57.493	3373	1473
54	0.129	84.505	32.129	1.359	84.328	31.877	0.360	0.487	0.498	0.331	110.480	3988	1506
55	0.142	43.251	32.511	1.426	42.990	32.343	0.529	0.339	0.543	0.333	169.207	2035	1528
56	0.127	120.110	33.107	1.341	119.930	32.872	0.360	0.466	0.488	0.331	116.651	5670	1553
57	0.134	68.391	33.860	1.371	68.178	33.634	0.423	0.423	0.495	0.344	45.925	3233	1589
58	0.112	119.601	33.779	1.246	119.380	33.634	0.444	0.296	0.462	0.309	6.927	5646	1589
59	0.135	76.687	34.120	1.401	76.433	33.951	0.508	0.360	0.491	0.350	3.335	3619	1604
60	0.152	101.929	34.917	1.515	101.748	34.629	0.360	0.572	0.569	0.340	85.605	4815	1636
61	0.108	87.079	35.144	1.269	86.889	34.946	0.381	0.402	0.486	0.284	132.222	4107	1651
62	0.142	37.235	35.151	1.413	36.978	34.967	0.508	0.360	0.528	0.343	162.163	1753	1652
63	0.121	112.401	35.756	1.306	112.183	35.581	0.423	0.360	0.464	0.332	31.019	5310	1681
64	0.132	108.732	37.402	1.401	108.479	37.211	0.487	0.381	0.521	0.322	31.436	5137	1758
65	0.104	64.298	37.428	1.184	64.114	37.232	0.360	0.381	0.434	0.305	129.409	3032	1759
66	0.157	116.317	37.665	1.551	116.099	37.423	0.444	0.508	0.564	0.355	54.672	5495	1768
67	0.129	50.108	37.935	1.353	49.848	37.782	0.508	0.318	0.507	0.323	0.968	2362	1785
68	0.159	108.854	38.367	1.545	108.670	38.058	0.360	0.593	0.568	0.357	86.495	5142	1798
69	0.139	121.570	38.519	1.413	121.306	38.354	0.529	0.339	0.520	0.341	7.962	5739	1812
70	0.104	113.111	38.620	1.209	112.903	38.460	0.423	0.318	0.427	0.310	166.914	5340	1817
71	0.122	37.820	38.718	1.323	37.634	38.502	0.402	0.402	0.486	0.319	137.095	1779	1819
72	0.138	76.807	38.784	1.418	76.560	38.566	0.487	0.402	0.500	0.353	30.450	3630	1822
73	0.129	44.828	39.019	1.364	44.619	38.798	0.402	0.444	0.494	0.331	126.512	2112	1833
74	0.109	45.964	39.011	1.256	45.741	38.841	0.444	0.339	0.453	0.307	12.235	2174	1835
75	0.129	69.144	39.491	1.359	68.961	39.222	0.360	0.487	0.482	0.342	72.704	3268	1853
76	0.101	42.484	39.445	1.196	42.291	39.264	0.381	0.360	0.438	0.293	139.429	2004	1855
77	0.114	118.921	39.601	1.281	118.682	39.434	0.444	0.339	0.459	0.315	21.577	5618	1863
78	0.121	25.906	39.662	1.346	25.675	39.497	0.487	0.339	0.482	0.320	178.197	1221	1866
79	0.138	29.459	39.913	1.436	29.210	39.709	0.508	0.402	0.526	0.334	27.401	1394	1876
80	0.127	95.061	40.075	1.341	94.827	39.899	0.487	0.339	0.487	0.331	172.158	4490	1885
81	0.122	95.985	40.236	1.311	95.822	40.005	0.339	0.466	0.483	0.321	66.070	4538	1890
82	0.121	78.851	40.298	1.321	78.634	40.090	0.444	0.402	0.480	0.322	145.958	3721	1894
83	0.140	106.822	40.946	1.456	106.638	40.682	0.381	0.508	0.533	0.334	113.215	5041	1922
84	0.140	124.010	41.005	1.401	123.804	40.767	0.402	0.466	0.504	0.353	118.291	5853	1926
85	0.126	75.525	41.039	1.329	75.290	40.852	0.466	0.360	0.497	0.324	153.606	3561	1930
86	0.132	36.716	42.317	1.388	36.512	42.079	0.423	0.444	0.510	0.329	132.596	1731	1988
87	0.124	116.203	42.420	1.424	115.972	42.185	0.466	0.423	0.481	0.328	150.820	5486	1993
88	0.117	24.867	42.850	1.299	24.638	42.672	0.444	0.360	0.463	0.323	160.333	1174	2016
89	0.142	21.855	43.018	1.491	21.611	42.799	0.487	0.444	0.542	0.333	41.334	1034	2022
90	0.137	10.225	43.455	1.431	10.012	43.244	0.444	0.444	0.516	0.338	42.652	485	2043
91	0.126	31.592	43.502	1.388	31.390	43.286	0.423	0.444	0.510	0.316	49.011	1495	2045
92	0.135	25.210	43.720	1.431	25.040	43.476	0.360	0.529	0.508	0.338	71.319	1192	2054
93	0.133	70.435	43.795	1.401	70.231	43.561	0.402	0.466	0.493	0.344	126.379	3324	2058
94	0.105	69.458	44.220	1.239	69.278	44.006	0.339	0.423	0.439	0.306	118.597	3279	2079
95	0.097	46.973	44.231	1.167	46.736	44.090	0.444	0.275	0.437	0.282	1.458	2215	2083
96	0.154	110.975	44.638	1.515	110.786	44.344	0.360	0.572	0.561	0.350	91.440	5241	2095
97	0.116	40.321	45.127	1.311	40.174	44.873	0.318	0.487	0.480	0.308	92.403	1904	2120
98	0.157	14.540	45.392	1.515	14.245	45.212	0.572	0.360	0.564	0.354	175.811	684	2136
99	0.101	114.566	45.619	1.184	114.342	45.466	0.444	0.296	0.427	0.302	0.962	5409	2148
100	0.134	128.677	45.977	1.371	128.418	45.805	0.508	0.339	0.495	0.343	173.359	6074	2164
101	0.120	121.874	46.167	1.323	121.687	45.953	0.381	0.423	0.485	0.315	130.323	5751	2171
102	0.094	40.378	46.207	1.154	40.217	46.016	0.318	0.402	0.426	0.281	117.850	1903	2174
103	0.125	37.192	46.437	1.334	36.957	46.249	0.444	0.402	0.482	0.330	138.907	1750	2185
104	0.112	84.121	46.702	1.376	83.884	46.461	0.444	0.423	0.468	0.304	144.740	3969	2195
105	0.116	95.078	47.029	1.286	94.911	46.800	0.339	0.466	0.469	0.316	109.172	4487	2211
106	0.124	96.548	47.037	1.341	96.351	46.821	0.381	0.444	0.486	0.324	57.966	4560	2212
107	0.114	91.364	47.078	1.269	91.186	46.863	0.360	0.423	0.459	0.317	124.266	4311	2214
108	0.113	35.456	47.128	1.286	35.285	46.905	0.339	0.466	0.475	0.303	115.140	1671	2216
109	0.125	31.817	47.122	1.461	31.581	46.926	0.508	0.360	0.513	0.311	158.730	1505	2217
110	0.121	66.931	47.466	1.299	66.760	47.223	0.339	0.466	0.471	0.326	105.949	3158	2231
111	0.128	79.418	47.641	1.418	79.227	47.371	0.381	0.508	0.527	0.310	58.772	3756	2238
112	0.109	85.715	47.603	1.269	85.513	47.392	0.381	0.402	0.450	0.308	46.649	4053	2239
113	0.097	72.680	47.639	1.149	72.538	47.434	0.296	0.402	0.414	0.297	97.566	3430	2241
114	0.119	21.504	47.800	1.286	21.315	47.583	0.381	0.423	0.461	0.328	128.892	1010	2248
115	0.144	41.323	48.436	1.443	41.084	48.218	0.466	0.423	0.543	0.339	39.057	1953	2278
116	0.099	27.529	48.502	1.196	27.347	48.345	0.402	0.339	0.413	0.306	26.820	1297	2284
117	0.123	70.202	48.745	1.323	70.040	48.493	0.318	0.487	0.481	0.326	86.262	3317	2291
118	0.139	18.754	49.186	1.431	18.542	48.958	0.423	0.466	0.531	0.334	130.873	879	2313
119	0.106	59.523	49.314	1.244	59.372	49.064	0.296	0.487	0.470	0.288	98.858	2810	2318
120	0.130	125.183	49.558	1.388	124.989	49.297	0.381	0.487	0.513	0.324	59.181	5917	2329
121	0.132	116.891	50.542	1.376	116.671	50.334	0.444	0.423	0.500	0.336	140.145	5516	2378
122	0.117	80.532	50.676	1.281	80.370	50.440	0.339	0.444	0.442	0.338	99.333	3804	2383
123	0.135	69.374	50.957	1.413	69.194	50.715	0.360	0.487	0.497	0.346	75.948	3277	2396
124	0.137	94.253	51.027	1.401	94.022	50.821	0.466	0.402	0.515	0.338	144.434	4446	2401
125	0.103	72.496	51.071	1.196	72.348	50.864	0.296	0.444	0.439	0.300	99.880	3421	2403
126	0.115	31.722	51.224	1.316	31.560	50.969	0.339	0.487	0.477	0.308	77.166	1499	2408
127	0.112	108.584	51.385	1.226	108.352	51.223	0.444	0.318	0.445	0.322	172.706	5126	2420
128	0.138	116.574	52.060	1.401	116.332	51.880	0.487	0.360	0.488	0.359	176.963	5505	2451
129	0.129	103.735	52.264	1.353	103.505	52.091	0.466	0.360	0.511	0.323	26.266	4899	2461
130	0.131	27.397	52.398	1.399	27.178	52.176	0.466	0.444	0.513	0.326	47.767	1296	2465
131	0.138	88.163	52.456	1.493	87.990	52.218	0.339	0.508	0.522	0.337	77.805	4163	2467
132	0.132	80.726	52.696	1.371	80.539	52.451	0.360	0.487	0.513	0.327	114.420	3810	2478
133	0.127	101.025	52.665	1.346	100.796	52.493	0.487	0.360	0.483	0.334	22.111	4770	2480
134	0.124	46.439	53.115	1.424	46.228	52.874	0.402	0.487	0.534	0.296	124.778	2189	2498
135	0.107	35.403	53.429	1.214	35.242	53.213	0.318	0.444	0.437	0.311	82.521	1671	2514
136	0.129	83.779	53.676	1.426	83.545	53.488	0.466	0.402	0.527	0.312	32.215	3957	2527
137	0.136	30.810	53.822	1.431	30.649	53.552	0.339	0.529	0.531	0.325	84.618	1454	2530
138	0.128	50.581	53.942	1.346	50.398	53.700	0.360	0.487	0.494	0.329	105.815	2386	2537
139	0.120	51.044	54.193	1.406	50.800	54.038	0.508	0.318	0.504	0.302	5.749	2407	2553
140	0.118	57.153	54.555	1.329	56.917	54.377	0.466	0.360	0.495	0.304	148.618	2689	2569
141	0.127	22.935	54.622	1.371	22.691	54.441	0.487	0.360	0.512	0.316	162.274	1079	2572
142	0.124	91.247	55.592	1.371	91.080	55.351	0.318	0.508	0.503	0.313	89.696	4308	2615
143	0.139	112.333	55.898	1.431	112.141	55.647	0.381	0.508	0.500	0.355	102.082	5304	2629
144	0.118	110.920	55.951	1.286	110.744	55.711	0.339	0.466	0.467	0.321	75.576	5240	2632
145	0.137	12.944	56.641	1.418	12.721	56.409	0.444	0.444	0.529	0.329	47.959	613	2665
146	0.123	106.411	56.835	1.346	106.193	56.642	0.444	0.402	0.484	0.324	140.817	5019	2676
147	0.149	64.038	56.919	1.448	63.818	56.684	0.444	0.466	0.528	0.360	131.031	3020	2678
148	0.146	89.403	56.957	1.486	89.154	56.748	0.487	0.423	0.548	0.340	39.969	4224	2681
149	0.124	52.277	57.232	1.334	52.070	57.023	0.423	0.423	0.497	0.318	132.006	2463	2694
150	0.116	80.863	57.358	1.264	80.687	57.150	0.360	0.402	0.450	0.328	58.661	3819	2700
151	0.149	23.426	58.112	1.478	23.178	57.891	0.487	0.444	0.549	0.345	140.797	1099	2735
152	0.131	85.180	58.407	1.353	84.942	58.230	0.466	0.360	0.490	0.341	20.916	4023	2751
153	0.094	59.994	58.447	1.167	59.838	58.251	0.318	0.402	0.413	0.289	110.211	2830	2752
154	0.128	75.738	58.544	1.371	75.586	58.293	0.318	0.529	0.510	0.319	88.035	3576	2754
155	0.122	93.789	59.138	1.376	93.557	58.928	0.444	0.402	0.487	0.320	38.439	4433	2784
156	0.119	63.430	59.234	1.276	63.204	59.076	0.444	0.318	0.457	0.330	166.483	2989	2791
157	0.126	44.387	60.964	1.351	44.154	60.748	0.466	0.402	0.489	0.329	35.607	2100	2870
158	0.146	106.763	61.205	1.436	106.553	60.960	0.423	0.487	0.515	0.361	129.400	5039	2880
159	0.118	91.424	61.435	1.299	91.228	61.235	0.402	0.402	0.481	0.312	46.853	4319	2893
160	0.123	23.158	61.891	1.371	23.008	61.637	0.318	0.529	0.507	0.309	79.748	1094	2912
161	0.138	38.546	62.161	1.450	38.333	61.934	0.423	0.444	0.518	0.339	51.215	1824	2926
162	0.109	78.236	62.661	1.226	78.020	62.505	0.444	0.318	0.448	0.309	171.618	3691	2953
163	0.138	38.988	63.808	1.443	38.820	63.521	0.360	0.529	0.527	0.334	107.491	1837	3001
164	0.115	94.877	63.695	1.274	94.657	63.521	0.444	0.360	0.453	0.324	21.588	4483	3001
165	0.121	116.631	63.809	1.329	116.396	63.627	0.466	0.360	0.481	0.319	25.553	5511	3006
166	0.142	100.017	63.865	1.418	99.801	63.648	0.444	0.444	0.523	0.346	136.786	4717	3007
167	0.101	10.803	64.213	1.196	10.604	64.029	0.381	0.360	0.438	0.294	39.728	511	3025
168	0.142	55.293	64.498	1.413	55.054	64.304	0.487	0.381	0.508	0.357	162.025	2608	3038
169	0.112	82.534	64.513	1.244	82.338	64.326	0.402	0.381	0.435	0.329	40.608	3899	3039
170	0.136	64.162	64.661	1.448	63.923	64.452	0.487	0.423	0.555	0.311	144.082	3023	3045
171	0.134	108.774	65.323	1.383	108.606	65.088	0.360	0.487	0.496	0.344	75.448	5137	3075
172	0.124	31.162	65.525	1.323	30.988	65.299	0.360	0.444	0.478	0.331	63.994	1472	3085
173	0.124	93.296	65.595	1.329	93.112	65.363	0.360	0.466	0.493	0.319	116.281	4402	3088
174	0.143	91.929	65.872	1.443	91.758	65.596	0.339	0.550	0.552	0.330	100.857	4339	3099
175	0.121	33.420	65.848	1.323	33.189	65.680	0.466	0.339	0.476	0.323	167.397	1574	3103
176	0.135	100.581	66.081	1.371	100.372	65.871	0.423	0.423	0.512	0.335	44.835	4751	3112
177	0.125	30.471	66.296	1.376	30.268	66.061	0.402	0.466	0.517	0.309	52.169	1442	3121
178	0.108	61.444	66.264	1.256	61.214	66.104	0.466	0.318	0.461	0.298	162.138	2897	3123
179	0.142	79.525	66.385	1.491	79.290	66.146	0.466	0.466	0.564	0.320	137.128	3747	3125
180	0.110	19.817	66.566	1.239	19.622	66.379	0.402	0.360	0.448	0.313	141.643	931	3136
181	0.151	115.339	66.837	1.553	115.168	66.548	0.339	0.593	0.589	0.327	102.749	5446	3144
182	0.113	20.980	67.019	1.269	20.828	66.781	0.318	0.466	0.464	0.310	85.254	989	3155
183	0.131	116.453	67.057	1.453	116.268	66.781	0.381	0.550	0.559	0.299	108.884	5498	3155
184	0.138	38.649	67.099	1.448	38.439	66.844	0.402	0.508	0.508	0.345	123.559	1827	3158
185	0.129	36.521	67.265	1.376	36.322	67.035	0.402	0.466	0.508	0.323	126.286	1722	3167
186	0.150	19.784	67.476	1.505	19.600	67.225	0.360	0.508	0.522	0.365	84.482	933	3176
187	0.062	69.401	68.727	1.015	69.257	68.538	0.275	0.381	0.381	0.208	62.025	3278	3238
188	0.119	95.487	68.809	1.281	95.271	68.644	0.444	0.339	0.472	0.321	25.405	4509	3243
189	0.140	91.758	69.033	1.401	91.567	68.792	0.381	0.487	0.527	0.338	117.313	4329	3250
190	0.112	44.743	69.120	1.329	44.598	68.876	0.296	0.508	0.495	0.287	96.810	2111	3254
191	0.137	112.634	69.215	1.396	112.458	68.961	0.339	0.508	0.501	0.347	98.179	5320	3258
192	0.112	104.571	69.539	1.286	104.394	69.321	0.360	0.444	0.481	0.296	114.891	4935	3275
193	0.141	119.181	69.702	1.461	118.999	69.427	0.360	0.529	0.532	0.338	79.484	5630	3280
194	0.134	86.232	69.698	1.371	86.042	69.469	0.381	0.466	0.516	0.331	122.026	4067	3282
195	0.086	16.819	70.089	1.082	16.637	69.935	0.381	0.296	0.381	0.286	13.013	793	3304
196	0.119	18.320	70.334	1.383	18.119	70.125	0.402	0.423	0.523	0.289	47.035	868	3313
197	0.126	104.343	71.236	1.341	104.182	70.993	0.318	0.508	0.500	0.321	99.891	4926	3354
198	0.108	28.534	71.654	1.239	28.342	71.459	0.381	0.381	0.439	0.313	137.737	1344	3376
199	0.114	119.027	71.770	1.286	118.830	71.564	0.381	0.423	0.471	0.308	129.539	5618	3381
200	0.112	32.967	71.979	1.281	32.745	71.818	0.444	0.339	0.455	0.313	23.079	1556	3393
201	0.111	95.253	72.367	1.239	95.060	72.178	0.381	0.381	0.455	0.311	137.212	4495	3410
202	0.132	48.840	72.752	1.401	48.578	72.580	0.508	0.360	0.508	0.330	161.745	2302	3429
203	0.138	102.818	72.915	1.431	102.616	72.665	0.381	0.508	0.519	0.338	115.877	4855	3433
204	0.135	41.208	73.702	1.383	41.042	73.448	0.339	0.508	0.515	0.334	101.351	1944	3470
205	0.132	23.996	75.044	1.359	23.770	74.845	0.444	0.402	0.498	0.337	141.913	1126	3536
206	0.115	116.319	75.484	1.311	116.163	75.226	0.296	0.508	0.499	0.294	83.825	5496	3554
207	0.112	74.983	75.643	1.269	74.803	75.438	0.381	0.402	0.460	0.311	130.368	3537	3564
208	0.130	122.469	76.205	1.353	122.301	75.967	0.339	0.487	0.500	0.331	72.713	5785	3589
209	0.133	54.628	76.496	1.371	54.420	76.285	0.444	0.402	0.497	0.340	146.103	2573	3604
210	0.123	53.833	76.905	1.329	53.658	76.666	0.360	0.466	0.492	0.318	114.021	2539	3622
211	0.113	73.912	77.414	1.274	73.681	77.237	0.444	0.360	0.467	0.309	24.002	3493	3649
212	0.109	46.648	77.610	1.264	46.482	77.385	0.318	0.444	0.452	0.307	88.010	2202	3656
213	0.130	10.743	78.215	1.486	10.562	77.936	0.339	0.529	0.518	0.321	79.283	509	3682
214	0.121	111.477	78.596	1.299	111.231	78.422	0.466	0.339	0.458	0.338	177.584	5264	3705
215	0.115	64.425	78.846	1.299	64.262	78.613	0.318	0.466	0.474	0.309	105.472	3039	3714
216	0.129	24.649	79.197	1.383	24.490	78.930	0.318	0.529	0.531	0.309	101.238	1161	3729
217	0.138	54.001	79.280	1.426	53.827	79.015	0.360	0.508	0.521	0.337	107.225	2548	3733
218	0.140	53.417	79.267	1.448	53.150	79.079	0.529	0.360	0.531	0.335	165.345	2519	3736
219	0.104	33.525	79.314	1.219	33.295	79.142	0.444	0.339	0.435	0.304	157.946	1581	3739
220	0.108	19.058	80.362	1.226	18.860	80.179	0.381	0.381	0.437	0.315	136.315	896	3788
221	0.116	29.639	80.899	1.323	29.485	80.645	0.318	0.487	0.497	0.299	75.224	1400	3810
222	0.131	90.459	80.956	1.359	90.234	80.772	0.466	0.381	0.502	0.332	30.581	4272	3816
223	0.108	74.184	81.030	1.226	74.020	80.814	0.339	0.423	0.430	0.319	102.867	3501	3818
224	0.128	57.159	81.055	1.376	56.938	80.836	0.423	0.444	0.502	0.325	135.061	2696	3819
225	0.145	112.329	82.257	1.468	112.162	82.000	0.339	0.550	0.546	0.339	96.541	5303	3874
226	0.117	89.147	82.274	1.294	88.921	82.106	0.466	0.318	0.475	0.313	168.970	4208	3879
227	0.127	103.104	82.591	1.329	102.934	82.360	0.360	0.466	0.476	0.339	107.181	4867	3891
228	0.112	81.582	82.624	1.286	81.365	82.444	0.444	0.360	0.457	0.313	21.114	3855	3895
229	0.090	25.333	83.488	1.112	25.167	83.291	0.318	0.381	0.402	0.285	114.393	1194	3935
230	0.110	13.990	83.810	1.256	13.801	83.608	0.381	0.402	0.442	0.316	40.209	662	3950
231	0.145	92.285	84.971	1.473	92.075	84.751	0.444	0.466	0.538	0.343	49.536	4360	4004
232	0.146	119.101	85.253	1.491	118.914	84.984	0.360	0.550	0.549	0.338	102.677	5623	4015
233	0.113	102.752	85.268	1.286	102.531	85.090	0.466	0.339	0.472	0.304	160.976	4851	4020
234	0.125	54.083	85.706	1.323	53.912	85.471	0.339	0.466	0.480	0.330	103.386	2552	4038
235	0.144	96.449	85.896	1.473	96.266	85.619	0.360	0.550	0.551	0.333	71.442	4558	4045
236	0.116	32.670	86.561	1.269	32.491	86.339	0.339	0.444	0.463	0.318	66.582	1543	4079
237	0.129	58.350	86.672	1.353	58.187	86.424	0.339	0.487	0.486	0.337	92.227	2755	4083
238	0.118	35.912	86.687	1.323	35.729	86.445	0.339	0.466	0.477	0.314	69.728	1698	4084
239	0.110	96.701	86.866	1.276	96.541	86.635	0.318	0.444	0.460	0.305	102.321	4566	4093
240	0.148	64.038	86.993	1.486	63.839	86.741	0.402	0.508	0.550	0.343	115.362	3020	4098
241	0.120	103.279	87.036	1.291	103.082	86.826	0.402	0.423	0.448	0.340	126.860	4874	4102
242	0.145	94.929	87.272	1.491	94.700	87.037	0.444	0.487	0.560	0.330	131.274	4478	4112
243	0.106	102.192	87.948	1.226	102.023	87.736	0.360	0.402	0.455	0.297	131.957	4821	4145
244	0.200	125.212	88.602	1.730	124.926	88.371	0.593	0.487	0.580	0.440	22.745	5915	4175
245	0.137	63.537	88.633	1.413	63.352	88.392	0.381	0.487	0.522	0.334	113.719	2996	4176
246	0.132	40.331	88.826	1.371	40.132	88.604	0.402	0.444	0.501	0.336	122.729	1899	4186
247	0.116	61.844	88.875	1.316	61.680	88.646	0.339	0.466	0.476	0.310	69.984	2921	4188
248	0.110	117.137	89.541	1.256	116.967	89.323	0.339	0.444	0.450	0.311	114.389	5530	4220
249	0.116	97.244	89.773	1.294	97.070	89.556	0.339	0.444	0.461	0.319	77.530	4592	4231
250	0.113	95.664	89.915	1.304	95.462	89.683	0.381	0.444	0.467	0.308	58.392	4524	4237
251	0.132	101.544	89.970	1.413	101.367	89.726	0.360	0.508	0.528	0.319	67.399	4797	4239
252	0.130	95.561	90.661	1.323	95.335	90.488	0.444	0.360	0.459	0.361	168.827	4509	4275
253	0.109	92.847	91.218	1.239	92.646	91.038	0.402	0.360	0.462	0.300	145.900	4380	4301
254	0.120	36.853	91.821	1.329	36.661	91.588	0.360	0.466	0.488	0.313	114.799	1735	4327
255	0.121	97.313	91.867	1.294	97.092	91.694	0.444	0.339	0.478	0.322	24.353	4596	4332
256	0.123	30.311	92.592	1.353	30.141	92.350	0.339	0.487	0.487	0.321	106.990	1426	4363
257	0.091	56.206	92.724	1.154	56.049	92.520	0.318	0.402	0.407	0.283	68.801	2655	4371
258	0.117	86.290	92.764	1.306	86.064	92.604	0.466	0.318	0.488	0.306	159.743	4067	4375
259	0.147	99.978	93.865	1.473	99.801	93.599	0.360	0.529	0.521	0.360	77.856	4723	4422
260	0.116	98.892	94.141	1.299	98.658	93.959	0.444	0.360	0.483	0.307	32.499	4672	4439
261	0.121	36.439	94.461	1.334	36.216	94.255	0.423	0.423	0.484	0.318	132.010	1716	4453
262	0.128	109.910	94.674	1.383	109.707	94.446	0.402	0.444	0.493	0.331	59.797	5192	4462
263	0.118	48.432	95.294	1.281	48.239	95.102	0.381	0.402	0.472	0.318	129.942	2280	4493
264	0.105	79.744	95.378	1.209	79.544	95.229	0.423	0.318	0.425	0.316	11.263	3763	4499
265	0.144	83.636	96.829	1.448	83.460	96.562	0.360	0.550	0.540	0.339	102.873	3948	4562
266	0.139	114.976	97.345	1.406	114.787	97.092	0.381	0.508	0.504	0.352	110.314	5428	4587
267	0.121	30.993	98.032	1.318	30.819	97.811	0.339	0.444	0.488	0.315	113.644	1459	4621
268	0.114	82.116	98.698	1.251	81.957	98.467	0.318	0.444	0.455	0.319	76.950	3879	4652
269	0.133	12.243	99.188	1.401	12.065	98.933	0.360	0.508	0.507	0.333	67.664	582	4674
270	0.135	41.824	99.202	1.466	41.656	98.933	0.339	0.550	0.540	0.319	97.427	1974	4674
271	0.142	115.116	99.414	1.418	114.914	99.166	0.402	0.487	0.532	0.341	123.869	5432	4685
272	0.122	98.921	99.647	1.346	98.679	99.462	0.444	0.402	0.476	0.326	137.301	4668	4699
273	0.116	67.677	99.846	1.269	67.458	99.674	0.444	0.339	0.437	0.340	12.869	3195	4709
274	0.105	21.122	100.419	1.226	20.955	100.203	0.318	0.444	0.443	0.303	78.219	997	4734
275	0.096	90.436	100.492	1.142	90.234	100.330	0.402	0.318	0.425	0.289	26.602	4272	4740
276	0.142	106.214	100.675	1.431	106.003	100.436	0.423	0.466	0.540	0.336	129.707	5012	4745
277	0.144	46.802	100.992	1.461	46.630	100.711	0.360	0.550	0.545	0.336	106.743	2207	4758
278	0.132	88.763	100.956	1.401	88.540	100.753	0.466	0.402	0.513	0.328	143.049	4184	4760
279	0.119	65.173	101.581	1.286	64.982	101.367	0.381	0.423	0.470	0.321	55.001	3079	4789
280	0.136	55.489	101.748	1.401	55.245	101.558	0.487	0.381	0.507	0.342	157.533	2616	4798
281	0.124	85.333	101.816	1.334	85.111	101.600	0.423	0.423	0.495	0.318	47.753	4032	4800
282	0.130	97.356	101.948	1.418	97.134	101.727	0.423	0.444	0.504	0.328	49.598	4602	4806
283	0.102	44.304	102.047	1.202	44.069	101.896	0.466	0.296	0.436	0.298	172.806	2089	4814
284	0.118	59.360	102.079	1.286	59.140	101.896	0.444	0.360	0.470	0.320	148.688	2798	4814
285	0.146	113.620	102.928	1.480	113.453	102.658	0.339	0.550	0.555	0.334	83.846	5366	4850
286	0.125	116.310	102.917	1.359	116.142	102.680	0.339	0.487	0.478	0.332	96.861	5491	4851
287	0.120	40.290	102.973	1.366	40.132	102.722	0.296	0.529	0.521	0.293	96.378	1901	4853
288	0.113	39.821	103.191	1.274	39.603	103.018	0.423	0.381	0.473	0.304	141.523	1872	4867
289	0.110	63.549	103.390	1.256	63.331	103.209	0.423	0.360	0.454	0.308	26.827	3006	4876
290	0.135	50.090	103.538	1.371	49.890	103.314	0.402	0.444	0.509	0.337	125.462	2360	4881
291	0.107	109.303	103.756	1.214	109.072	103.590	0.444	0.318	0.438	0.311	179.003	5164	4894
292	0.131	26.025	104.067	1.401	25.802	103.822	0.423	0.444	0.484	0.344	49.135	1233	4905
293	0.123	50.971	104.291	1.316	50.758	104.098	0.444	0.381	0.476	0.328	31.195	2409	4918
294	0.114	106.762	104.328	1.269	106.553	104.140	0.423	0.360	0.475	0.306	33.054	5046	4920
295	0.101	84.767	104.368	1.207	84.561	104.182	0.402	0.381	0.424	0.304	137.643	4001	4922
296	0.134	41.476	105.090	1.438	41.317	104.817	0.318	0.550	0.548	0.310	81.002	1958	4952
297	0.128	40.881	105.429	1.364	40.704	105.177	0.360	0.508	0.493	0.330	70.073	1933	4969
298	0.121	88.248	105.813	1.329	88.032	105.600	0.423	0.402	0.472	0.327	37.827	4173	4989
299	0.116	21.127	105.851	1.281	20.955	105.643	0.360	0.423	0.459	0.321	61.831	997	4991
300	0.116	92.231	106.838	1.291	92.012	106.638	0.423	0.402	0.465	0.317	42.661	4358	5038
301	0.126	125.256	107.302	1.311	125.095	107.061	0.318	0.487	0.493	0.326	98.704	5915	5058
302	0.123	65.129	107.679	1.299	64.897	107.506	0.466	0.339	0.469	0.334	173.780	3074	5079
303	0.110	45.093	107.794	1.239	44.916	107.590	0.339	0.423	0.424	0.331	87.125	2127	5083
304	0.139	104.930	108.184	1.448	104.733	107.908	0.381	0.529	0.526	0.338	69.167	4959	5098
305	0.117	33.426	108.433	1.304	33.253	108.204	0.360	0.466	0.472	0.315	70.164	1580	5112
306	0.124	47.246	108.485	1.341	47.075	108.225	0.339	0.487	0.483	0.327	81.607	2230	5113
307	0.131	95.518	110.068	1.371	95.314	109.834	0.402	0.444	0.499	0.335	51.548	4515	5189
308	0.097	75.417	110.598	1.202	75.205	110.448	0.423	0.318	0.441	0.280	22.162	3563	5218
309	0.126	112.485	110.693	1.318	112.310	110.469	0.339	0.444	0.474	0.340	71.657	5313	5219
310	0.132	100.946	110.746	1.371	100.774	110.511	0.360	0.487	0.507	0.331	108.407	4763	5221
311	0.134	121.403	111.136	1.388	121.222	110.892	0.381	0.487	0.517	0.329	115.565	5730	5239
312	0.133	101.540	111.238	1.426	101.367	110.998	0.360	0.508	0.531	0.319	66.475	4796	5244
313	0.132	118.220	111.285	1.376	117.983	111.083	0.487	0.381	0.497	0.338	152.465	5579	5248
314	0.129	118.192	111.710	1.359	117.941	111.527	0.487	0.360	0.492	0.333	23.600	5582	5269
315	0.125	71.208	111.903	1.341	71.014	111.675	0.381	0.444	0.488	0.325	120.623	3359	5276
316	0.127	45.175	111.998	1.341	44.979	111.781	0.402	0.423	0.467	0.347	129.234	2127	5281
317	0.129	110.597	112.545	1.323	110.363	112.374	0.466	0.339	0.480	0.341	175.437	5222	5309
318	0.123	60.045	112.762	1.299	59.838	112.564	0.423	0.381	0.468	0.334	145.787	2831	5318
319	0.136	94.602	112.987	1.413	94.424	112.734	0.360	0.508	0.531	0.327	65.354	4470	5326
320	0.143	15.375	114.328	1.431	15.176	114.088	0.402	0.487	0.526	0.347	124.280	720	5390
321	0.132	104.203	115.699	1.394	104.013	115.443	0.381	0.508	0.524	0.320	65.558	4923	5454
322	0.116	98.981	116.032	1.316	98.742	115.866	0.487	0.339	0.492	0.300	20.587	4676	5474
323	0.130	102.890	116.282	1.359	102.722	116.036	0.339	0.508	0.500	0.332	78.850	4860	5482
324	0.130	128.050	116.272	1.381	127.847	116.036	0.423	0.444	0.479	0.346	129.793	6046	5482
325	0.122	32.840	116.656	1.346	32.618	116.459	0.423	0.423	0.491	0.317	133.919	1545	5502
326	0.119	92.552	117.055	1.323	92.308	116.904	0.487	0.318	0.507	0.299	164.733	4364	5523
327	0.129	98.431	117.429	1.366	98.213	117.221	0.423	0.402	0.494	0.331	36.717	4656	5538
328	0.136	103.239	117.506	1.450	103.082	117.221	0.318	0.550	0.555	0.312	92.439	4876	5538
329	0.136	94.140	117.458	1.394	93.916	117.242	0.444	0.444	0.515	0.337	138.573	4442	5539
330	0.098	9.220	117.878	1.291	9.038	117.687	0.402	0.402	0.444	0.281	130.200	429	5560
331	0.128	35.154	118.067	1.401	34.988	117.814	0.339	0.529	0.528	0.309	107.570	1657	5566
332	0.127	116.814	118.459	1.388	116.650	118.216	0.339	0.508	0.505	0.321	88.671	5516	5585
333	0.137	95.595	118.475	1.431	95.398	118.237	0.402	0.487	0.538	0.323	120.141	4509	5586
334	0.103	79.979	119.499	1.209	79.820	119.295	0.318	0.423	0.434	0.303	112.204	3774	5636
335	0.101	56.667	120.227	1.202	56.452	120.057	0.423	0.339	0.437	0.294	154.965	2674	5672
336	0.127	55.486	120.976	1.366	55.308	120.735	0.339	0.487	0.489	0.330	98.853	2619	5704
337	0.095	66.202	121.063	1.167	66.040	120.862	0.339	0.381	0.414	0.292	122.844	3124	5710
338	0.102	117.697	121.186	1.214	117.517	120.989	0.339	0.423	0.453	0.286	123.629	5554	5716
339	0.118	93.503	121.667	1.304	93.324	121.433	0.360	0.466	0.487	0.309	62.147	4418	5737
340	0.119	128.988	121.703	1.323	128.778	121.497	0.402	0.402	0.470	0.323	50.264	6095	5740
341	0.107	38.265	121.927	1.244	38.079	121.730	0.381	0.402	0.447	0.303	125.531	1802	5751
342	0.121	31.147	122.206	1.274	30.967	121.984	0.360	0.444	0.457	0.336	63.555	1472	5763
343	0.109	120.170	122.237	1.239	119.973	122.068	0.402	0.339	0.411	0.338	176.738	5674	5767
344	0.128	127.012	122.616	1.346	126.746	122.449	0.508	0.339	0.498	0.328	10.680	5997	5785
345	0.148	123.694	123.096	1.473	123.486	122.851	0.423	0.487	0.545	0.346	56.105	5844	5804
346	0.146	105.877	123.266	1.473	105.664	123.021	0.423	0.487	0.557	0.334	54.378	5003	5812
347	0.121	125.093	123.728	1.316	124.904	123.486	0.381	0.444	0.464	0.331	118.019	5905	5834
348	0.128	120.250	124.773	1.359	120.036	124.587	0.444	0.402	0.497	0.327	34.587	5681	5886
349	0.132	121.182	125.035	1.376	120.989	124.799	0.381	0.487	0.495	0.339	107.617	5721	5896
350	0.154	121.727	125.804	1.468	121.476	125.624	0.508	0.381	0.519	0.378	5.567	5748	5935
351	0.128	120.546	126.328	1.448	120.375	126.090	0.360	0.487	0.503	0.323	69.676	5694	5957
352	0.123	112.149	126.483	1.323	111.993	126.238	0.318	0.487	0.493	0.318	94.388	5295	5964
353	0.115	95.829	126.447	1.281	95.589	126.302	0.487	0.296	0.483	0.302	177.817	4521	5967
354	0.136	51.008	128.493	1.383	50.758	128.312	0.487	0.360	0.509	0.341	160.345	2403	6062
355	0.118	117.026	128.565	1.299	116.798	128.397	0.466	0.339	0.492	0.306	24.137	5529	6066
356	0.136	122.305	128.817	1.538	122.110	128.566	0.381	0.550	0.493	0.351	88.612	5776	6074
357	0.125	62.633	129.586	1.316	62.421	129.392	0.423	0.402	0.459	0.345	39.536	2958	6113
358	0.135	121.518	130.234	1.388	121.285	130.027	0.466	0.402	0.492	0.350	35.714	5741	6143
359	0.136	47.556	131.652	1.388	47.371	131.403	0.381	0.487	0.512	0.338	115.245	2242	6208
360	0.115	29.859	132.085	1.244	29.676	131.890	0.381	0.402	0.425	0.344	54.480	1409	6231
361	0.150	40.328	132.233	1.478	40.090	132.016	0.487	0.444	0.542	0.352	36.947	1908	6237
362	0.152	119.439	132.757	1.580	119.253	132.482	0.381	0.572	0.575	0.337	106.537	5638	6259
363	0.130	119.281	133.473	1.388	119.041	133.286	0.487	0.381	0.500	0.331	29.615	5637	6297
364	0.103	31.962	133.714	1.196	31.814	133.498	0.318	0.423	0.431	0.304	102.372	1507	6307
365	0.136	108.827	133.898	1.401	108.648	133.625	0.360	0.508	0.489	0.353	90.479	5140	6313
366	0.138	100.011	135.388	1.431	99.780	135.192	0.466	0.402	0.500	0.353	144.234	4718	6387
