 	Area	X	Y	Perim.	BX	BY	Width	Height	Major	Minor	Angle	XStart	YStart
1	0.042	43.819	17.195	0.835	43.688	17.082	0.275	0.233	0.262	0.203	21.138	2070	807
2	0.130	64.156	18.919	1.334	63.944	18.711	0.423	0.423	0.490	0.338	135.367	3025	884
3	0.064	125.808	23.269	1.040	125.666	23.135	0.296	0.296	0.295	0.277	44.480	5940	1093
4	0.121	49.735	23.725	1.329	49.572	23.474	0.318	0.508	0.505	0.306	82.209	2349	1109
5	0.125	51.987	25.200	1.341	51.837	24.934	0.318	0.508	0.499	0.318	93.270	2453	1178
6	0.133	56.199	25.952	1.359	56.007	25.718	0.381	0.466	0.512	0.330	118.574	2649	1215
7	0.127	92.388	26.024	1.329	92.160	25.844	0.466	0.360	0.484	0.333	22.628	4364	1221
8	0.119	45.740	26.428	1.294	45.593	26.183	0.296	0.487	0.489	0.310	87.231	2159	1237
9	0.140	76.772	26.503	1.431	76.496	26.331	0.529	0.360	0.513	0.347	10.046	3627	1244
10	0.127	34.198	28.358	1.353	34.015	28.130	0.360	0.466	0.491	0.329	114.798	1609	1329
11	0.125	106.490	29.356	1.361	106.341	29.104	0.318	0.487	0.500	0.317	90.919	5028	1375
12	0.151	58.346	29.439	1.448	58.124	29.210	0.444	0.466	0.532	0.360	47.670	2757	1380
13	0.120	56.432	29.817	1.329	56.198	29.633	0.466	0.360	0.473	0.323	20.204	2669	1400
14	0.116	29.639	30.463	1.306	29.485	30.226	0.318	0.466	0.480	0.307	70.442	1403	1428
15	0.164	101.051	30.689	1.528	100.774	30.501	0.550	0.381	0.569	0.366	12.313	4773	1441
16	0.116	13.263	30.844	1.311	13.039	30.670	0.444	0.360	0.482	0.307	31.648	627	1449
17	0.142	65.534	31.720	1.406	65.320	31.475	0.423	0.466	0.510	0.356	52.162	3097	1487
18	0.148	50.867	32.188	1.496	50.652	31.919	0.423	0.529	0.557	0.338	124.005	2399	1508
19	0.132	64.317	32.843	1.408	64.093	32.639	0.444	0.402	0.524	0.321	144.686	3031	1542
20	0.128	114.407	33.410	1.334	114.194	33.189	0.423	0.423	0.481	0.339	138.663	5400	1568
21	0.131	46.538	33.757	1.408	46.376	33.507	0.318	0.529	0.544	0.307	105.868	2194	1583
22	0.125	53.644	34.083	1.341	53.467	33.846	0.360	0.466	0.470	0.337	104.256	2531	1599
23	0.128	51.140	34.327	1.394	50.948	34.078	0.402	0.487	0.513	0.318	118.220	2412	1610
24	0.121	92.550	35.179	1.329	92.371	34.925	0.339	0.487	0.480	0.321	78.792	4372	1650
25	0.140	73.451	35.918	1.431	73.194	35.729	0.508	0.381	0.515	0.346	155.069	3464	1688
26	0.135	109.293	36.287	1.399	109.093	36.047	0.423	0.487	0.513	0.335	53.504	5165	1703
27	0.112	33.174	36.330	1.251	32.956	36.174	0.444	0.318	0.464	0.306	165.814	1560	1709
28	0.143	27.394	36.447	1.431	27.136	36.258	0.508	0.381	0.542	0.337	23.511	1294	1713
29	0.122	122.784	36.723	1.346	122.576	36.491	0.402	0.444	0.465	0.335	58.137	5801	1724
30	0.117	75.694	36.853	1.269	75.502	36.661	0.402	0.381	0.454	0.328	141.165	3570	1732
31	0.140	71.900	37.170	1.406	71.692	36.936	0.423	0.466	0.536	0.333	130.449	3390	1745
32	0.126	40.446	37.675	1.341	40.280	37.423	0.339	0.487	0.497	0.323	77.723	1910	1768
33	0.149	54.831	37.940	1.503	54.589	37.719	0.487	0.444	0.581	0.327	141.002	2581	1782
34	0.117	35.115	38.394	1.294	34.946	38.185	0.339	0.444	0.470	0.317	70.914	1656	1804
35	0.120	36.701	38.886	1.329	36.512	38.693	0.402	0.423	0.481	0.317	44.407	1734	1828
36	0.143	60.040	38.907	1.413	59.796	38.714	0.487	0.381	0.502	0.363	16.540	2836	1829
37	0.128	33.693	39.047	1.426	33.528	38.798	0.339	0.487	0.521	0.313	75.018	1591	1833
38	0.137	120.373	39.673	1.426	120.121	39.497	0.508	0.360	0.540	0.322	155.309	5679	1866
39	0.162	60.600	40.122	1.521	60.346	39.878	0.487	0.466	0.555	0.372	43.294	2864	1884
40	0.116	51.144	40.699	1.299	50.969	40.471	0.339	0.466	0.461	0.321	73.884	2416	1912
41	0.164	123.139	40.681	1.533	122.851	40.492	0.572	0.381	0.561	0.371	2.792	5819	1913
42	0.113	108.689	40.680	1.276	108.458	40.513	0.444	0.318	0.462	0.311	175.556	5134	1914
43	0.120	62.147	41.387	1.299	61.912	41.212	0.466	0.339	0.481	0.318	162.358	2932	1947
44	0.133	42.762	41.416	1.378	42.503	41.254	0.508	0.318	0.521	0.325	172.863	2014	1949
45	0.151	14.622	41.931	1.491	14.414	41.698	0.444	0.487	0.541	0.355	47.014	692	1970
46	0.117	49.062	42.250	1.294	48.895	42.016	0.318	0.466	0.482	0.310	100.258	2315	1985
47	0.147	58.806	42.434	1.486	58.526	42.249	0.550	0.360	0.560	0.335	167.893	2773	1996
48	0.156	80.859	42.715	1.493	80.687	42.439	0.339	0.550	0.564	0.352	89.784	3818	2005
49	0.137	112.420	43.219	1.413	112.162	43.053	0.529	0.339	0.530	0.329	176.222	5307	2034
50	0.119	90.930	44.036	1.294	90.720	43.857	0.423	0.360	0.479	0.315	148.601	4287	2072
51	0.131	39.726	44.207	1.376	39.539	43.963	0.381	0.487	0.500	0.334	110.302	1873	2077
52	0.129	60.345	45.959	1.366	60.113	45.784	0.466	0.360	0.491	0.335	161.672	2845	2163
53	0.139	23.541	46.343	1.456	23.347	46.080	0.360	0.529	0.539	0.329	106.259	1109	2177
54	0.140	60.411	46.725	1.456	60.177	46.524	0.508	0.381	0.527	0.338	154.800	2847	2198
55	0.131	65.147	47.022	1.359	64.918	46.842	0.487	0.360	0.477	0.350	14.356	3074	2213
56	0.114	119.139	47.394	1.299	118.957	47.159	0.360	0.444	0.459	0.317	122.104	5624	2228
57	0.129	74.910	48.176	1.396	74.740	47.921	0.339	0.508	0.530	0.311	66.028	3540	2264
58	0.120	89.548	48.108	1.311	89.344	47.921	0.423	0.381	0.465	0.329	35.597	4231	2264
59	0.126	67.837	49.711	1.353	67.628	49.509	0.423	0.402	0.495	0.325	36.768	3208	2339
60	0.127	68.937	52.349	1.406	68.749	52.070	0.381	0.508	0.526	0.308	122.447	3253	2460
61	0.119	32.807	52.571	1.371	32.639	52.303	0.318	0.529	0.535	0.282	74.318	1551	2471
62	0.136	15.809	52.637	1.431	15.621	52.388	0.360	0.529	0.528	0.328	76.715	745	2475
63	0.120	56.767	53.202	1.366	56.600	52.938	0.318	0.508	0.517	0.295	71.456	2684	2501
64	0.138	47.072	54.256	1.418	46.863	54.017	0.444	0.444	0.519	0.340	136.620	2218	2552
65	0.131	127.348	55.028	1.334	127.127	54.843	0.444	0.402	0.436	0.382	11.667	6014	2591
66	0.124	70.677	56.011	1.329	70.464	55.795	0.402	0.423	0.471	0.335	44.924	3341	2636
67	0.120	75.746	56.682	1.323	75.523	56.515	0.444	0.339	0.470	0.324	158.639	3571	2670
68	0.128	125.501	57.006	1.323	125.264	56.832	0.466	0.339	0.481	0.338	167.342	5924	2685
69	0.112	49.998	57.215	1.251	49.784	57.065	0.444	0.318	0.444	0.323	175.629	2355	2696
70	0.126	63.744	57.647	1.366	63.500	57.489	0.508	0.318	0.501	0.321	0.370	3006	2716
71	0.120	21.542	58.370	1.336	21.400	58.124	0.296	0.487	0.503	0.304	83.163	1015	2746
72	0.129	120.945	59.166	1.383	120.735	58.949	0.423	0.423	0.506	0.325	140.181	5706	2785
73	0.118	63.573	59.346	1.311	63.415	59.097	0.318	0.487	0.498	0.301	75.414	3004	2792
74	0.152	55.926	59.725	1.503	55.732	59.457	0.381	0.550	0.572	0.338	67.098	2642	2809
75	0.118	84.710	59.671	1.306	84.540	59.457	0.339	0.444	0.455	0.330	87.260	3998	2809
76	0.043	17.402	59.618	0.835	17.272	59.500	0.275	0.254	0.330	0.166	38.262	823	2811
77	0.144	49.859	60.009	1.448	49.657	59.754	0.402	0.508	0.527	0.349	115.924	2352	2823
78	0.129	89.636	59.991	1.371	89.429	59.775	0.423	0.423	0.508	0.322	138.657	4227	2824
79	0.138	57.551	60.546	1.413	57.277	60.367	0.508	0.360	0.512	0.342	17.577	2719	2852
80	0.135	98.801	60.637	1.383	98.573	60.431	0.423	0.423	0.498	0.345	134.056	4662	2855
81	0.138	62.381	61.198	1.401	62.145	61.002	0.487	0.381	0.523	0.336	153.242	2939	2882
82	0.119	118.512	61.282	1.323	118.279	61.108	0.466	0.339	0.485	0.311	167.437	5596	2887
83	0.138	25.518	61.626	1.421	25.273	61.468	0.529	0.318	0.537	0.326	175.471	1198	2904
84	0.133	46.279	63.077	1.381	46.059	62.844	0.423	0.466	0.505	0.336	126.926	2181	2969
85	0.120	60.505	63.503	1.316	60.304	63.310	0.423	0.402	0.473	0.322	36.702	2859	2991
86	0.119	39.529	63.590	1.341	39.328	63.373	0.402	0.423	0.505	0.299	51.413	1869	2994
87	0.128	21.832	63.939	1.341	21.654	63.712	0.360	0.466	0.491	0.331	111.875	1026	3010
88	0.133	15.390	64.015	1.348	15.219	63.775	0.339	0.466	0.481	0.352	101.659	724	3013
89	0.131	27.056	64.191	1.388	26.861	63.966	0.402	0.466	0.510	0.328	56.557	1278	3022
90	0.148	77.283	65.081	1.448	77.068	64.834	0.423	0.487	0.548	0.343	53.267	3653	3063
91	0.135	70.886	65.277	1.411	70.676	65.066	0.487	0.423	0.506	0.341	36.412	3349	3074
92	0.122	106.851	65.580	1.304	106.638	65.384	0.423	0.402	0.482	0.322	43.541	5047	3089
93	0.141	51.576	65.837	1.503	51.308	65.659	0.572	0.339	0.562	0.319	170.598	2431	3102
94	0.126	50.453	65.920	1.346	50.250	65.701	0.423	0.423	0.508	0.315	135.756	2377	3104
95	0.135	61.413	66.311	1.388	61.214	66.082	0.423	0.444	0.508	0.338	52.022	2901	3122
96	0.129	63.424	66.626	1.391	63.246	66.379	0.339	0.487	0.523	0.314	70.744	2997	3136
97	0.133	57.811	66.896	1.383	57.637	66.654	0.360	0.487	0.515	0.328	71.770	2730	3149
98	0.128	21.033	67.564	1.371	20.870	67.310	0.318	0.529	0.517	0.314	83.650	992	3180
99	0.121	97.468	67.587	1.336	97.218	67.437	0.487	0.318	0.486	0.318	5.465	4601	3186
100	0.135	48.893	67.860	1.401	48.726	67.606	0.339	0.529	0.521	0.329	93.598	2307	3194
101	0.121	61.232	68.850	1.329	61.024	68.644	0.423	0.402	0.478	0.322	138.048	2889	3243
102	0.134	55.128	71.411	1.401	54.885	71.247	0.529	0.339	0.516	0.329	0.869	2599	3366
103	0.051	74.218	71.774	0.865	74.083	71.628	0.254	0.296	0.299	0.215	58.432	3508	3384
104	0.115	32.066	73.745	1.299	31.856	73.554	0.402	0.402	0.467	0.313	134.543	1506	3475
105	0.136	42.704	73.859	1.391	42.545	73.618	0.339	0.487	0.512	0.337	88.559	2014	3478
106	0.114	45.850	74.267	1.281	45.656	74.083	0.402	0.381	0.454	0.319	38.200	2165	3500
107	0.130	98.028	74.345	1.376	97.832	74.104	0.402	0.466	0.484	0.343	58.933	4632	3501
108	0.145	56.193	74.803	1.438	55.922	74.634	0.529	0.339	0.546	0.338	165.998	2646	3526
109	0.134	83.617	74.893	1.378	83.460	74.634	0.318	0.508	0.519	0.329	84.882	3950	3526
110	0.117	39.550	74.877	1.291	39.328	74.697	0.444	0.360	0.457	0.327	22.856	1868	3529
111	0.103	79.494	75.047	1.281	79.248	74.888	0.444	0.339	0.437	0.301	145.854	3748	3538
112	0.134	22.644	75.597	1.406	22.394	75.417	0.529	0.360	0.506	0.337	173.328	1065	3563
113	0.126	34.155	76.447	1.336	33.994	76.200	0.318	0.487	0.501	0.321	87.346	1611	3600
114	0.130	92.188	76.684	1.371	92.012	76.433	0.360	0.487	0.491	0.337	76.249	4353	3611
115	0.128	27.518	78.254	1.346	27.284	78.063	0.466	0.381	0.489	0.333	27.216	1303	3688
116	0.096	119.541	78.387	1.184	119.338	78.232	0.423	0.318	0.412	0.296	8.381	5646	3696
117	0.063	59.497	78.721	1.027	59.372	78.550	0.275	0.360	0.362	0.221	108.868	2808	3711
118	0.133	62.392	78.884	1.388	62.188	78.655	0.402	0.466	0.500	0.339	118.525	2941	3716
119	0.129	39.596	79.295	1.381	39.391	79.058	0.402	0.487	0.515	0.319	120.898	1866	3735
120	0.119	44.696	81.130	1.329	44.514	80.899	0.360	0.466	0.485	0.313	68.289	2111	3822
121	0.119	33.664	82.017	1.304	33.464	81.809	0.402	0.423	0.475	0.319	130.485	1584	3865
122	0.128	31.038	82.225	1.336	30.798	82.063	0.487	0.318	0.497	0.327	3.327	1462	3877
123	0.133	92.386	82.402	1.353	92.139	82.232	0.487	0.339	0.490	0.345	175.341	4360	3885
124	0.103	21.487	82.527	1.184	21.315	82.338	0.360	0.381	0.431	0.306	50.073	1015	3890
125	0.125	43.754	82.880	1.341	43.519	82.719	0.508	0.318	0.500	0.317	169.343	2060	3908
126	0.118	18.057	83.021	1.294	17.907	82.804	0.318	0.466	0.466	0.322	100.710	847	3912
127	0.128	71.570	83.683	1.371	71.310	83.524	0.508	0.318	0.506	0.321	2.863	3377	3946
128	0.041	128.789	83.727	0.745	128.672	83.608	0.233	0.233	0.284	0.185	131.563	6080	3950
129	0.123	94.144	83.843	1.334	93.938	83.630	0.423	0.423	0.482	0.324	135.001	4443	3951
130	0.242	15.633	83.982	2.054	15.367	83.672	0.550	0.614	0.624	0.494	85.085	736	3953
131	0.119	22.737	84.007	1.329	22.500	83.820	0.444	0.381	0.494	0.307	35.011	1075	3960
132	0.130	92.848	85.162	1.376	92.583	84.984	0.508	0.360	0.520	0.319	160.808	4381	4015
133	0.124	100.829	85.257	1.334	100.584	85.069	0.444	0.402	0.484	0.325	142.297	4758	4019
134	0.116	17.852	85.740	1.286	17.653	85.556	0.423	0.381	0.475	0.311	38.131	842	4042
135	0.133	79.818	85.882	1.394	79.629	85.619	0.381	0.508	0.509	0.333	114.542	3768	4045
136	0.124	118.999	85.814	1.329	118.766	85.640	0.466	0.360	0.477	0.330	14.626	5622	4046
137	0.121	47.064	86.133	1.346	46.821	85.937	0.466	0.381	0.510	0.301	31.920	2227	4060
138	0.126	102.083	86.539	1.334	101.854	86.339	0.444	0.381	0.475	0.337	151.497	4819	4079
139	0.112	15.357	86.608	1.246	15.155	86.445	0.402	0.339	0.412	0.345	14.611	722	4084
140	0.148	89.287	87.230	1.478	89.027	87.037	0.508	0.402	0.546	0.346	153.367	4209	4112
141	0.128	51.495	87.360	1.381	51.287	87.143	0.444	0.444	0.497	0.327	130.404	2427	4117
142	0.107	42.715	87.444	1.256	42.482	87.270	0.444	0.339	0.462	0.295	155.815	2014	4123
143	0.138	21.036	87.505	1.366	20.786	87.334	0.487	0.339	0.504	0.347	2.531	992	4126
144	0.138	118.889	87.599	1.411	118.660	87.355	0.444	0.466	0.522	0.336	47.485	5618	4127
145	0.118	76.527	87.589	1.269	76.348	87.376	0.360	0.423	0.441	0.340	110.248	3612	4128
146	0.109	103.462	87.688	1.251	103.230	87.524	0.444	0.318	0.455	0.305	170.132	4885	4135
147	0.124	103.172	88.019	1.346	102.934	87.820	0.466	0.381	0.487	0.323	146.232	4869	4149
148	0.142	24.276	88.132	1.421	24.109	87.884	0.339	0.508	0.526	0.344	81.566	1144	4152
149	0.121	86.803	88.138	1.318	86.572	87.969	0.444	0.339	0.477	0.323	20.656	4101	4156
150	0.147	99.642	88.643	1.473	99.378	88.456	0.550	0.360	0.543	0.346	174.635	4704	4179
151	0.101	98.190	88.670	1.209	98.002	88.477	0.360	0.381	0.437	0.295	48.380	4638	4180
152	0.135	123.283	88.651	1.396	123.042	88.477	0.487	0.360	0.515	0.335	18.960	5823	4180
153	0.133	23.830	88.721	1.359	23.622	88.519	0.423	0.423	0.484	0.350	134.708	1119	4182
154	0.119	45.549	88.828	1.311	45.381	88.604	0.339	0.444	0.476	0.317	112.259	2147	4186
155	0.125	102.055	88.883	1.348	101.812	88.731	0.487	0.318	0.507	0.315	173.198	4814	4192
156	0.117	51.525	89.053	1.323	51.372	88.815	0.318	0.487	0.474	0.315	99.807	2431	4196
157	0.127	91.127	89.847	1.346	90.911	89.641	0.444	0.402	0.494	0.328	140.115	4299	4235
158	0.137	40.571	90.265	1.413	40.407	90.001	0.339	0.529	0.523	0.333	92.735	1914	4252
159	0.050	118.177	90.292	0.877	118.046	90.128	0.233	0.318	0.310	0.204	75.190	5582	4258
160	0.120	98.930	90.374	1.274	98.742	90.149	0.360	0.444	0.449	0.341	70.505	4674	4259
161	0.125	52.671	90.761	1.323	52.514	90.509	0.318	0.487	0.486	0.328	91.764	2486	4276
162	0.119	41.119	90.692	1.306	40.894	90.530	0.466	0.318	0.478	0.316	175.857	1940	4277
163	0.112	18.666	90.823	1.256	18.478	90.614	0.360	0.423	0.456	0.311	55.463	884	4281
164	0.123	55.132	91.074	1.311	54.949	90.847	0.360	0.444	0.468	0.336	63.502	2604	4292
165	0.158	54.715	91.149	1.510	54.525	90.890	0.381	0.529	0.547	0.367	76.050	2583	4294
166	0.118	87.225	91.435	1.334	87.058	91.207	0.339	0.487	0.482	0.312	102.001	4117	4309
167	0.123	107.498	91.550	1.359	107.294	91.292	0.381	0.466	0.490	0.319	51.854	5083	4313
168	0.111	13.012	91.718	1.399	12.764	91.525	0.444	0.381	0.426	0.332	6.522	615	4324
169	0.125	122.903	92.463	1.336	122.661	92.287	0.466	0.339	0.481	0.331	8.452	5808	4360
170	0.131	35.082	92.526	1.376	34.862	92.308	0.444	0.423	0.526	0.318	136.996	1651	4361
171	0.123	119.846	92.684	1.341	119.592	92.520	0.508	0.318	0.503	0.312	13.374	5660	4371
172	0.127	66.702	93.196	1.359	66.506	92.964	0.381	0.466	0.500	0.323	122.308	3147	4392
173	0.112	93.251	93.449	1.234	93.091	93.239	0.318	0.423	0.437	0.328	89.578	4402	4405
174	0.110	96.078	93.663	1.264	95.927	93.430	0.296	0.466	0.474	0.296	94.052	4537	4414
175	0.119	84.667	93.753	1.371	84.497	93.493	0.339	0.508	0.535	0.284	67.848	4002	4417
176	0.066	79.068	93.663	0.997	78.888	93.514	0.360	0.275	0.339	0.247	159.940	3732	4418
177	0.115	111.201	94.240	1.286	110.998	94.044	0.402	0.402	0.469	0.312	46.832	5254	4443
178	0.142	90.983	94.424	1.461	90.784	94.170	0.381	0.529	0.527	0.342	76.215	4299	4449
179	0.131	27.058	94.580	1.383	26.882	94.340	0.360	0.487	0.510	0.327	105.934	1274	4457
180	0.124	27.509	95.041	1.359	27.326	94.806	0.360	0.487	0.503	0.314	68.324	1299	4479
181	0.126	80.989	95.589	1.341	80.836	95.335	0.318	0.508	0.503	0.319	89.019	3824	4504
182	0.124	34.867	95.649	1.323	34.650	95.462	0.423	0.381	0.481	0.327	142.327	1640	4510
183	0.130	75.195	96.383	1.388	75.015	96.139	0.360	0.508	0.526	0.315	65.205	3553	4542
184	0.132	98.506	96.835	1.346	98.298	96.626	0.423	0.423	0.490	0.342	46.511	4653	4565
185	0.123	47.856	98.452	1.311	47.688	98.213	0.339	0.466	0.471	0.332	72.819	2261	4640
186	0.144	92.810	98.737	1.431	92.562	98.531	0.487	0.402	0.527	0.348	27.870	4387	4655
187	0.151	64.564	99.548	1.498	64.389	99.272	0.360	0.550	0.564	0.341	76.306	3049	4690
188	0.129	113.688	99.720	1.378	113.517	99.462	0.339	0.487	0.501	0.329	75.275	5370	4699
189	0.134	76.431	99.827	1.406	76.179	99.632	0.487	0.402	0.515	0.330	152.971	3607	4707
190	0.137	52.874	100.009	1.413	52.642	99.780	0.444	0.423	0.501	0.347	36.566	2504	4714
191	0.144	51.352	100.057	1.418	51.118	99.843	0.466	0.423	0.493	0.372	34.459	2427	4717
192	0.137	94.265	100.222	1.406	94.001	100.012	0.487	0.402	0.505	0.345	28.689	4456	4725
193	0.131	41.590	100.240	1.364	41.381	100.034	0.444	0.423	0.506	0.331	39.649	1966	4726
194	0.136	53.731	100.469	1.413	53.552	100.224	0.360	0.487	0.519	0.334	68.829	2538	4735
195	0.114	94.706	100.757	1.329	94.552	100.520	0.339	0.487	0.488	0.297	74.808	4473	4749
196	0.117	121.209	100.972	1.279	121.010	100.753	0.402	0.423	0.438	0.340	54.809	5725	4760
197	0.139	101.505	100.998	1.418	101.261	100.796	0.487	0.402	0.547	0.325	149.326	4788	4762
198	0.112	33.486	101.761	1.256	33.295	101.558	0.402	0.381	0.459	0.310	142.313	1575	4798
199	0.128	68.140	102.813	1.371	67.924	102.595	0.423	0.423	0.486	0.336	47.660	3220	4847
200	0.074	7.621	103.047	1.040	7.472	102.870	0.296	0.339	0.342	0.277	63.482	359	4860
201	0.131	60.147	103.281	1.424	59.923	103.039	0.444	0.466	0.522	0.320	47.727	2846	4868
202	0.143	58.501	103.525	1.421	58.251	103.357	0.487	0.360	0.503	0.363	7.498	2761	4883
203	0.131	119.593	103.776	1.401	119.422	103.505	0.318	0.550	0.522	0.319	89.763	5651	4890
204	0.132	62.557	103.760	1.394	62.315	103.547	0.466	0.423	0.498	0.336	37.328	2956	4892
205	0.142	60.819	103.859	1.453	60.558	103.653	0.508	0.402	0.531	0.339	22.411	2876	4897
206	0.138	54.475	103.880	1.424	54.208	103.674	0.508	0.402	0.513	0.343	27.751	2576	4898
207	0.130	110.925	103.949	1.388	110.702	103.738	0.444	0.423	0.507	0.327	40.975	5244	4901
208	0.128	27.561	104.018	1.376	27.305	103.844	0.508	0.360	0.524	0.310	157.235	1294	4906
209	0.129	48.065	104.398	1.346	47.837	104.204	0.466	0.381	0.464	0.354	13.757	2271	4923
210	0.135	80.213	104.648	1.406	79.968	104.436	0.466	0.423	0.493	0.348	37.883	3792	4934
211	0.131	51.606	104.697	1.383	51.435	104.458	0.339	0.508	0.523	0.319	106.384	2433	4935
212	0.130	82.049	104.717	1.376	81.788	104.542	0.508	0.360	0.497	0.333	174.002	3872	4939
213	0.132	113.606	104.980	1.396	113.453	104.733	0.339	0.508	0.502	0.335	82.367	5364	4948
214	0.049	69.078	105.260	0.818	68.961	105.114	0.233	0.275	0.276	0.226	70.372	3262	4966
215	0.131	22.021	105.349	1.366	21.802	105.177	0.466	0.360	0.492	0.340	159.212	1031	4969
216	0.115	57.897	105.433	1.286	57.679	105.241	0.423	0.381	0.455	0.321	141.811	2733	4972
217	0.120	125.675	105.587	1.304	125.497	105.368	0.360	0.466	0.457	0.334	112.263	5934	4978
218	0.131	24.139	105.615	1.381	23.918	105.389	0.444	0.444	0.493	0.339	138.269	1135	4979
219	0.121	89.213	105.685	1.286	88.985	105.516	0.466	0.339	0.465	0.331	12.323	4212	4985
220	0.132	31.082	106.159	1.366	30.861	105.960	0.444	0.381	0.486	0.347	155.796	1462	5006
221	0.116	26.780	106.211	1.329	26.522	106.045	0.487	0.339	0.486	0.303	168.410	1264	5010
222	0.140	83.926	107.196	1.438	83.651	107.040	0.550	0.318	0.541	0.330	0.519	3958	5057
223	0.134	59.815	107.337	1.383	59.605	107.146	0.444	0.402	0.501	0.339	35.496	2825	5062
224	0.120	72.000	107.760	1.299	71.776	107.569	0.423	0.381	0.448	0.342	32.832	3402	5082
225	0.137	125.697	108.157	1.431	125.434	107.971	0.529	0.360	0.549	0.318	22.598	5941	5101
226	0.136	24.904	108.316	1.418	24.723	108.056	0.381	0.508	0.519	0.334	112.782	1174	5105
227	0.114	123.474	108.364	1.321	123.254	108.162	0.466	0.381	0.491	0.295	145.465	5830	5110
228	0.146	61.405	108.532	1.438	61.150	108.352	0.508	0.360	0.527	0.352	11.423	2899	5119
229	0.132	102.861	108.577	1.364	102.637	108.352	0.423	0.444	0.501	0.335	50.351	4860	5119
230	0.137	124.644	108.570	1.401	124.396	108.395	0.508	0.360	0.509	0.343	166.914	5882	5121
231	0.108	42.964	108.622	1.232	42.778	108.416	0.381	0.402	0.424	0.326	135.135	2027	5122
232	0.138	84.922	108.741	1.415	84.751	108.500	0.339	0.487	0.510	0.343	81.089	4008	5126
233	0.131	115.669	109.099	1.418	115.422	108.924	0.508	0.360	0.524	0.319	21.430	5467	5146
234	0.147	79.901	109.219	1.461	79.650	109.030	0.529	0.381	0.551	0.340	156.962	3765	5151
235	0.129	26.027	109.787	1.359	25.781	109.622	0.508	0.339	0.501	0.328	6.982	1227	5179
236	0.133	19.261	109.895	1.376	19.071	109.643	0.381	0.487	0.513	0.330	63.448	910	5180
237	0.124	88.505	110.072	1.323	88.286	109.897	0.444	0.360	0.465	0.338	157.609	4174	5192
238	0.134	108.237	110.600	1.396	108.077	110.342	0.339	0.508	0.521	0.329	97.285	5111	5213
239	0.115	75.537	110.826	1.304	75.374	110.596	0.339	0.487	0.472	0.310	106.781	3565	5225
240	0.108	81.106	110.819	1.244	80.878	110.659	0.466	0.318	0.457	0.302	15.592	3831	5228
241	0.046	100.193	111.258	0.800	100.076	111.125	0.254	0.233	0.279	0.211	149.781	4730	5250
242	0.116	28.535	111.376	1.279	28.300	111.210	0.487	0.339	0.454	0.325	170.864	1343	5254
243	0.138	62.537	111.713	1.396	62.294	111.527	0.487	0.360	0.509	0.344	165.384	2951	5269
244	0.124	24.178	111.761	1.329	23.961	111.570	0.444	0.381	0.481	0.329	148.304	1135	5271
245	0.129	47.922	111.906	1.348	47.688	111.739	0.466	0.339	0.490	0.337	169.854	2258	5279
246	0.134	106.897	112.301	1.406	106.680	112.078	0.444	0.444	0.554	0.308	136.943	5042	5295
247	0.137	116.245	112.604	1.406	116.014	112.395	0.466	0.423	0.531	0.329	39.914	5493	5310
248	0.102	83.593	112.985	1.202	83.397	112.797	0.402	0.360	0.411	0.316	31.900	3950	5329
249	0.135	80.672	113.016	1.359	80.454	112.818	0.444	0.402	0.504	0.342	144.043	3803	5330
250	0.126	76.816	113.114	1.364	76.602	112.903	0.466	0.402	0.502	0.321	142.700	3622	5334
251	0.113	30.109	113.370	1.306	29.866	113.220	0.466	0.318	0.468	0.309	11.979	1422	5349
252	0.134	56.003	113.613	1.456	55.774	113.432	0.444	0.381	0.478	0.355	150.037	2637	5359
253	0.122	37.804	113.762	1.334	37.571	113.538	0.423	0.423	0.467	0.333	44.336	1788	5364
254	0.136	88.508	114.184	1.426	88.286	113.982	0.487	0.381	0.516	0.336	154.933	4173	5385
255	0.125	52.292	114.351	1.388	52.049	114.173	0.508	0.360	0.505	0.316	24.175	2472	5394
256	0.119	77.871	115.219	1.299	77.639	115.041	0.423	0.381	0.462	0.327	146.385	3674	5435
257	0.139	82.992	115.284	1.383	82.740	115.104	0.487	0.360	0.500	0.354	15.066	3919	5438
258	0.103	41.057	115.573	1.191	40.873	115.401	0.381	0.339	0.422	0.312	150.018	1934	5452
259	0.153	60.920	115.672	1.508	60.642	115.464	0.550	0.402	0.582	0.335	151.670	2870	5455
260	0.122	37.529	115.805	1.286	37.338	115.591	0.381	0.423	0.473	0.329	126.788	1767	5461
261	0.145	104.907	116.577	1.456	104.733	116.290	0.339	0.550	0.547	0.337	98.494	4954	5494
262	0.112	111.222	116.695	1.256	111.040	116.501	0.381	0.402	0.438	0.327	123.250	5248	5504
263	0.141	114.421	116.791	1.443	114.236	116.544	0.381	0.487	0.516	0.347	65.962	5405	5506
264	0.132	86.992	116.756	1.383	86.741	116.565	0.487	0.360	0.491	0.343	169.167	4106	5507
265	0.114	106.946	116.837	1.261	106.722	116.650	0.444	0.360	0.452	0.321	152.527	5049	5511
266	0.125	114.798	117.158	1.336	114.639	116.904	0.318	0.487	0.492	0.325	82.994	5423	5523
267	0.154	126.631	117.183	1.563	126.365	116.967	0.550	0.402	0.554	0.354	172.798	5975	5526
268	0.122	58.357	117.739	1.346	58.187	117.496	0.339	0.508	0.495	0.315	105.172	2752	5551
269	0.128	100.583	117.896	1.353	100.330	117.729	0.487	0.339	0.489	0.334	10.029	4750	5562
270	0.136	39.768	118.162	1.424	39.539	117.941	0.466	0.444	0.537	0.322	135.949	1872	5572
271	0.110	27.729	118.222	1.274	27.474	118.068	0.487	0.318	0.482	0.290	14.842	1310	5578
272	0.134	50.133	118.310	1.376	49.953	118.068	0.381	0.487	0.509	0.335	66.560	2367	5578
273	0.124	107.970	118.534	1.361	107.823	118.279	0.296	0.508	0.525	0.301	88.616	5098	5588
274	0.112	102.966	118.450	1.256	102.743	118.300	0.466	0.318	0.439	0.323	4.465	4860	5589
275	0.137	31.038	118.595	1.366	30.819	118.385	0.423	0.402	0.483	0.360	43.118	1464	5593
276	0.127	123.284	118.629	1.376	123.042	118.449	0.487	0.360	0.484	0.333	168.858	5822	5596
277	0.115	38.498	118.819	1.256	38.290	118.639	0.402	0.381	0.438	0.335	148.343	1814	5605
278	0.128	107.329	119.203	1.359	107.082	119.020	0.487	0.360	0.496	0.329	168.808	5068	5623
279	0.128	29.360	119.414	1.353	29.125	119.232	0.466	0.360	0.511	0.319	22.622	1390	5633
280	0.121	98.997	119.459	1.311	98.785	119.274	0.423	0.381	0.466	0.332	144.325	4669	5635
281	0.137	16.552	119.573	1.408	16.320	119.401	0.487	0.360	0.500	0.348	18.136	781	5641
282	0.158	97.998	119.782	1.605	97.811	119.486	0.360	0.614	0.587	0.343	86.863	4629	5645
283	0.127	33.944	119.770	1.341	33.761	119.528	0.360	0.466	0.507	0.318	63.325	1604	5647
284	0.128	86.205	119.931	1.331	85.979	119.761	0.444	0.339	0.479	0.341	17.736	4070	5658
285	0.103	121.763	120.067	1.226	121.602	119.824	0.318	0.444	0.433	0.304	101.489	5750	5661
286	0.119	114.548	120.087	1.323	114.342	119.867	0.381	0.423	0.479	0.316	59.236	5411	5663
287	0.112	120.407	120.229	1.286	120.227	119.994	0.360	0.444	0.463	0.308	123.812	5682	5669
288	0.129	33.689	120.299	1.359	33.507	120.057	0.360	0.487	0.495	0.333	73.369	1591	5672
289	0.132	29.355	120.266	1.383	29.104	120.078	0.487	0.360	0.518	0.325	24.799	1388	5673
290	0.099	32.794	120.405	1.196	32.639	120.206	0.318	0.423	0.426	0.296	66.294	1548	5679
291	0.119	30.231	120.633	1.316	30.014	120.438	0.444	0.381	0.458	0.331	29.360	1430	5690
292	0.137	86.864	120.760	1.418	86.614	120.586	0.508	0.360	0.517	0.338	15.262	4103	5697
293	0.126	57.350	120.945	1.341	57.192	120.692	0.318	0.508	0.496	0.323	99.068	2706	5702
294	0.136	30.570	121.260	1.406	30.353	121.031	0.444	0.444	0.530	0.327	43.287	1448	5718
295	0.127	73.251	121.587	1.383	73.088	121.327	0.339	0.508	0.507	0.319	76.234	3460	5732
296	0.117	31.349	121.601	1.311	31.157	121.391	0.381	0.423	0.475	0.315	58.897	1480	5735
297	0.139	53.067	121.876	1.436	52.874	121.624	0.402	0.508	0.542	0.328	60.220	2509	5746
298	0.250	45.369	122.030	2.086	45.085	121.687	0.572	0.677	0.686	0.464	60.057	2143	5749
299	0.120	38.280	122.029	1.306	38.121	121.793	0.318	0.466	0.496	0.307	109.470	1803	5754
300	0.131	95.727	122.178	1.366	95.546	121.941	0.360	0.466	0.513	0.326	62.414	4523	5761
301	0.127	21.048	122.401	1.359	20.828	122.195	0.444	0.402	0.497	0.326	32.496	997	5773
302	0.143	57.492	122.370	1.426	57.235	122.195	0.508	0.360	0.539	0.339	17.521	2715	5773
303	0.118	88.749	122.648	1.286	88.561	122.428	0.381	0.423	0.480	0.313	129.848	4187	5784
304	0.126	120.418	122.700	1.321	120.206	122.492	0.423	0.423	0.472	0.339	132.892	5684	5787
305	0.111	55.653	123.546	1.244	55.457	123.359	0.402	0.381	0.451	0.312	139.534	2622	5828
306	0.124	37.934	123.627	1.306	37.761	123.402	0.339	0.444	0.468	0.336	104.273	1788	5830
307	0.129	23.861	124.119	1.359	23.686	123.867	0.360	0.487	0.513	0.321	114.284	1123	5852
308	0.120	115.315	124.434	1.299	115.126	124.227	0.402	0.402	0.460	0.331	138.740	5443	5869
309	0.131	40.752	124.548	1.359	40.576	124.312	0.360	0.487	0.496	0.337	71.159	1924	5873
310	0.134	87.613	124.523	1.388	87.397	124.312	0.423	0.444	0.504	0.338	50.271	4139	5873
311	0.119	39.666	124.833	1.329	39.518	124.587	0.318	0.487	0.470	0.322	82.817	1872	5886
312	0.123	51.256	124.879	1.388	51.075	124.629	0.360	0.508	0.535	0.292	63.429	2423	5888
313	0.101	24.483	125.379	1.226	24.257	125.201	0.423	0.339	0.433	0.298	19.863	1158	5915
314	0.133	83.233	125.524	1.383	83.058	125.264	0.339	0.508	0.501	0.338	88.752	3932	5918
315	0.115	77.776	126.715	1.304	77.597	126.471	0.360	0.466	0.444	0.330	64.510	3676	5975
316	0.126	57.899	127.055	1.353	57.743	126.788	0.318	0.508	0.504	0.319	91.148	2734	5990
317	0.127	119.408	127.524	1.424	119.232	127.254	0.360	0.529	0.522	0.309	108.356	5639	6012
318	0.126	101.897	127.591	1.383	101.727	127.339	0.339	0.508	0.503	0.320	103.410	4812	6016
319	0.128	82.137	127.749	1.353	81.978	127.508	0.318	0.508	0.510	0.319	97.755	3876	6024
320	0.141	36.775	127.826	1.436	36.555	127.593	0.444	0.466	0.523	0.344	55.097	1738	6028
321	0.133	111.310	128.045	1.351	111.062	127.847	0.487	0.381	0.490	0.344	158.436	5255	6040
322	0.149	39.924	128.291	1.498	39.645	128.122	0.550	0.360	0.558	0.340	171.298	1879	6053
323	0.129	53.458	128.896	1.359	53.276	128.651	0.381	0.466	0.504	0.325	122.201	2520	6078
324	0.132	22.329	129.734	1.388	22.098	129.519	0.444	0.423	0.512	0.327	43.545	1057	6119
325	0.131	80.495	129.824	1.413	80.328	129.561	0.339	0.529	0.515	0.324	100.421	3798	6121
326	0.122	41.048	129.960	1.311	40.830	129.794	0.466	0.339	0.477	0.325	15.719	1936	6132
327	0.139	26.080	130.239	1.396	25.823	130.069	0.508	0.339	0.530	0.335	12.377	1231	6145
328	0.121	26.729	130.320	1.309	26.543	130.090	0.381	0.466	0.453	0.339	61.649	1264	6146
329	0.130	105.624	130.359	1.401	105.452	130.090	0.360	0.508	0.504	0.329	79.355	4989	6146
330	0.121	36.790	131.102	1.388	36.597	130.874	0.360	0.466	0.462	0.335	109.046	1734	6183
331	0.159	85.490	131.328	1.528	85.302	131.043	0.381	0.550	0.564	0.360	76.858	4038	6191
332	0.121	45.916	132.975	1.353	45.720	132.757	0.381	0.444	0.482	0.321	58.186	2168	6272
333	0.136	43.301	133.134	1.480	43.116	132.863	0.339	0.529	0.532	0.325	83.038	2046	6277
334	0.140	36.751	133.252	1.448	36.555	133.011	0.402	0.487	0.524	0.341	121.362	1732	6284
