 	Area	X	Y	Perim.	BX	BY	Width	Height	Major	Minor	Angle	XStart	YStart
1	0.114	73.011	11.088	1.329	72.856	10.816	0.318	0.508	0.475	0.305	94.066	3449	511
2	0.108	55.439	13.107	1.291	55.266	12.869	0.339	0.466	0.481	0.287	109.690	2615	608
3	0.125	96.819	13.505	1.334	96.605	13.314	0.444	0.381	0.451	0.353	21.659	4574	629
4	0.127	86.779	16.878	1.341	86.614	16.637	0.339	0.487	0.480	0.336	89.303	4096	786
5	0.117	91.375	18.106	1.316	91.186	17.886	0.381	0.444	0.481	0.311	58.667	4318	845
6	0.124	39.408	18.212	1.299	39.201	18.013	0.402	0.402	0.451	0.349	138.584	1857	851
7	0.126	18.907	19.885	1.346	18.690	19.685	0.466	0.381	0.499	0.321	148.698	887	930
8	0.116	68.803	20.421	1.286	68.601	20.214	0.381	0.423	0.461	0.322	122.891	3245	955
9	0.118	63.025	22.045	1.264	62.802	21.886	0.444	0.318	0.460	0.326	3.198	2974	1034
10	0.128	74.456	22.780	1.383	74.189	22.627	0.529	0.318	0.519	0.315	171.522	3511	1069
11	0.112	17.862	23.120	1.249	17.653	22.924	0.423	0.381	0.450	0.318	36.182	844	1083
12	0.110	92.106	23.342	1.244	91.906	23.156	0.423	0.360	0.449	0.313	145.709	4346	1094
13	0.141	106.124	24.420	1.580	105.939	24.109	0.360	0.572	0.529	0.338	100.058	5010	1139
14	0.101	19.146	24.521	1.167	18.986	24.320	0.318	0.402	0.429	0.301	114.316	900	1149
15	0.126	41.903	25.407	1.364	41.720	25.167	0.381	0.487	0.493	0.326	63.096	1980	1189
16	0.128	71.590	25.510	1.366	71.416	25.273	0.339	0.487	0.503	0.324	70.096	3381	1194
17	0.133	85.151	26.347	1.461	84.836	26.183	0.572	0.339	0.529	0.321	176.511	4019	1237
18	0.121	41.267	26.522	1.341	41.021	26.374	0.529	0.296	0.514	0.298	179.111	1944	1246
19	0.109	44.675	26.679	1.256	44.471	26.501	0.402	0.381	0.472	0.295	138.579	2103	1252
20	0.115	95.042	26.973	1.291	94.827	26.776	0.423	0.402	0.465	0.315	144.284	4486	1265
21	0.098	72.908	27.010	1.184	72.750	26.797	0.318	0.423	0.418	0.299	64.236	3446	1266
22	0.055	120.944	27.264	0.865	120.777	27.157	0.339	0.212	0.326	0.214	172.451	5709	1283
23	0.105	28.388	27.363	1.214	28.194	27.178	0.402	0.360	0.435	0.308	31.444	1344	1284
24	0.127	104.241	27.472	1.366	104.076	27.220	0.339	0.487	0.510	0.317	71.579	4925	1286
25	0.124	29.899	27.899	1.341	29.654	27.728	0.487	0.339	0.500	0.315	160.084	1406	1310
26	0.137	15.700	27.944	1.406	15.452	27.750	0.508	0.381	0.517	0.336	155.572	735	1311
27	0.120	23.930	28.035	1.299	23.707	27.855	0.444	0.360	0.484	0.316	154.149	1125	1316
28	0.128	48.438	28.174	1.401	48.260	27.919	0.360	0.508	0.548	0.297	114.695	2282	1319
29	0.119	61.669	28.588	1.299	61.426	28.427	0.487	0.318	0.491	0.309	11.812	2913	1343
30	0.119	41.525	28.709	1.269	41.317	28.533	0.423	0.360	0.442	0.343	155.236	1955	1348
31	0.123	39.504	28.916	1.334	39.243	28.744	0.508	0.339	0.483	0.323	175.242	1864	1358
32	0.122	83.321	29.369	1.323	83.164	29.125	0.318	0.487	0.491	0.317	86.017	3935	1376
33	0.133	61.876	30.351	1.413	61.616	30.162	0.508	0.360	0.522	0.324	162.455	2918	1425
34	0.125	48.638	30.691	1.323	48.472	30.459	0.339	0.466	0.470	0.339	92.342	2294	1439
35	0.117	68.426	31.742	1.276	68.199	31.581	0.444	0.318	0.465	0.322	11.732	3231	1492
36	0.130	44.533	32.057	1.406	44.281	31.877	0.529	0.360	0.520	0.319	163.084	2097	1506
37	0.134	39.662	32.106	1.378	39.412	31.940	0.487	0.339	0.500	0.342	172.253	1867	1509
38	0.111	73.606	32.432	1.221	73.448	32.216	0.318	0.423	0.435	0.324	101.352	3474	1522
39	0.131	22.213	32.499	1.383	22.056	32.237	0.318	0.529	0.526	0.316	100.305	1046	1523
40	0.137	76.621	32.672	1.413	76.433	32.406	0.360	0.508	0.521	0.334	72.076	3620	1531
41	0.127	108.770	32.845	1.359	108.606	32.576	0.339	0.508	0.500	0.324	77.061	5139	1539
42	0.126	73.941	32.779	1.346	73.702	32.597	0.487	0.360	0.480	0.334	3.532	3494	1540
43	0.129	90.402	33.088	1.336	90.170	32.914	0.466	0.339	0.488	0.336	169.915	4266	1555
44	0.129	96.780	33.398	1.359	96.605	33.147	0.339	0.508	0.485	0.339	92.446	4572	1566
45	0.134	106.472	33.709	1.431	106.299	33.422	0.339	0.550	0.548	0.313	76.939	5030	1579
46	0.113	103.119	33.667	1.256	102.912	33.486	0.402	0.360	0.428	0.337	148.452	4867	1582
47	0.122	87.313	33.872	1.311	87.058	33.718	0.487	0.318	0.480	0.324	6.103	4122	1593
48	0.109	32.995	34.079	1.239	32.787	33.909	0.423	0.339	0.460	0.302	29.713	1558	1602
49	0.115	81.595	34.302	1.274	81.386	34.100	0.402	0.402	0.450	0.324	137.533	3852	1611
50	0.117	85.725	34.325	1.311	85.471	34.163	0.487	0.318	0.482	0.310	174.361	4049	1614
51	0.119	41.615	34.452	1.318	41.466	34.205	0.296	0.487	0.495	0.307	93.078	1964	1616
52	0.131	40.748	34.664	1.396	40.576	34.417	0.339	0.508	0.511	0.327	81.942	1924	1626
53	0.111	103.494	34.921	1.306	103.336	34.671	0.296	0.487	0.485	0.292	81.868	4891	1638
54	0.098	82.010	35.048	1.154	81.809	34.883	0.381	0.339	0.397	0.313	143.355	3869	1648
55	0.113	20.452	35.786	1.269	20.278	35.560	0.339	0.444	0.469	0.308	112.204	963	1680
56	0.119	45.401	37.032	1.316	45.233	36.809	0.339	0.466	0.484	0.312	116.764	2139	1739
57	0.080	26.128	36.999	1.047	25.972	36.851	0.339	0.296	0.348	0.292	24.126	1231	1741
58	0.116	103.733	37.205	1.306	103.568	36.978	0.318	0.466	0.485	0.305	72.527	4900	1747
59	0.129	79.936	37.227	1.346	79.735	36.999	0.402	0.444	0.493	0.334	124.405	3771	1748
60	0.117	95.088	37.535	1.329	94.932	37.274	0.318	0.508	0.498	0.300	101.980	4491	1761
61	0.116	84.814	38.225	1.286	84.624	38.015	0.402	0.402	0.488	0.304	135.140	4000	1796
62	0.108	60.421	38.278	1.214	60.240	38.079	0.360	0.402	0.434	0.315	131.608	2850	1799
63	0.116	76.476	38.304	1.281	76.306	38.079	0.339	0.444	0.482	0.308	64.613	3612	1799
64	0.116	35.606	38.323	1.264	35.391	38.164	0.444	0.318	0.444	0.332	5.665	1678	1803
65	0.099	88.096	38.695	1.191	87.948	38.481	0.296	0.423	0.429	0.295	75.867	4163	1818
66	0.135	70.964	39.523	1.401	70.781	39.264	0.360	0.508	0.507	0.339	105.024	3351	1855
67	0.122	67.617	40.006	1.304	67.416	39.793	0.402	0.423	0.473	0.330	128.173	3190	1880
68	0.123	37.083	40.111	1.359	36.830	39.942	0.508	0.339	0.506	0.309	19.896	1752	1887
69	0.119	82.641	40.188	1.346	82.465	39.942	0.339	0.508	0.506	0.298	110.554	3901	1887
70	0.114	53.174	40.798	1.299	53.022	40.555	0.296	0.508	0.494	0.294	95.504	2510	1916
71	0.115	76.315	40.901	1.299	76.136	40.661	0.339	0.466	0.471	0.312	72.032	3606	1921
72	0.109	71.972	40.972	1.281	71.818	40.746	0.318	0.466	0.483	0.288	110.223	3396	1925
73	0.110	76.073	41.279	1.221	75.904	41.084	0.339	0.402	0.409	0.343	98.712	3590	1941
74	0.114	85.665	41.331	1.316	85.492	41.106	0.339	0.466	0.476	0.305	75.939	4046	1942
75	0.135	41.078	42.094	1.413	40.873	41.868	0.402	0.466	0.553	0.311	126.404	1931	1978
76	0.130	89.445	42.102	1.341	89.260	41.868	0.360	0.466	0.492	0.337	109.638	4221	1978
77	0.132	75.772	42.376	1.418	75.523	42.185	0.508	0.381	0.540	0.310	152.929	3573	1993
78	0.045	108.364	42.402	0.805	108.246	42.270	0.233	0.275	0.290	0.196	54.420	5120	1997
79	0.108	42.250	42.544	1.311	42.101	42.291	0.296	0.508	0.500	0.276	82.531	1996	1998
80	0.116	87.862	42.601	1.304	87.651	42.397	0.423	0.402	0.473	0.312	136.948	4146	2003
81	0.118	111.031	42.652	1.299	110.786	42.503	0.487	0.318	0.476	0.315	1.985	5241	2008
82	0.093	70.424	42.693	1.184	70.189	42.545	0.444	0.296	0.438	0.271	172.290	3324	2010
83	0.115	95.047	42.914	1.264	94.890	42.693	0.318	0.444	0.457	0.320	83.663	4487	2017
84	0.110	70.968	42.994	1.251	70.760	42.820	0.423	0.339	0.455	0.307	151.918	3347	2023
85	0.122	57.553	43.141	1.323	57.298	42.990	0.487	0.318	0.503	0.310	165.257	2711	2031
86	0.111	117.872	43.591	1.286	117.644	43.434	0.466	0.318	0.446	0.316	179.398	5564	2052
87	0.121	67.435	44.203	1.304	67.225	44.006	0.423	0.402	0.471	0.327	137.269	3179	2079
88	0.112	89.156	44.387	1.269	89.006	44.132	0.296	0.487	0.474	0.302	96.290	4211	2085
89	0.121	85.953	44.738	1.341	85.788	44.492	0.318	0.508	0.506	0.306	80.587	4060	2102
90	0.098	97.796	45.054	1.179	97.621	44.873	0.360	0.360	0.433	0.287	137.875	4612	2120
91	0.125	111.479	45.306	1.383	111.316	45.064	0.339	0.487	0.506	0.314	109.220	5262	2129
92	0.106	106.386	45.426	1.239	106.172	45.276	0.444	0.318	0.438	0.309	7.956	5022	2139
93	0.074	17.483	45.655	1.117	17.272	45.508	0.423	0.296	0.407	0.232	154.411	824	2150
94	0.114	96.702	46.363	1.264	96.478	46.207	0.444	0.318	0.458	0.317	11.896	4565	2183
95	0.119	74.293	46.553	1.316	74.062	46.355	0.444	0.381	0.482	0.314	146.296	3506	2190
96	0.103	49.303	46.604	1.196	49.149	46.397	0.318	0.423	0.444	0.296	69.371	2328	2192
97	0.119	115.394	46.654	1.316	115.231	46.397	0.339	0.487	0.496	0.305	111.194	5448	2192
98	0.108	28.145	46.965	1.244	27.940	46.778	0.423	0.360	0.452	0.304	148.622	1325	2210
99	0.111	88.155	47.048	1.256	87.948	46.884	0.444	0.339	0.460	0.307	26.449	4163	2215
100	0.111	98.424	47.177	1.329	98.277	46.905	0.296	0.508	0.481	0.293	90.077	4646	2216
101	0.119	21.344	47.266	1.329	21.167	47.032	0.339	0.487	0.492	0.308	73.248	1008	2222
102	0.128	77.907	47.409	1.336	77.724	47.180	0.360	0.444	0.488	0.334	64.666	3679	2229
103	0.120	60.670	47.464	1.311	60.452	47.308	0.466	0.339	0.463	0.329	7.561	2862	2235
104	0.110	47.924	47.664	1.256	47.710	47.477	0.402	0.381	0.473	0.297	138.609	2258	2243
105	0.112	52.940	47.842	1.234	52.726	47.688	0.423	0.318	0.446	0.321	169.603	2494	2253
106	0.121	93.308	49.180	1.329	93.070	49.001	0.466	0.339	0.471	0.327	8.366	4407	2315
107	0.110	30.439	49.244	1.256	30.268	49.022	0.339	0.444	0.448	0.314	68.584	1439	2316
108	0.115	45.477	49.231	1.311	45.233	49.086	0.508	0.296	0.505	0.289	175.803	2142	2319
109	0.114	65.835	49.426	1.281	65.659	49.212	0.339	0.444	0.477	0.305	114.080	3104	2325
110	0.115	89.315	49.471	1.269	89.154	49.234	0.318	0.466	0.467	0.313	107.266	4219	2326
111	0.115	106.162	49.566	1.304	105.939	49.382	0.466	0.360	0.478	0.305	155.378	5011	2333
112	0.113	108.212	50.090	1.256	107.992	49.911	0.444	0.339	0.444	0.325	176.063	5112	2358
113	0.125	110.555	50.832	1.323	110.321	50.673	0.466	0.339	0.473	0.336	174.921	5217	2394
114	0.123	14.275	50.924	1.329	14.034	50.736	0.466	0.360	0.489	0.321	23.020	677	2397
115	0.107	81.290	51.111	1.226	81.111	50.906	0.339	0.423	0.463	0.293	118.368	3835	2405
116	0.122	92.905	51.161	1.311	92.668	50.990	0.466	0.339	0.472	0.330	173.696	4387	2409
117	0.136	30.276	51.466	1.408	30.014	51.308	0.529	0.318	0.530	0.327	1.419	1425	2424
118	0.123	80.382	51.574	1.311	80.200	51.350	0.360	0.444	0.477	0.328	59.309	3797	2426
119	0.114	74.238	52.168	1.274	74.041	51.964	0.402	0.402	0.461	0.315	45.285	3510	2455
120	0.116	61.625	52.478	1.281	61.404	52.303	0.444	0.339	0.459	0.322	9.868	2910	2471
121	0.112	105.224	52.669	1.244	105.008	52.493	0.444	0.339	0.436	0.327	176.517	4971	2480
122	0.138	20.127	52.820	1.366	19.897	52.642	0.466	0.360	0.483	0.362	168.941	945	2487
123	0.135	108.390	52.825	1.396	108.119	52.663	0.529	0.318	0.527	0.327	2.276	5116	2488
124	0.101	39.309	53.283	1.209	39.180	53.044	0.275	0.466	0.455	0.282	90.883	1856	2506
125	0.122	106.534	53.266	1.311	106.320	53.086	0.444	0.360	0.459	0.338	160.375	5028	2508
126	0.117	38.765	53.488	1.299	38.523	53.319	0.487	0.318	0.476	0.314	177.440	1829	2519
127	0.107	47.097	53.846	1.251	46.863	53.700	0.466	0.296	0.458	0.298	172.869	2220	2537
128	0.110	83.142	54.007	1.251	82.931	53.848	0.444	0.318	0.458	0.305	10.790	3925	2544
129	0.125	104.516	54.180	1.341	104.309	53.975	0.423	0.402	0.504	0.317	138.496	4930	2550
130	0.131	74.280	54.354	1.364	74.083	54.123	0.402	0.466	0.506	0.330	121.643	3503	2557
131	0.098	22.344	54.431	1.179	22.183	54.229	0.318	0.402	0.426	0.292	66.054	1055	2562
132	0.125	97.334	54.804	1.353	97.176	54.546	0.318	0.508	0.496	0.320	97.088	4598	2577
133	0.133	46.308	54.769	1.394	46.059	54.568	0.466	0.423	0.517	0.328	143.321	2182	2578
134	0.088	33.537	54.753	1.137	33.316	54.610	0.423	0.275	0.431	0.259	13.348	1584	2580
135	0.107	42.801	55.321	1.209	42.608	55.139	0.381	0.360	0.447	0.304	138.863	2016	2605
136	0.119	87.361	55.407	1.323	87.207	55.160	0.318	0.487	0.501	0.303	75.673	4127	2606
137	0.112	48.023	55.719	1.251	47.794	55.562	0.444	0.318	0.455	0.313	15.096	2266	2625
138	0.121	101.168	55.932	1.311	101.007	55.690	0.318	0.487	0.480	0.321	88.285	4778	2631
139	0.134	64.439	56.148	1.394	64.198	55.944	0.487	0.402	0.526	0.325	148.083	3038	2643
140	0.125	108.280	56.325	1.329	108.035	56.155	0.487	0.339	0.492	0.322	165.703	5110	2653
141	0.117	46.424	56.392	1.294	46.186	56.240	0.466	0.318	0.466	0.321	172.695	2186	2657
142	0.107	31.358	56.511	1.221	31.136	56.367	0.444	0.296	0.459	0.296	8.796	1477	2663
143	0.129	42.017	56.697	1.388	41.762	56.515	0.508	0.360	0.515	0.319	19.375	1987	2670
144	0.123	26.856	56.933	1.359	26.649	56.727	0.423	0.423	0.514	0.304	46.700	1270	2680
145	0.123	30.368	57.016	1.311	30.120	56.854	0.487	0.318	0.490	0.319	3.467	1433	2686
146	0.124	108.195	57.053	1.316	107.971	56.854	0.444	0.381	0.464	0.339	28.359	5113	2686
147	0.132	77.865	57.090	1.364	77.639	56.875	0.444	0.423	0.491	0.343	37.039	3681	2687
148	0.106	98.477	57.183	1.214	98.319	56.960	0.318	0.444	0.442	0.304	102.012	4650	2691
149	0.095	73.828	57.286	1.189	73.639	57.108	0.381	0.360	0.440	0.273	139.346	3482	2698
150	0.131	70.089	57.689	1.329	69.871	57.489	0.423	0.402	0.479	0.349	137.554	3304	2716
151	0.122	35.082	57.971	1.329	34.840	57.785	0.466	0.360	0.496	0.313	23.946	1660	2730
152	0.136	40.455	58.469	1.478	40.238	58.187	0.402	0.529	0.567	0.305	55.871	1917	2749
153	0.112	88.570	59.132	1.256	88.350	58.970	0.444	0.339	0.446	0.320	162.400	4178	2786
154	0.122	67.427	60.110	1.311	67.268	59.859	0.318	0.487	0.487	0.319	82.952	3184	2828
155	0.109	93.597	60.139	1.251	93.430	59.923	0.339	0.423	0.450	0.309	61.920	4425	2831
156	0.127	100.012	60.163	1.353	99.822	59.944	0.381	0.444	0.508	0.319	54.292	4725	2832
157	0.121	83.645	60.228	1.336	83.481	59.986	0.318	0.487	0.501	0.306	102.330	3948	2834
158	0.121	48.202	60.300	1.311	48.027	60.071	0.339	0.466	0.472	0.326	70.248	2276	2838
159	0.115	55.705	60.697	1.281	55.562	60.452	0.296	0.487	0.486	0.301	82.987	2630	2856
160	0.118	83.829	60.928	1.269	83.608	60.748	0.423	0.360	0.444	0.338	149.753	3955	2870
161	0.118	74.535	61.041	1.294	74.380	60.791	0.296	0.487	0.492	0.305	93.077	3520	2872
162	0.123	44.882	61.175	1.341	44.640	61.002	0.487	0.339	0.482	0.324	167.502	2117	2882
163	0.128	20.413	61.344	1.366	20.256	61.087	0.318	0.508	0.516	0.315	77.135	964	2886
164	0.133	32.151	61.357	1.515	31.919	61.172	0.466	0.381	0.473	0.358	163.701	1514	2890
165	0.126	114.632	61.541	1.311	114.406	61.362	0.444	0.360	0.464	0.346	19.538	5414	2899
166	0.114	104.262	62.175	1.269	104.034	61.997	0.444	0.339	0.461	0.315	162.365	4922	2929
167	0.131	63.650	62.337	1.388	63.458	62.082	0.381	0.487	0.520	0.321	60.416	3010	2933
168	0.111	31.304	62.253	1.239	31.073	62.103	0.444	0.318	0.442	0.319	0.231	1475	2934
169	0.043	120.714	62.360	0.830	120.586	62.209	0.233	0.275	0.289	0.191	55.993	5702	2939
170	0.112	59.337	62.581	1.299	59.161	62.336	0.339	0.466	0.470	0.304	63.398	2806	2945
171	0.122	97.942	62.564	1.299	97.705	62.399	0.466	0.339	0.477	0.325	162.250	4620	2948
172	0.119	76.483	62.613	1.299	76.242	62.442	0.466	0.339	0.472	0.320	169.864	3610	2950
173	0.109	38.540	62.790	1.239	38.333	62.611	0.402	0.360	0.436	0.318	34.522	1821	2958
174	0.119	51.071	62.956	1.286	50.842	62.780	0.466	0.339	0.479	0.317	158.619	2407	2966
175	0.138	13.931	63.261	1.418	13.716	63.034	0.423	0.466	0.530	0.332	52.065	660	2978
176	0.109	46.391	63.456	1.239	46.165	63.310	0.444	0.318	0.465	0.299	164.801	2185	2991
177	0.113	29.112	63.556	1.286	28.893	63.373	0.423	0.381	0.467	0.308	35.972	1377	2994
178	0.121	106.807	64.231	1.286	106.574	64.050	0.444	0.360	0.455	0.338	22.765	5046	3026
179	0.092	113.688	64.261	1.124	113.496	64.114	0.402	0.296	0.401	0.292	11.439	5368	3029
180	0.124	80.926	64.308	1.353	80.687	64.135	0.487	0.339	0.510	0.310	158.881	3816	3030
181	0.112	107.481	64.721	1.269	107.252	64.580	0.466	0.296	0.479	0.298	2.231	5072	3051
182	0.092	74.768	64.847	1.149	74.612	64.664	0.318	0.381	0.431	0.272	59.811	3531	3055
183	0.107	26.496	65.035	1.264	26.310	64.834	0.360	0.402	0.462	0.295	56.364	1251	3063
184	0.098	76.948	65.294	1.202	76.793	65.066	0.318	0.444	0.437	0.286	113.817	3631	3074
185	0.130	15.472	65.366	1.383	15.304	65.109	0.339	0.508	0.525	0.316	79.701	729	3076
186	0.128	70.826	65.542	1.376	70.591	65.342	0.466	0.402	0.507	0.322	149.842	3342	3087
187	0.119	112.225	65.790	1.304	112.035	65.553	0.360	0.466	0.483	0.314	65.160	5303	3097
188	0.108	62.077	65.951	1.214	61.870	65.786	0.423	0.339	0.431	0.318	21.399	2931	3108
189	0.109	84.268	67.802	1.281	84.095	67.585	0.318	0.466	0.465	0.298	103.699	3977	3193
190	0.136	118.860	68.013	1.388	118.597	67.839	0.508	0.360	0.514	0.338	164.407	5609	3205
191	0.118	79.471	68.234	1.329	79.248	68.030	0.423	0.402	0.491	0.306	44.940	3754	3214
192	0.113	46.916	68.926	1.239	46.694	68.770	0.444	0.318	0.451	0.320	6.099	2212	3249
193	0.132	19.755	69.165	1.383	19.579	68.898	0.339	0.508	0.509	0.330	96.989	931	3255
194	0.118	89.800	69.309	1.299	89.556	69.152	0.487	0.318	0.480	0.314	177.701	4238	3267
195	0.119	106.087	69.645	1.329	105.876	69.427	0.402	0.423	0.489	0.310	48.975	5012	3280
196	0.128	51.640	69.796	1.364	51.435	69.575	0.423	0.444	0.514	0.317	50.587	2441	3287
197	0.122	85.918	69.853	1.329	85.683	69.681	0.487	0.339	0.489	0.318	165.403	4054	3292
198	0.135	124.252	70.005	1.418	124.016	69.829	0.529	0.360	0.517	0.332	20.073	5868	3299
199	0.130	113.686	70.413	1.401	113.411	70.231	0.508	0.360	0.520	0.318	19.217	5373	3318
200	0.109	111.110	70.419	1.256	110.892	70.252	0.466	0.318	0.464	0.300	9.720	5250	3319
201	0.111	88.404	70.533	1.269	88.202	70.337	0.402	0.381	0.449	0.314	37.728	4179	3323
202	0.123	120.326	70.704	1.353	120.163	70.464	0.339	0.487	0.483	0.325	87.882	5681	3329
203	0.111	89.779	70.744	1.269	89.577	70.548	0.402	0.381	0.460	0.308	38.198	4246	3333
204	0.118	81.586	70.846	1.341	81.428	70.591	0.318	0.508	0.503	0.298	94.320	3853	3335
205	0.120	108.071	71.017	1.316	107.823	70.845	0.487	0.339	0.480	0.319	165.814	5102	3347
206	0.129	94.273	71.191	1.351	94.044	70.972	0.444	0.423	0.495	0.332	40.438	4456	3353
207	0.111	71.021	71.305	1.264	70.802	71.141	0.444	0.318	0.462	0.306	9.260	3355	3361
208	0.110	16.401	71.332	1.251	16.171	71.184	0.466	0.296	0.470	0.299	4.770	771	3363
209	0.131	74.624	71.524	1.364	74.401	71.310	0.444	0.423	0.502	0.333	137.652	3519	3369
210	0.120	58.044	71.688	1.286	57.827	71.501	0.423	0.381	0.457	0.335	142.171	2738	3378
211	0.125	14.759	72.296	1.353	14.520	72.094	0.444	0.381	0.503	0.317	34.478	699	3406
212	0.118	111.283	72.504	1.299	111.062	72.326	0.444	0.360	0.471	0.319	24.261	5256	3417
213	0.115	37.701	72.618	1.286	37.486	72.432	0.444	0.360	0.465	0.315	24.518	1784	3422
214	0.146	85.384	72.774	1.431	85.111	72.602	0.529	0.360	0.513	0.362	177.028	4028	3430
215	0.124	120.075	73.206	1.341	119.846	73.025	0.466	0.360	0.483	0.326	26.982	5673	3450
216	0.133	86.030	73.804	1.388	85.788	73.618	0.508	0.360	0.501	0.337	161.769	4060	3478
217	0.112	96.905	73.918	1.239	96.689	73.745	0.423	0.339	0.436	0.326	20.948	4577	3484
218	0.121	113.337	74.137	1.323	113.094	73.978	0.487	0.318	0.497	0.309	178.385	5352	3495
219	0.106	90.387	74.302	1.251	90.234	74.062	0.296	0.466	0.480	0.282	101.983	4266	3499
220	0.105	13.269	74.577	1.196	13.102	74.380	0.339	0.402	0.403	0.332	80.991	624	3514
221	0.116	77.325	74.774	1.316	77.152	74.549	0.339	0.466	0.464	0.317	82.614	3651	3522
222	0.106	43.481	74.976	1.281	43.286	74.761	0.381	0.402	0.468	0.287	46.441	2058	3532
223	0.127	11.440	74.979	1.323	11.218	74.803	0.444	0.360	0.466	0.346	165.596	535	3534
224	0.118	85.253	74.969	1.286	85.026	74.803	0.466	0.339	0.487	0.308	22.703	4026	3534
225	0.115	104.237	75.134	1.311	104.055	74.909	0.339	0.466	0.467	0.313	72.839	4928	3539
226	0.117	43.391	75.785	1.281	43.159	75.628	0.466	0.318	0.473	0.315	15.889	2046	3573
227	0.139	81.989	76.597	1.431	81.809	76.327	0.360	0.529	0.526	0.338	74.808	3874	3606
228	0.125	99.769	76.637	1.323	99.526	76.475	0.487	0.318	0.501	0.319	169.952	4707	3613
229	0.123	121.928	76.668	1.334	121.687	76.475	0.466	0.381	0.487	0.322	153.595	5757	3613
230	0.113	95.006	76.690	1.256	94.784	76.518	0.444	0.339	0.468	0.307	154.362	4482	3615
231	0.111	103.666	76.976	1.269	103.420	76.814	0.466	0.318	0.467	0.303	169.594	4895	3629
232	0.127	57.528	77.333	1.346	57.298	77.152	0.487	0.360	0.483	0.335	16.414	2716	3645
233	0.134	91.069	78.385	1.401	90.868	78.147	0.402	0.466	0.528	0.322	52.416	4308	3692
234	0.142	70.052	78.658	1.431	69.871	78.401	0.360	0.529	0.529	0.341	73.391	3309	3704
235	0.107	49.847	78.996	1.214	49.657	78.782	0.360	0.402	0.418	0.325	50.038	2358	3722
236	0.115	92.785	79.208	1.291	92.604	78.973	0.360	0.466	0.452	0.324	105.471	4382	3731
237	0.125	23.673	79.375	1.351	23.453	79.163	0.423	0.444	0.526	0.303	132.890	1111	3740
238	0.106	110.384	79.518	1.196	110.172	79.354	0.402	0.339	0.395	0.342	10.319	5212	3749
239	0.129	83.599	80.117	1.353	83.376	79.925	0.444	0.381	0.499	0.328	32.142	3949	3776
240	0.116	39.828	80.146	1.274	39.603	79.968	0.444	0.360	0.477	0.310	150.357	1876	3778
241	0.098	104.094	80.484	1.202	103.886	80.328	0.423	0.339	0.429	0.290	153.963	4912	3795
242	0.103	94.001	80.528	1.196	93.790	80.370	0.423	0.318	0.439	0.300	17.669	4441	3797
243	0.130	95.992	80.772	1.388	95.800	80.539	0.402	0.466	0.538	0.308	53.176	4537	3805
244	0.118	108.320	80.837	1.383	108.162	80.603	0.339	0.508	0.511	0.294	69.290	5117	3808
245	0.115	70.499	80.974	1.286	70.316	80.751	0.360	0.444	0.461	0.317	65.026	3330	3815
246	0.119	90.367	81.224	1.346	90.149	81.026	0.444	0.402	0.506	0.300	40.023	4271	3828
247	0.126	76.854	81.576	1.371	76.687	81.322	0.339	0.508	0.518	0.311	74.964	3631	3842
248	0.122	78.359	81.831	1.376	78.168	81.576	0.381	0.487	0.501	0.310	59.067	3706	3854
249	0.109	17.550	82.313	1.261	17.399	82.063	0.318	0.487	0.453	0.307	90.205	828	3877
250	0.118	79.505	82.492	1.346	79.333	82.254	0.360	0.487	0.504	0.299	61.248	3758	3886
251	0.130	82.230	82.659	1.401	81.978	82.486	0.487	0.381	0.536	0.310	151.058	3874	3897
252	0.119	72.447	83.030	1.329	72.284	82.783	0.318	0.508	0.492	0.308	85.439	3422	3911
253	0.114	80.928	84.428	1.288	80.772	84.201	0.318	0.444	0.466	0.312	74.475	3822	3978
254	0.128	74.128	84.588	1.329	73.914	84.392	0.444	0.381	0.474	0.343	26.842	3503	3987
255	0.100	43.095	84.711	1.179	42.884	84.561	0.423	0.296	0.428	0.297	174.410	2031	3995
256	0.116	24.780	84.944	1.281	24.617	84.709	0.318	0.466	0.479	0.309	81.696	1169	4002
257	0.094	83.942	85.316	1.124	83.778	85.132	0.339	0.360	0.395	0.304	59.250	3963	4022
258	0.140	69.275	86.120	1.401	69.024	85.937	0.487	0.381	0.509	0.349	17.848	3272	4060
259	0.108	64.877	86.644	1.226	64.706	86.424	0.339	0.423	0.432	0.320	63.164	3066	4083
260	0.112	38.998	86.760	1.264	38.777	86.614	0.466	0.296	0.474	0.301	170.405	1834	4092
261	0.110	87.010	87.042	1.251	86.847	86.826	0.339	0.423	0.453	0.309	71.376	4109	4102
262	0.125	72.003	88.444	1.311	71.776	88.265	0.444	0.360	0.472	0.336	24.284	3401	4170
263	0.129	29.252	88.580	1.383	29.083	88.328	0.339	0.508	0.525	0.314	105.017	1377	4173
264	0.114	111.358	88.689	1.286	111.125	88.519	0.466	0.339	0.455	0.318	171.229	5260	4182
265	0.125	122.760	88.743	1.346	122.555	88.540	0.423	0.423	0.491	0.325	132.496	5793	4183
266	0.107	46.149	88.759	1.214	45.953	88.561	0.381	0.381	0.435	0.314	42.792	2181	4184
267	0.115	94.115	89.808	1.329	93.959	89.556	0.339	0.487	0.503	0.292	109.313	4442	4231
268	0.103	100.913	90.862	1.214	100.753	90.636	0.318	0.444	0.452	0.291	109.373	4763	4282
269	0.122	45.591	91.377	1.316	45.402	91.165	0.381	0.444	0.490	0.318	54.311	2153	4307
270	0.132	50.955	91.961	1.359	50.736	91.736	0.423	0.423	0.495	0.339	44.612	2409	4334
271	0.127	97.884	92.603	1.351	97.663	92.392	0.423	0.444	0.503	0.322	130.249	4618	4365
272	0.125	52.608	94.208	1.341	52.388	94.001	0.423	0.402	0.490	0.323	41.990	2486	4441
273	0.088	78.637	94.717	1.117	78.444	94.552	0.381	0.339	0.407	0.276	140.860	3711	4467
274	0.130	113.951	95.230	1.371	113.728	95.038	0.466	0.381	0.500	0.331	153.626	5378	4490
275	0.129	43.748	95.379	1.388	43.498	95.186	0.487	0.381	0.516	0.319	27.941	2068	4497
276	0.126	89.831	95.532	1.364	89.598	95.335	0.466	0.402	0.505	0.318	34.788	4244	4504
277	0.127	65.574	95.907	1.383	65.342	95.716	0.466	0.381	0.522	0.311	33.126	3099	4522
278	0.123	23.594	95.910	1.341	23.347	95.758	0.508	0.318	0.497	0.315	176.453	1107	4524
279	0.115	102.931	96.025	1.281	102.743	95.822	0.360	0.423	0.476	0.307	121.847	4856	4527
280	0.120	88.726	96.114	1.286	88.519	95.927	0.423	0.381	0.461	0.332	149.335	4185	4532
281	0.122	47.484	96.551	1.329	47.308	96.308	0.360	0.466	0.481	0.323	62.596	2244	4550
282	0.103	113.308	96.887	1.244	113.136	96.668	0.360	0.423	0.450	0.293	124.694	5347	4567
283	0.112	34.337	98.044	1.286	34.100	97.875	0.466	0.339	0.474	0.299	14.418	1624	4624
284	0.122	37.304	98.099	1.311	37.105	97.896	0.402	0.402	0.489	0.317	46.643	1762	4625
285	0.129	56.158	98.305	1.366	55.901	98.150	0.508	0.318	0.511	0.321	5.582	2650	4637
286	0.121	60.360	98.468	1.329	60.177	98.234	0.360	0.466	0.483	0.319	60.307	2853	4641
287	0.124	113.039	98.699	1.359	112.861	98.467	0.360	0.466	0.466	0.338	113.594	5339	4652
288	0.112	44.638	98.767	1.274	44.408	98.594	0.466	0.339	0.482	0.297	26.032	2110	4658
289	0.103	90.791	98.934	1.209	90.636	98.721	0.318	0.423	0.437	0.299	110.359	4285	4664
290	0.121	110.515	99.516	1.299	110.321	99.314	0.381	0.423	0.477	0.322	127.260	5215	4692
291	0.106	72.179	99.573	1.256	72.030	99.335	0.318	0.466	0.469	0.288	109.393	3407	4693
292	0.136	49.817	99.642	1.396	49.572	99.462	0.487	0.360	0.517	0.335	160.938	2347	4699
293	0.107	109.387	101.874	1.239	109.220	101.642	0.318	0.444	0.434	0.314	105.079	5167	4802
294	0.113	96.600	101.862	1.256	96.414	101.664	0.360	0.423	0.456	0.316	122.231	4558	4803
295	0.109	70.223	101.967	1.281	70.083	101.727	0.275	0.508	0.493	0.282	83.672	3317	4806
296	0.110	78.928	103.387	1.251	78.782	103.166	0.296	0.466	0.464	0.301	93.628	3725	4874
297	0.121	63.252	104.399	1.316	63.034	104.204	0.444	0.381	0.483	0.320	33.381	2990	4923
298	0.119	113.461	105.554	1.304	113.242	105.368	0.444	0.381	0.487	0.312	31.982	5361	4978
299	0.103	103.877	105.649	1.232	103.696	105.431	0.360	0.423	0.459	0.284	53.135	4911	4981
300	0.118	123.203	105.817	1.311	122.957	105.664	0.487	0.318	0.485	0.310	167.623	5814	4992
301	0.096	113.225	106.548	1.142	113.009	106.405	0.423	0.296	0.423	0.288	164.751	5344	5027
302	0.115	102.438	106.700	1.299	102.277	106.468	0.318	0.487	0.484	0.303	98.036	4836	5030
303	0.115	97.542	107.245	1.251	97.346	107.061	0.381	0.381	0.456	0.320	133.033	4601	5058
304	0.123	100.074	107.994	1.316	99.886	107.781	0.381	0.444	0.491	0.320	125.562	4722	5092
305	0.112	70.368	108.073	1.286	70.189	107.844	0.339	0.466	0.465	0.305	107.383	3321	5095
306	0.122	42.104	108.085	1.316	41.868	107.908	0.466	0.360	0.502	0.310	26.583	1990	5098
307	0.117	123.229	108.284	1.281	123.000	108.119	0.466	0.318	0.464	0.322	177.006	5818	5108
308	0.117	70.090	108.942	1.286	69.850	108.776	0.466	0.339	0.459	0.325	161.084	3306	5139
309	0.120	41.067	109.487	1.316	40.852	109.284	0.423	0.402	0.489	0.312	37.018	1943	5163
310	0.120	78.411	109.955	1.304	78.190	109.770	0.444	0.381	0.463	0.329	149.539	3699	5186
311	0.116	33.479	111.607	1.294	33.253	111.442	0.444	0.339	0.468	0.317	20.443	1581	5265
312	0.131	92.592	111.871	1.378	92.414	111.633	0.360	0.466	0.507	0.330	113.274	4369	5274
313	0.124	88.426	111.960	1.316	88.202	111.781	0.444	0.381	0.476	0.330	147.313	4170	5281
314	0.112	56.485	113.450	1.251	56.324	113.220	0.318	0.444	0.459	0.309	75.700	2668	5349
315	0.125	33.347	113.461	1.334	33.147	113.242	0.381	0.466	0.500	0.320	121.216	1569	5350
316	0.111	106.900	114.867	1.256	106.701	114.660	0.402	0.381	0.446	0.316	146.733	5045	5417
317	0.118	95.653	115.401	1.334	95.483	115.147	0.360	0.487	0.505	0.297	116.138	4515	5440
318	0.120	86.219	115.466	1.359	86.021	115.231	0.381	0.466	0.513	0.298	123.885	4066	5444
319	0.127	102.521	116.790	1.366	102.362	116.544	0.318	0.508	0.510	0.318	88.416	4841	5506
320	0.107	106.503	118.415	1.256	106.362	118.152	0.296	0.487	0.459	0.297	90.219	5031	5582
321	0.114	59.799	119.948	1.281	59.648	119.698	0.296	0.487	0.483	0.301	88.878	2824	5655
322	0.141	57.614	123.147	1.443	57.404	122.915	0.423	0.466	0.544	0.329	51.275	2723	5807
323	0.102	39.851	124.142	1.239	39.666	123.931	0.360	0.402	0.464	0.279	52.674	1885	5855
324	0.103	93.167	127.179	1.204	93.028	126.958	0.296	0.423	0.443	0.295	100.777	4398	5998
