 	Area	X	Y	Perim.	BX	BY	Width	Height	Major	Minor	Angle	XStart	YStart
1	0.163	115.251	14.481	1.545	115.062	14.203	0.402	0.550	0.529	0.392	80.832	5443	671
2	0.129	64.040	14.530	1.383	63.881	14.266	0.318	0.529	0.520	0.316	87.560	3023	674
3	0.144	86.711	14.762	1.456	86.550	14.478	0.318	0.572	0.570	0.321	85.163	4095	684
4	0.064	116.933	14.766	0.980	116.798	14.584	0.254	0.360	0.364	0.224	67.580	5525	689
5	0.053	90.111	14.939	0.967	89.937	14.817	0.296	0.275	0.311	0.217	138.773	4254	700
6	0.143	45.494	15.127	1.438	45.318	14.859	0.339	0.529	0.534	0.341	85.556	2149	702
7	0.109	57.880	16.068	1.261	57.700	15.833	0.339	0.444	0.429	0.324	85.815	2734	748
8	0.065	61.322	16.347	0.932	61.193	16.192	0.254	0.318	0.325	0.256	99.766	2894	765
9	0.133	35.883	16.834	1.396	35.708	16.595	0.339	0.508	0.501	0.337	81.432	1694	784
10	0.104	47.767	16.917	1.174	47.604	16.722	0.318	0.381	0.402	0.329	97.747	2253	790
11	0.129	57.781	17.009	1.366	57.616	16.764	0.339	0.487	0.500	0.330	84.363	2726	792
12	0.075	51.322	16.997	1.010	51.160	16.828	0.318	0.318	0.345	0.278	51.290	2423	795
13	0.104	45.972	17.080	1.191	45.826	16.870	0.296	0.423	0.444	0.299	102.727	2167	797
14	0.138	49.380	17.165	1.438	49.212	16.891	0.339	0.529	0.543	0.323	84.243	2332	798
15	0.159	58.286	17.240	1.526	58.060	16.976	0.444	0.529	0.548	0.369	54.787	2756	802
16	0.134	48.961	17.260	1.421	48.810	16.997	0.318	0.529	0.545	0.312	90.413	2311	803
17	0.171	54.734	17.261	1.595	54.441	17.082	0.593	0.360	0.606	0.359	9.935	2583	807
18	0.110	42.017	17.312	1.232	41.825	17.103	0.381	0.402	0.412	0.339	52.799	1984	808
19	0.125	51.962	17.347	1.351	51.774	17.103	0.360	0.508	0.511	0.311	115.546	2451	808
20	0.119	50.665	17.366	1.294	50.504	17.145	0.318	0.466	0.463	0.328	87.869	2391	810
21	0.099	70.452	17.423	1.179	70.294	17.208	0.296	0.423	0.428	0.296	93.721	3326	813
22	0.129	53.716	17.523	1.341	53.488	17.314	0.423	0.402	0.482	0.340	40.555	2538	818
23	0.128	52.785	17.655	1.376	52.578	17.462	0.444	0.423	0.494	0.329	43.573	2492	825
24	0.116	66.494	17.708	1.294	66.336	17.484	0.318	0.466	0.466	0.318	101.817	3137	826
25	0.130	50.136	17.715	1.351	49.932	17.505	0.444	0.423	0.465	0.356	36.801	2368	827
26	0.116	40.927	17.763	1.369	40.704	17.568	0.423	0.423	0.510	0.291	135.324	1924	830
27	0.077	51.130	17.887	1.064	50.990	17.695	0.275	0.381	0.386	0.254	109.051	2413	836
28	0.143	85.404	18.062	1.438	85.238	17.801	0.339	0.529	0.530	0.343	93.810	4030	841
29	0.108	40.913	18.159	1.244	40.682	17.992	0.423	0.360	0.442	0.311	155.349	1930	850
30	0.170	37.313	18.232	1.583	37.020	18.055	0.572	0.381	0.576	0.376	173.541	1754	853
31	0.145	39.730	18.349	1.461	39.476	18.119	0.487	0.423	0.547	0.337	37.037	1881	856
32	0.120	33.832	18.387	1.381	33.613	18.182	0.444	0.444	0.532	0.287	43.972	1599	859
33	0.119	35.608	18.458	1.316	35.391	18.267	0.423	0.381	0.471	0.322	142.627	1677	863
34	0.125	43.977	18.683	1.341	43.815	18.436	0.339	0.487	0.499	0.320	105.410	2074	871
35	0.147	46.476	18.729	1.466	46.228	18.500	0.487	0.444	0.550	0.341	38.620	2199	874
36	0.137	43.403	18.734	1.401	43.159	18.542	0.487	0.381	0.528	0.329	151.946	2044	876
37	0.103	45.486	18.941	1.286	45.212	18.796	0.508	0.296	0.504	0.260	158.618	2142	888
38	0.104	46.820	18.988	1.196	46.651	18.796	0.339	0.402	0.405	0.326	69.662	2210	888
39	0.142	32.268	19.090	1.448	32.068	18.838	0.381	0.529	0.546	0.332	112.992	1520	890
40	0.145	101.763	19.122	1.450	101.600	18.860	0.339	0.529	0.543	0.340	86.438	4804	891
41	0.156	44.206	19.279	1.535	43.942	19.092	0.529	0.381	0.560	0.356	23.799	2088	902
42	0.155	33.120	20.013	1.551	32.893	19.727	0.423	0.550	0.578	0.342	62.812	1567	932
43	0.126	31.332	20.144	1.431	31.157	19.876	0.360	0.529	0.533	0.302	66.392	1483	939
44	0.146	34.451	20.210	1.450	34.290	19.939	0.318	0.550	0.554	0.335	88.342	1626	942
45	0.145	32.539	20.175	1.431	32.300	19.960	0.466	0.423	0.520	0.354	37.908	1538	943
46	0.123	39.264	20.184	1.376	39.052	19.960	0.423	0.444	0.524	0.298	127.549	1848	943
47	0.114	40.028	20.175	1.249	39.836	19.960	0.402	0.402	0.465	0.313	134.067	1886	943
48	0.156	38.758	20.264	1.538	38.502	20.045	0.529	0.444	0.570	0.348	146.288	1822	947
49	0.118	38.213	20.276	1.281	38.015	20.087	0.402	0.381	0.438	0.344	149.076	1801	949
50	0.110	48.040	20.415	1.226	47.879	20.193	0.318	0.444	0.443	0.316	81.778	2269	954
51	0.135	36.772	20.656	1.406	36.534	20.447	0.444	0.444	0.504	0.342	129.501	1732	966
52	0.151	40.201	20.689	1.478	39.984	20.447	0.444	0.487	0.538	0.357	49.780	1901	966
53	0.157	32.492	20.789	1.503	32.279	20.553	0.444	0.487	0.546	0.367	53.579	1535	971
54	0.156	38.506	20.942	1.515	38.227	20.764	0.572	0.360	0.572	0.347	170.247	1813	981
55	0.118	40.540	21.253	1.301	40.386	21.018	0.296	0.466	0.491	0.305	78.989	1915	993
56	0.148	56.615	23.151	1.486	56.367	22.945	0.508	0.402	0.562	0.335	151.010	2666	1084
57	0.147	49.094	23.350	1.450	48.916	23.093	0.360	0.508	0.523	0.357	102.305	2316	1091
58	0.103	96.669	23.826	1.281	96.499	23.580	0.318	0.466	0.468	0.280	63.588	4572	1114
59	0.127	56.589	25.367	1.366	56.430	25.104	0.318	0.508	0.515	0.315	97.686	2671	1186
60	0.138	100.404	25.915	1.461	100.182	25.675	0.444	0.466	0.523	0.336	46.571	4751	1213
61	0.122	76.891	26.833	1.323	76.645	26.691	0.508	0.296	0.514	0.303	178.037	3625	1261
62	0.146	89.685	27.020	1.448	89.493	26.776	0.381	0.529	0.534	0.348	109.057	4232	1265
63	0.118	124.176	28.340	1.306	123.994	28.130	0.360	0.423	0.461	0.325	57.412	5867	1329
64	0.113	42.077	29.179	1.306	41.931	28.935	0.275	0.508	0.505	0.285	97.049	1986	1367
65	0.153	53.343	29.139	1.503	53.065	28.956	0.550	0.381	0.575	0.339	158.820	2511	1368
66	0.135	94.121	29.297	1.381	93.895	29.083	0.444	0.444	0.510	0.338	138.686	4440	1374
67	0.184	95.079	30.518	1.685	94.890	30.184	0.381	0.635	0.634	0.369	99.990	4488	1426
68	0.165	55.408	31.299	1.553	55.224	31.009	0.360	0.572	0.591	0.355	96.056	2614	1465
69	0.164	52.241	31.393	1.515	51.964	31.200	0.550	0.381	0.566	0.370	163.433	2461	1474
70	0.154	110.917	31.526	1.545	110.723	31.242	0.381	0.572	0.563	0.349	96.697	5239	1476
71	0.120	45.207	31.805	1.334	45.022	31.560	0.360	0.487	0.518	0.294	116.721	2130	1491
72	0.155	54.119	32.033	1.496	53.890	31.771	0.444	0.508	0.556	0.354	53.568	2559	1501
73	0.132	47.998	32.458	1.364	47.794	32.237	0.444	0.423	0.491	0.342	139.173	2262	1523
74	0.140	51.079	32.538	1.424	50.864	32.300	0.444	0.466	0.504	0.353	130.057	2407	1526
75	0.134	120.693	33.339	1.431	120.460	33.147	0.466	0.402	0.455	0.375	19.273	5703	1566
76	0.143	43.416	33.460	1.438	43.244	33.189	0.339	0.529	0.548	0.332	105.365	2048	1568
77	0.136	73.514	33.629	1.394	73.258	33.422	0.487	0.402	0.503	0.345	32.068	3474	1579
78	0.144	87.406	34.383	1.443	87.228	34.121	0.360	0.529	0.526	0.349	101.510	4127	1612
79	0.152	72.277	34.608	1.478	72.051	34.354	0.444	0.487	0.552	0.352	49.464	3417	1623
80	0.125	55.357	34.720	1.318	55.118	34.565	0.466	0.318	0.485	0.329	1.926	2610	1633
81	0.131	56.169	35.041	1.348	56.007	34.798	0.339	0.466	0.487	0.342	79.471	2651	1644
82	0.136	54.402	35.232	1.383	54.166	35.052	0.487	0.360	0.512	0.338	159.276	2563	1656
83	0.153	77.424	35.501	1.480	77.152	35.306	0.529	0.360	0.531	0.367	178.035	3656	1668
84	0.143	64.644	36.521	1.438	64.474	36.258	0.339	0.529	0.546	0.334	80.376	3052	1713
85	0.112	47.645	36.567	1.286	47.477	36.343	0.339	0.466	0.475	0.302	67.194	2252	1717
86	0.132	43.186	36.569	1.431	42.947	36.364	0.508	0.381	0.546	0.308	147.215	2033	1718
87	0.136	124.993	36.816	1.408	124.735	36.661	0.529	0.318	0.523	0.332	176.656	5898	1732
88	0.126	55.384	36.937	1.483	55.118	36.724	0.487	0.423	0.519	0.309	136.550	2610	1735
89	0.141	44.978	37.429	1.418	44.789	37.169	0.381	0.508	0.513	0.349	66.166	2125	1756
90	0.135	53.658	37.429	1.431	53.404	37.253	0.550	0.339	0.533	0.323	6.822	2535	1760
91	0.108	51.446	37.509	1.239	51.202	37.359	0.466	0.296	0.469	0.295	13.749	2427	1765
92	0.135	116.788	37.546	1.371	116.544	37.380	0.487	0.360	0.492	0.349	6.714	5513	1766
93	0.149	108.727	38.267	1.461	108.500	38.015	0.444	0.466	0.543	0.349	46.370	5137	1796
94	0.124	52.326	38.414	1.346	52.070	38.248	0.508	0.339	0.499	0.316	13.078	2472	1807
95	0.135	118.092	38.542	1.391	117.835	38.375	0.487	0.339	0.494	0.349	7.831	5575	1813
96	0.136	109.770	38.661	1.401	109.538	38.460	0.444	0.423	0.512	0.338	142.495	5179	1817
97	0.143	48.920	38.817	1.453	48.683	38.587	0.466	0.466	0.548	0.333	134.877	2305	1823
98	0.120	56.544	38.922	1.336	56.388	38.693	0.318	0.466	0.496	0.308	105.638	2665	1828
99	0.114	65.727	38.952	1.291	65.511	38.777	0.466	0.360	0.474	0.307	27.587	3105	1832
100	0.111	38.220	39.188	1.286	38.058	38.947	0.318	0.487	0.501	0.281	70.028	1807	1840
101	0.133	50.828	39.208	1.406	50.652	38.947	0.360	0.529	0.519	0.325	71.019	2401	1840
102	0.124	40.421	39.327	1.353	40.259	39.074	0.339	0.487	0.505	0.313	106.470	1907	1846
103	0.164	86.935	39.350	1.521	86.720	39.095	0.423	0.529	0.557	0.374	114.414	4101	1847
104	0.134	37.610	39.459	1.426	37.444	39.201	0.339	0.529	0.528	0.323	86.484	1774	1852
105	0.134	62.342	39.456	1.388	62.103	39.264	0.444	0.423	0.502	0.338	135.867	2936	1855
106	0.132	82.535	39.509	1.443	82.338	39.285	0.402	0.466	0.533	0.314	56.014	3900	1856
107	0.128	50.314	39.622	1.341	50.123	39.391	0.381	0.444	0.487	0.334	56.097	2380	1861
108	0.160	54.875	39.620	1.521	54.610	39.391	0.508	0.444	0.571	0.358	35.782	2595	1861
109	0.153	29.808	39.814	1.545	29.612	39.518	0.381	0.572	0.592	0.330	71.701	1409	1867
110	0.110	61.061	39.845	1.244	60.875	39.645	0.381	0.402	0.468	0.298	47.212	2886	1873
111	0.151	55.364	40.267	1.456	55.160	40.026	0.423	0.466	0.532	0.360	127.506	2608	1891
112	0.132	42.435	40.467	1.413	42.270	40.217	0.339	0.508	0.516	0.326	90.468	2002	1900
113	0.128	51.239	40.498	1.376	51.054	40.259	0.360	0.508	0.533	0.306	116.302	2415	1902
114	0.113	21.093	41.182	1.269	20.870	41.021	0.444	0.339	0.450	0.320	166.935	990	1938
115	0.146	61.645	41.692	1.480	61.468	41.402	0.339	0.550	0.548	0.339	88.354	2913	1956
116	0.114	74.289	41.796	1.281	74.041	41.656	0.487	0.296	0.489	0.296	176.385	3504	1968
117	0.143	90.835	42.022	1.448	90.614	41.783	0.444	0.466	0.538	0.338	50.514	4294	1974
118	0.121	125.547	42.008	1.306	125.349	41.825	0.402	0.381	0.465	0.330	35.227	5931	1976
119	0.135	29.780	42.107	1.431	29.570	41.889	0.423	0.444	0.527	0.326	51.914	1407	1979
120	0.135	32.349	42.822	1.436	32.152	42.587	0.402	0.508	0.514	0.335	66.215	1528	2012
121	0.155	50.898	42.987	1.503	50.673	42.736	0.444	0.487	0.555	0.355	51.911	2406	2019
122	0.161	71.730	42.981	1.545	71.459	42.778	0.550	0.402	0.573	0.357	154.437	3379	2021
123	0.150	70.992	43.075	1.443	70.802	42.820	0.381	0.508	0.547	0.348	65.438	3354	2023
124	0.118	36.978	43.252	1.291	36.788	43.053	0.402	0.423	0.457	0.330	47.863	1747	2034
125	0.121	100.829	43.285	1.329	100.626	43.074	0.402	0.423	0.475	0.323	47.108	4767	2035
126	0.142	59.572	43.596	1.473	59.394	43.328	0.360	0.529	0.544	0.332	77.091	2814	2047
127	0.160	52.861	43.802	1.565	52.684	43.519	0.339	0.593	0.601	0.340	90.209	2494	2056
128	0.153	106.926	43.989	1.508	106.701	43.730	0.423	0.529	0.567	0.344	120.051	5046	2066
129	0.133	54.742	44.311	1.480	54.568	44.069	0.381	0.487	0.532	0.317	113.340	2579	2082
130	0.092	101.124	44.539	1.159	100.965	44.323	0.318	0.423	0.424	0.277	62.512	4779	2094
131	0.138	22.053	44.679	1.406	21.802	44.492	0.508	0.381	0.507	0.345	157.879	1035	2102
132	0.147	36.860	44.909	1.486	36.576	44.725	0.550	0.360	0.566	0.332	14.305	1744	2113
133	0.155	80.411	44.950	1.563	80.137	44.725	0.529	0.444	0.595	0.333	35.989	3802	2113
134	0.145	71.875	45.017	1.468	71.628	44.831	0.508	0.360	0.523	0.353	165.247	3390	2118
135	0.154	114.489	45.174	1.521	114.300	44.916	0.381	0.572	0.524	0.375	81.398	5406	2122
136	0.136	73.667	45.428	1.436	73.470	45.170	0.402	0.508	0.555	0.311	123.360	3475	2134
137	0.155	44.807	45.358	1.480	44.535	45.191	0.550	0.339	0.568	0.348	177.832	2110	2135
138	0.147	79.750	45.594	1.448	79.502	45.381	0.487	0.423	0.517	0.362	30.091	3769	2144
139	0.151	71.052	45.692	1.480	70.866	45.424	0.360	0.529	0.519	0.369	96.460	3356	2146
140	0.179	49.733	46.187	1.625	49.551	45.868	0.360	0.614	0.625	0.365	81.047	2348	2167
141	0.114	61.614	46.137	1.359	61.468	45.889	0.296	0.529	0.513	0.283	90.891	2907	2168
142	0.123	31.742	46.258	1.299	31.560	46.038	0.360	0.444	0.473	0.330	63.018	1498	2175
143	0.121	81.465	46.599	1.371	81.301	46.376	0.339	0.508	0.500	0.307	70.868	3848	2191
144	0.133	50.947	46.953	1.359	50.736	46.736	0.423	0.423	0.456	0.371	132.931	2401	2208
145	0.138	59.081	47.493	1.426	58.907	47.223	0.339	0.529	0.545	0.322	73.923	2791	2231
146	0.149	88.971	47.611	1.503	88.731	47.392	0.487	0.444	0.556	0.342	37.517	4205	2239
147	0.155	106.914	47.626	1.491	106.659	47.413	0.508	0.423	0.548	0.361	149.915	5045	2240
148	0.103	31.692	47.677	1.184	31.475	47.519	0.423	0.318	0.421	0.312	21.133	1494	2245
149	0.146	43.313	47.731	1.413	43.074	47.540	0.487	0.381	0.496	0.374	12.096	2043	2246
150	0.151	89.587	47.799	1.473	89.344	47.562	0.466	0.444	0.506	0.381	36.075	4234	2247
151	0.151	103.200	48.209	1.453	102.976	47.985	0.487	0.444	0.491	0.391	150.205	4870	2267
152	0.193	119.413	48.176	1.667	119.105	47.985	0.614	0.381	0.633	0.387	8.938	5637	2267
153	0.127	50.490	48.280	1.371	50.229	48.112	0.508	0.339	0.496	0.325	12.970	2385	2273
154	0.177	41.145	48.522	1.660	40.915	48.239	0.444	0.550	0.601	0.376	61.555	1944	2279
155	0.142	58.037	48.768	1.443	57.785	48.578	0.508	0.381	0.552	0.327	27.650	2743	2295
156	0.152	35.917	48.868	1.515	35.645	48.683	0.550	0.360	0.555	0.350	4.370	1697	2300
157	0.142	36.578	48.955	1.431	36.386	48.704	0.381	0.508	0.525	0.346	117.937	1724	2301
158	0.136	68.892	49.768	1.401	68.707	49.509	0.381	0.487	0.526	0.329	118.319	3251	2339
159	0.147	37.616	50.163	1.493	37.444	49.890	0.339	0.550	0.574	0.327	101.731	1773	2357
160	0.158	45.335	50.165	1.568	45.022	49.953	0.593	0.402	0.595	0.337	23.061	2147	2360
161	0.133	41.772	50.315	1.486	41.592	50.059	0.381	0.529	0.525	0.322	63.414	1972	2365
162	0.118	46.162	50.681	1.364	45.910	50.525	0.508	0.318	0.493	0.305	178.366	2178	2387
163	0.127	55.258	50.952	1.371	55.033	50.758	0.466	0.381	0.519	0.312	146.029	2601	2398
164	0.155	30.814	51.155	1.545	30.565	50.927	0.508	0.444	0.579	0.341	30.723	1460	2406
165	0.146	77.200	51.158	1.431	76.941	50.990	0.529	0.360	0.520	0.356	175.035	3639	2409
166	0.161	51.776	51.337	1.540	51.583	51.054	0.381	0.550	0.558	0.368	98.055	2444	2412
167	0.170	58.618	51.323	1.538	58.357	51.096	0.508	0.466	0.569	0.381	139.287	2761	2414
168	0.083	17.866	51.616	1.159	17.716	51.414	0.296	0.423	0.426	0.249	73.817	844	2429
169	0.102	32.010	52.147	1.256	31.792	52.006	0.466	0.296	0.467	0.278	0.412	1506	2457
170	0.167	12.663	52.227	1.607	12.361	52.070	0.614	0.339	0.617	0.344	5.837	591	2460
171	0.125	120.120	52.352	1.341	119.930	52.134	0.402	0.423	0.498	0.320	128.514	5669	2463
172	0.145	30.293	52.540	1.473	30.120	52.260	0.360	0.550	0.548	0.336	97.563	1427	2469
173	0.146	41.216	52.592	1.543	41.021	52.345	0.444	0.529	0.470	0.394	51.220	1949	2473
174	0.133	36.161	52.763	1.359	35.962	52.536	0.402	0.444	0.510	0.331	127.382	1703	2482
175	0.147	11.001	53.186	1.478	10.732	52.980	0.508	0.423	0.520	0.359	154.624	516	2503
176	0.099	70.323	53.659	1.204	70.189	53.425	0.275	0.444	0.458	0.275	92.260	3319	2524
177	0.143	42.395	54.123	1.448	42.185	53.869	0.402	0.508	0.525	0.348	118.166	1999	2545
178	0.121	43.476	54.314	1.341	43.265	54.102	0.402	0.423	0.478	0.323	130.138	2050	2556
179	0.128	43.672	54.962	1.364	43.476	54.716	0.402	0.466	0.508	0.320	124.909	2060	2585
180	0.139	36.231	55.494	1.426	36.068	55.224	0.318	0.550	0.539	0.329	89.751	1710	2609
181	0.120	33.950	57.122	1.316	33.761	56.896	0.402	0.423	0.481	0.316	130.993	1598	2688
182	0.134	28.361	57.594	1.396	28.194	57.340	0.339	0.508	0.523	0.325	75.146	1339	2709
183	0.130	52.716	57.588	1.418	52.536	57.340	0.360	0.508	0.507	0.326	105.234	2487	2709
184	0.154	99.989	57.891	1.503	99.801	57.616	0.381	0.529	0.533	0.368	97.289	4721	2722
185	0.154	24.370	57.931	1.498	24.172	57.679	0.402	0.508	0.542	0.361	118.366	1147	2725
186	0.147	26.726	58.347	1.473	26.522	58.081	0.402	0.508	0.529	0.353	62.768	1262	2744
187	0.123	11.585	58.492	1.376	11.388	58.272	0.402	0.444	0.478	0.328	52.418	551	2753
188	0.138	37.465	58.786	1.466	37.274	58.526	0.381	0.550	0.548	0.320	67.224	1772	2765
189	0.123	43.424	58.990	1.336	43.265	58.759	0.339	0.466	0.474	0.331	107.161	2045	2776
190	0.147	11.675	59.016	1.448	11.430	58.822	0.508	0.402	0.542	0.345	29.237	550	2779
191	0.151	61.151	59.572	1.466	60.939	59.330	0.444	0.487	0.529	0.363	53.253	2890	2803
192	0.152	92.971	59.852	1.521	92.774	59.584	0.402	0.550	0.592	0.327	60.500	4394	2815
193	0.144	45.330	59.927	1.431	45.085	59.732	0.508	0.381	0.510	0.360	157.632	2135	2822
194	0.105	59.743	59.992	1.269	59.563	59.775	0.381	0.402	0.453	0.295	120.180	2818	2824
195	0.179	99.198	60.139	1.630	98.996	59.859	0.402	0.572	0.588	0.388	78.817	4684	2828
196	0.117	129.625	60.097	1.286	129.392	59.923	0.444	0.360	0.454	0.328	152.306	6119	2831
197	0.133	78.648	60.762	1.364	78.444	60.537	0.402	0.466	0.488	0.347	126.190	3712	2860
198	0.141	50.608	60.785	1.453	50.356	60.579	0.508	0.402	0.533	0.337	151.153	2383	2862
199	0.135	130.082	60.895	1.396	129.900	60.642	0.360	0.487	0.518	0.333	66.176	6147	2865
200	0.105	51.486	61.367	1.214	51.266	61.214	0.444	0.318	0.446	0.301	165.681	2427	2892
201	0.121	44.201	61.631	1.359	44.027	61.383	0.360	0.487	0.506	0.305	115.831	2085	2900
202	0.135	61.212	62.455	1.426	60.939	62.294	0.529	0.339	0.533	0.323	166.566	2883	2943
203	0.141	28.510	62.699	1.418	28.300	62.463	0.423	0.466	0.535	0.336	50.202	1349	2951
204	0.142	118.623	62.700	1.431	118.364	62.505	0.508	0.381	0.542	0.332	155.729	5597	2953
205	0.131	104.463	63.877	1.396	104.267	63.648	0.381	0.466	0.522	0.319	59.707	4934	3007
206	0.149	13.858	63.919	1.468	13.610	63.733	0.508	0.381	0.521	0.363	161.171	649	3011
207	0.134	54.688	64.293	1.364	54.483	64.072	0.402	0.466	0.477	0.357	118.831	2578	3027
208	0.165	75.188	64.339	1.543	74.930	64.093	0.508	0.487	0.586	0.358	42.419	3554	3028
209	0.127	69.328	64.592	1.318	69.109	64.431	0.444	0.339	0.464	0.348	179.452	3269	3044
210	0.108	59.520	64.907	1.261	59.309	64.728	0.444	0.360	0.427	0.321	10.155	2811	3058
211	0.125	66.923	64.958	1.341	66.696	64.791	0.487	0.339	0.475	0.335	174.936	3156	3061
212	0.141	65.988	65.810	1.413	65.722	65.638	0.508	0.360	0.514	0.348	171.606	3111	3101
213	0.109	11.643	65.968	1.219	11.451	65.765	0.381	0.402	0.415	0.334	49.098	550	3107
214	0.136	34.272	66.123	1.426	34.100	65.850	0.339	0.529	0.540	0.321	93.593	1617	3111
215	0.158	23.255	66.177	1.503	23.050	65.913	0.402	0.529	0.545	0.368	69.659	1098	3114
216	0.144	77.320	66.206	1.418	77.089	65.998	0.487	0.402	0.520	0.352	145.805	3645	3118
217	0.129	48.722	66.295	1.383	48.556	66.061	0.339	0.487	0.501	0.329	108.953	2296	3121
218	0.119	55.573	66.691	1.383	55.414	66.421	0.318	0.529	0.525	0.288	101.619	2623	3138
219	0.128	98.976	67.062	1.371	98.806	66.802	0.339	0.508	0.491	0.332	94.347	4674	3156
220	0.164	46.598	67.432	1.570	46.418	67.141	0.360	0.593	0.600	0.349	77.169	2202	3172
221	0.111	67.338	67.479	1.269	67.120	67.310	0.444	0.339	0.475	0.298	158.496	3174	3180
222	0.178	74.244	67.593	1.635	73.935	67.395	0.593	0.423	0.622	0.365	157.869	3498	3184
223	0.151	57.031	67.667	1.478	56.811	67.416	0.444	0.487	0.576	0.335	129.823	2688	3185
224	0.137	63.526	67.672	1.424	63.310	67.437	0.444	0.466	0.525	0.332	52.177	3002	3186
225	0.146	78.631	67.686	1.456	78.444	67.437	0.381	0.508	0.538	0.346	111.050	3709	3186
226	0.124	51.269	67.655	1.286	51.054	67.458	0.423	0.381	0.451	0.349	34.292	2421	3187
227	0.142	59.231	67.961	1.424	59.013	67.712	0.423	0.487	0.519	0.347	49.642	2801	3199
228	0.134	62.027	68.085	1.443	61.786	67.903	0.508	0.360	0.526	0.325	166.064	2925	3208
229	0.121	61.146	68.288	1.341	60.981	68.030	0.339	0.487	0.502	0.306	106.100	2886	3214
230	0.148	73.637	68.276	1.486	73.364	68.093	0.529	0.381	0.536	0.353	162.998	3471	3217
231	0.138	71.875	68.336	1.413	71.607	68.157	0.508	0.360	0.510	0.345	10.367	3397	3220
232	0.154	89.354	68.428	1.503	89.154	68.157	0.402	0.529	0.555	0.354	110.462	4218	3220
233	0.119	64.419	68.463	1.346	64.241	68.199	0.360	0.487	0.494	0.307	65.623	3045	3222
234	0.112	60.121	68.405	1.274	59.880	68.220	0.444	0.360	0.479	0.298	32.110	2842	3223
235	0.102	24.501	68.613	1.244	24.320	68.390	0.360	0.423	0.486	0.268	50.725	1162	3231
236	0.122	65.444	68.560	1.329	65.172	68.390	0.487	0.339	0.477	0.326	12.582	3092	3231
237	0.125	57.402	68.678	1.334	57.192	68.453	0.402	0.444	0.482	0.331	50.362	2714	3234
238	0.142	61.748	68.697	1.428	61.574	68.453	0.339	0.487	0.516	0.352	97.906	2913	3234
239	0.146	71.220	68.709	1.448	70.972	68.474	0.466	0.444	0.540	0.344	42.640	3367	3235
240	0.135	53.311	68.748	1.406	53.128	68.495	0.360	0.529	0.516	0.334	73.379	2518	3236
241	0.132	56.585	68.724	1.406	56.324	68.538	0.487	0.402	0.525	0.320	145.428	2666	3238
242	0.125	70.221	68.855	1.329	69.998	68.665	0.444	0.381	0.468	0.340	146.970	3310	3244
243	0.144	50.321	69.438	1.456	50.059	69.278	0.550	0.339	0.550	0.334	2.922	2371	3273
244	0.134	60.609	69.593	1.378	60.452	69.342	0.318	0.508	0.521	0.328	95.290	2859	3276
245	0.143	72.972	69.572	1.448	72.729	69.342	0.466	0.444	0.538	0.339	43.625	3450	3276
246	0.108	41.480	69.632	1.234	41.338	69.406	0.296	0.444	0.460	0.300	100.077	1955	3279
247	0.126	56.817	69.660	1.341	56.600	69.469	0.466	0.360	0.490	0.327	156.010	2679	3282
248	0.135	54.730	69.756	1.413	54.525	69.490	0.381	0.487	0.508	0.338	61.411	2589	3283
249	0.138	59.315	69.781	1.431	59.118	69.532	0.402	0.487	0.516	0.341	118.603	2800	3285
250	0.154	105.347	69.784	1.503	105.135	69.532	0.423	0.508	0.557	0.352	61.027	4977	3285
251	0.140	61.470	69.755	1.431	61.235	69.554	0.487	0.402	0.536	0.333	153.926	2898	3286
252	0.133	86.141	69.850	1.443	85.958	69.596	0.360	0.529	0.543	0.312	69.738	4070	3288
253	0.137	58.534	69.917	1.443	58.378	69.617	0.318	0.572	0.549	0.317	85.658	2764	3289
254	0.153	58.068	69.865	1.533	57.806	69.638	0.508	0.444	0.592	0.328	37.245	2746	3290
255	0.135	50.693	69.855	1.401	50.461	69.660	0.466	0.402	0.523	0.328	33.529	2395	3291
256	0.118	58.983	69.961	1.329	58.801	69.723	0.360	0.466	0.497	0.303	111.789	2782	3294
257	0.134	55.696	70.038	1.353	55.499	69.829	0.402	0.423	0.437	0.389	120.857	2630	3299
258	0.124	52.768	70.117	1.316	52.536	69.935	0.466	0.360	0.496	0.318	27.009	2493	3304
259	0.134	49.594	70.198	1.411	49.361	69.977	0.466	0.423	0.507	0.335	140.721	2338	3306
260	0.151	66.219	70.241	1.478	66.040	69.977	0.381	0.550	0.541	0.355	71.737	3128	3306
261	0.147	54.122	70.441	1.456	53.890	70.231	0.487	0.402	0.530	0.352	151.468	2548	3318
262	0.107	46.344	70.508	1.214	46.186	70.294	0.339	0.423	0.444	0.306	117.574	2184	3321
263	0.134	51.150	70.510	1.401	50.906	70.316	0.444	0.423	0.516	0.331	135.852	2409	3322
264	0.177	57.573	70.565	1.610	57.319	70.316	0.529	0.487	0.615	0.365	140.413	2711	3322
265	0.138	63.847	70.693	1.406	63.606	70.506	0.487	0.381	0.503	0.348	159.119	3011	3331
266	0.155	65.199	70.781	1.503	64.982	70.527	0.423	0.508	0.540	0.364	59.097	3080	3332
267	0.099	68.270	70.809	1.154	68.093	70.633	0.360	0.360	0.401	0.313	136.301	3219	3337
268	0.161	69.495	70.826	1.553	69.194	70.654	0.593	0.339	0.587	0.350	0.869	3279	3338
269	0.157	54.029	70.994	1.521	53.763	70.781	0.529	0.423	0.565	0.353	153.349	2546	3344
270	0.126	59.983	70.975	1.376	59.711	70.802	0.529	0.339	0.501	0.321	8.841	2834	3345
271	0.142	87.720	71.040	1.503	87.524	70.802	0.402	0.529	0.546	0.330	57.824	4145	3345
272	0.134	52.531	71.080	1.401	52.282	70.887	0.487	0.381	0.514	0.331	26.269	2483	3349
273	0.132	56.668	71.127	1.341	56.452	70.930	0.423	0.402	0.495	0.338	141.471	2670	3351
274	0.143	65.783	71.524	1.461	65.596	71.268	0.381	0.508	0.533	0.343	64.137	3108	3367
275	0.126	57.169	71.531	1.353	57.002	71.289	0.339	0.487	0.517	0.311	67.500	2700	3368
276	0.103	56.230	71.600	1.256	56.070	71.374	0.318	0.466	0.450	0.293	95.889	2655	3372
277	0.147	40.361	71.657	1.448	40.174	71.395	0.381	0.529	0.530	0.353	106.660	1902	3373
278	0.142	39.753	71.832	1.450	39.582	71.564	0.339	0.529	0.535	0.339	98.876	1877	3381
279	0.126	43.710	71.857	1.391	43.540	71.607	0.318	0.508	0.522	0.308	94.946	2062	3383
280	0.109	31.208	71.854	1.309	31.009	71.628	0.423	0.423	0.510	0.272	135.767	1467	3384
281	0.109	46.529	71.876	1.281	46.376	71.628	0.318	0.466	0.459	0.302	92.257	2194	3384
282	0.158	78.704	71.923	1.570	78.380	71.734	0.593	0.360	0.546	0.369	6.109	3714	3389
283	0.124	57.465	72.163	1.329	57.277	71.946	0.381	0.444	0.442	0.357	71.324	2712	3399
284	0.142	56.199	72.148	1.413	55.944	71.967	0.508	0.360	0.530	0.342	162.308	2648	3400
285	0.123	32.640	72.165	1.371	32.406	71.988	0.487	0.360	0.466	0.336	21.524	1543	3401
286	0.137	37.805	72.250	1.394	37.592	72.030	0.423	0.466	0.514	0.338	127.929	1779	3403
287	0.159	36.685	72.296	1.533	36.407	72.094	0.550	0.402	0.578	0.351	24.795	1735	3406
288	0.140	40.673	72.272	1.473	40.365	72.115	0.572	0.339	0.541	0.329	175.103	1916	3407
289	0.167	55.878	72.492	1.600	55.690	72.200	0.381	0.593	0.622	0.342	106.821	2634	3411
290	0.137	52.417	72.425	1.388	52.176	72.221	0.466	0.402	0.502	0.348	32.889	2477	3412
291	0.138	60.235	72.427	1.413	59.986	72.242	0.508	0.360	0.539	0.326	159.052	2838	3413
292	0.051	11.330	72.402	0.925	11.155	72.284	0.339	0.233	0.347	0.187	23.712	537	3415
293	0.149	45.343	72.581	1.478	45.106	72.348	0.466	0.466	0.560	0.338	133.189	2135	3418
294	0.129	88.074	72.588	1.406	87.884	72.348	0.381	0.487	0.521	0.315	115.276	4155	3418
295	0.153	55.352	72.661	1.515	55.182	72.369	0.339	0.572	0.569	0.343	96.082	2614	3419
296	0.114	85.479	72.696	1.294	85.344	72.454	0.296	0.487	0.489	0.296	92.929	4035	3423
297	0.129	48.115	72.655	1.366	47.879	72.475	0.466	0.360	0.511	0.320	22.750	2274	3424
298	0.118	50.415	72.776	1.311	50.250	72.538	0.339	0.466	0.479	0.315	112.555	2379	3427
299	0.134	58.646	72.708	1.401	58.399	72.538	0.508	0.360	0.491	0.347	9.616	2771	3427
300	0.162	54.161	72.909	1.545	53.954	72.623	0.402	0.550	0.579	0.356	66.168	2559	3431
301	0.147	80.658	72.864	1.466	80.412	72.644	0.508	0.423	0.523	0.358	149.021	3806	3432
302	0.151	41.989	72.884	1.461	41.762	72.665	0.466	0.444	0.503	0.381	32.435	1985	3433
303	0.145	35.336	73.018	1.468	35.073	72.834	0.529	0.360	0.557	0.331	164.605	1666	3441
304	0.146	49.528	73.079	1.491	49.276	72.877	0.550	0.381	0.555	0.335	158.086	2332	3443
305	0.121	42.287	73.270	1.286	42.101	73.067	0.381	0.423	0.458	0.336	53.559	1997	3452
306	0.134	51.183	73.337	1.413	50.927	73.173	0.529	0.339	0.511	0.335	10.826	2415	3457
307	0.138	65.489	73.355	1.396	65.236	73.173	0.487	0.360	0.515	0.341	159.042	3087	3457
308	0.138	62.858	73.475	1.408	62.611	73.300	0.487	0.360	0.519	0.339	18.511	2969	3463
309	0.128	52.922	73.650	1.346	52.726	73.406	0.381	0.466	0.494	0.331	60.983	2502	3468
310	0.133	54.999	73.819	1.353	54.800	73.596	0.381	0.444	0.475	0.356	65.478	2597	3477
311	0.151	40.252	73.904	1.526	39.984	73.702	0.572	0.402	0.571	0.337	159.164	1895	3482
312	0.135	36.744	73.966	1.401	36.512	73.766	0.466	0.402	0.528	0.326	144.417	1728	3485
313	0.159	61.235	73.996	1.563	60.981	73.766	0.529	0.444	0.595	0.341	33.572	2899	3485
314	0.129	43.881	74.067	1.418	43.667	73.829	0.423	0.466	0.530	0.309	54.362	2075	3488
315	0.122	41.393	74.032	1.341	41.148	73.872	0.508	0.318	0.517	0.300	166.503	1948	3490
316	0.140	68.405	74.131	1.413	68.157	73.935	0.487	0.381	0.518	0.345	21.964	3234	3493
317	0.165	57.746	74.217	1.528	57.489	73.999	0.487	0.444	0.532	0.395	28.149	2730	3496
318	0.144	38.708	74.273	1.471	38.439	74.062	0.529	0.423	0.552	0.332	30.921	1831	3499
319	0.104	62.516	74.241	1.232	62.272	74.083	0.444	0.339	0.469	0.282	151.249	2946	3500
320	0.134	37.859	74.377	1.406	37.677	74.126	0.360	0.529	0.509	0.334	105.735	1785	3502
321	0.113	78.513	74.455	1.274	78.317	74.253	0.381	0.423	0.483	0.299	127.578	3702	3508
322	0.143	49.427	74.470	1.456	49.170	74.295	0.529	0.360	0.536	0.341	164.135	2328	3510
323	0.149	64.112	74.524	1.461	63.881	74.295	0.466	0.444	0.552	0.344	140.718	3022	3510
324	0.151	65.731	74.492	1.503	65.468	74.295	0.529	0.402	0.552	0.350	22.401	3107	3510
325	0.147	35.645	74.639	1.521	35.454	74.380	0.402	0.508	0.519	0.362	72.718	1683	3514
326	0.136	87.834	74.567	1.388	87.588	74.380	0.487	0.381	0.528	0.327	150.787	4141	3514
327	0.148	40.696	74.680	1.498	40.428	74.507	0.550	0.360	0.550	0.342	167.117	1914	3520
328	0.136	58.104	74.723	1.388	57.891	74.507	0.423	0.444	0.493	0.352	45.096	2745	3520
329	0.113	53.948	74.730	1.234	53.763	74.549	0.360	0.381	0.385	0.375	91.057	2545	3522
330	0.140	119.741	74.816	1.448	119.528	74.570	0.423	0.487	0.530	0.337	122.461	5653	3523
331	0.129	34.645	74.895	1.401	34.480	74.612	0.339	0.529	0.521	0.314	103.830	1634	3525
332	0.175	43.622	74.884	1.660	43.413	74.612	0.444	0.572	0.620	0.360	59.405	2062	3525
333	0.140	84.222	74.884	1.483	83.947	74.676	0.529	0.402	0.531	0.336	19.695	3983	3528
334	0.130	39.816	74.884	1.426	39.539	74.718	0.550	0.318	0.552	0.300	175.219	1880	3530
335	0.132	84.981	75.021	1.438	84.815	74.761	0.339	0.529	0.544	0.309	104.743	4011	3532
336	0.152	37.355	74.974	1.443	37.105	74.782	0.508	0.381	0.524	0.369	163.665	1758	3533
337	0.141	53.253	75.225	1.448	53.022	74.994	0.466	0.444	0.526	0.340	140.982	2508	3543
338	0.127	62.254	75.244	1.346	62.061	75.015	0.402	0.444	0.510	0.317	126.381	2935	3544
339	0.143	49.253	75.268	1.473	48.980	75.078	0.529	0.381	0.541	0.338	19.804	2327	3547
340	0.134	50.940	75.356	1.378	50.694	75.184	0.487	0.339	0.506	0.337	9.659	2404	3552
341	0.131	40.341	75.421	1.359	40.111	75.226	0.466	0.381	0.513	0.326	151.466	1899	3554
342	0.132	63.718	75.445	1.383	63.500	75.248	0.444	0.402	0.517	0.325	141.442	3001	3555
343	0.142	36.811	75.595	1.486	36.640	75.290	0.339	0.572	0.560	0.324	76.798	1740	3557
344	0.158	54.633	75.563	1.528	54.441	75.290	0.381	0.550	0.565	0.356	103.330	2579	3557
345	0.124	37.629	75.593	1.323	37.402	75.417	0.466	0.339	0.468	0.338	1.788	1775	3563
346	0.130	104.604	75.601	1.341	104.373	75.417	0.466	0.360	0.487	0.340	159.470	4936	3563
347	0.108	39.704	75.621	1.191	39.539	75.438	0.339	0.381	0.411	0.333	65.431	1872	3564
348	0.159	52.305	75.749	1.498	52.112	75.480	0.381	0.529	0.540	0.375	104.325	2468	3566
349	0.149	59.232	75.774	1.515	59.034	75.502	0.402	0.529	0.582	0.326	63.123	2799	3567
350	0.144	85.164	75.764	1.503	84.921	75.523	0.466	0.466	0.547	0.335	39.198	4032	3568
351	0.139	47.927	75.812	1.448	47.731	75.565	0.402	0.508	0.558	0.318	121.000	2257	3570
352	0.133	56.719	75.855	1.408	56.557	75.607	0.339	0.487	0.493	0.343	88.374	2675	3572
353	0.138	59.833	75.902	1.443	59.669	75.650	0.339	0.508	0.521	0.337	92.032	2823	3574
354	0.149	69.880	76.161	1.496	69.638	75.925	0.487	0.466	0.557	0.341	142.695	3297	3587
355	0.143	105.596	76.163	1.424	105.346	75.946	0.487	0.423	0.529	0.344	32.874	4991	3588
356	0.150	38.169	76.249	1.503	37.888	76.052	0.550	0.381	0.569	0.335	19.581	1807	3593
357	0.140	37.222	76.261	1.406	36.957	76.073	0.508	0.381	0.515	0.345	157.707	1751	3594
358	0.148	53.892	76.564	1.426	53.636	76.390	0.508	0.360	0.519	0.363	6.948	2542	3609
359	0.149	39.424	76.666	1.526	39.201	76.412	0.466	0.508	0.607	0.312	130.614	1855	3610
360	0.138	37.025	76.607	1.426	36.788	76.433	0.487	0.360	0.516	0.341	164.540	1740	3611
361	0.122	63.505	76.683	1.351	63.331	76.433	0.360	0.487	0.464	0.334	89.293	2999	3611
362	0.092	67.520	76.697	1.221	67.352	76.496	0.339	0.402	0.447	0.263	59.871	3193	3614
363	0.127	40.780	76.875	1.376	40.576	76.645	0.402	0.466	0.518	0.313	129.616	1919	3621
364	0.137	56.904	76.838	1.448	56.663	76.645	0.487	0.402	0.517	0.337	151.364	2678	3621
365	0.159	38.300	76.892	1.526	38.037	76.666	0.529	0.444	0.573	0.352	143.240	1801	3622
366	0.159	101.393	76.889	1.515	101.113	76.708	0.572	0.360	0.573	0.352	5.186	4790	3624
367	0.141	104.372	76.913	1.443	104.098	76.750	0.550	0.339	0.541	0.332	3.382	4926	3626
368	0.164	53.892	77.122	1.558	53.615	76.920	0.550	0.402	0.586	0.355	158.088	2538	3634
369	0.165	60.586	77.245	1.575	60.410	76.941	0.360	0.593	0.592	0.355	92.962	2862	3635
370	0.153	70.508	77.249	1.551	70.316	76.983	0.402	0.572	0.580	0.337	63.951	3332	3637
371	0.131	37.632	77.428	1.364	37.423	77.195	0.423	0.444	0.505	0.330	50.662	1780	3647
372	0.149	107.417	77.398	1.483	107.146	77.195	0.529	0.423	0.554	0.343	152.620	5068	3647
373	0.131	47.860	77.511	1.396	47.667	77.280	0.381	0.466	0.521	0.320	121.496	2252	3651
374	0.116	55.449	77.498	1.323	55.245	77.301	0.402	0.402	0.484	0.304	48.075	2619	3652
375	0.159	42.587	77.725	1.540	42.312	77.534	0.550	0.381	0.596	0.340	159.450	2003	3663
376	0.150	47.041	77.793	1.480	46.863	77.534	0.381	0.508	0.537	0.355	71.689	2220	3663
377	0.142	57.092	77.998	1.431	56.896	77.745	0.381	0.508	0.536	0.337	114.996	2693	3673
378	0.159	50.623	78.061	1.515	50.419	77.788	0.402	0.529	0.539	0.375	70.918	2390	3675
379	0.128	106.752	78.007	1.359	106.511	77.830	0.487	0.360	0.503	0.325	20.443	5044	3677
380	0.116	51.939	78.087	1.286	51.752	77.872	0.381	0.423	0.443	0.334	118.055	2449	3679
381	0.135	110.286	78.131	1.431	110.109	77.872	0.360	0.529	0.524	0.329	78.629	5209	3679
382	0.123	44.284	78.183	1.311	44.048	78.020	0.466	0.339	0.474	0.331	1.943	2088	3686
383	0.138	96.668	78.325	1.426	96.435	78.126	0.487	0.381	0.526	0.335	148.554	4559	3691
384	0.134	76.751	78.552	1.401	76.496	78.359	0.487	0.381	0.524	0.326	152.697	3620	3702
385	0.155	61.348	78.591	1.480	61.087	78.401	0.508	0.381	0.517	0.382	8.130	2898	3704
386	0.137	96.354	78.646	1.453	96.139	78.401	0.444	0.487	0.552	0.316	132.095	4546	3704
387	0.127	35.911	78.688	1.323	35.729	78.444	0.339	0.466	0.479	0.338	75.464	1697	3706
388	0.141	41.619	78.785	1.431	41.423	78.528	0.402	0.487	0.534	0.336	123.669	1962	3710
389	0.134	58.826	78.745	1.376	58.610	78.528	0.402	0.466	0.482	0.355	123.754	2775	3710
390	0.171	50.725	78.801	1.600	50.440	78.613	0.593	0.381	0.610	0.357	163.670	2387	3714
391	0.126	42.462	78.831	1.353	42.249	78.634	0.402	0.423	0.487	0.329	125.460	1998	3715
392	0.168	74.725	78.935	1.540	74.528	78.655	0.381	0.550	0.558	0.384	87.567	3528	3716
393	0.154	117.020	78.859	1.486	116.755	78.676	0.550	0.360	0.556	0.353	170.343	5522	3717
394	0.147	47.738	79.032	1.456	47.477	78.846	0.529	0.360	0.513	0.366	174.438	2249	3725
395	0.171	51.622	79.125	1.600	51.393	78.846	0.444	0.529	0.588	0.371	55.260	2442	3725
396	0.146	98.635	79.118	1.448	98.383	78.909	0.487	0.423	0.537	0.346	143.855	4651	3728
397	0.128	53.212	79.235	1.346	53.022	78.994	0.381	0.466	0.483	0.337	61.512	2513	3732
398	0.145	35.099	79.285	1.448	34.862	79.079	0.487	0.423	0.510	0.362	34.718	1659	3736
399	0.127	38.209	79.436	1.359	37.994	79.206	0.402	0.444	0.482	0.336	58.524	1806	3742
400	0.143	45.434	79.371	1.443	45.170	79.206	0.529	0.360	0.517	0.353	169.994	2139	3742
401	0.136	128.994	79.454	1.396	128.820	79.206	0.339	0.508	0.521	0.333	78.852	6093	3742
402	0.102	43.747	79.517	1.256	43.603	79.290	0.296	0.487	0.466	0.278	85.862	2065	3746
403	0.156	41.182	79.596	1.528	40.979	79.333	0.423	0.508	0.564	0.353	117.627	1942	3748
404	0.133	67.839	79.516	1.383	67.585	79.354	0.508	0.339	0.504	0.335	168.170	3196	3749
405	0.160	37.155	80.108	1.580	36.894	79.862	0.508	0.487	0.609	0.335	39.972	1763	3773
406	0.147	49.129	80.160	1.528	48.853	79.968	0.550	0.381	0.587	0.320	158.989	2309	3778
407	0.146	45.378	80.313	1.503	45.085	80.137	0.572	0.360	0.568	0.327	16.277	2144	3786
408	0.134	111.099	80.446	1.401	110.871	80.222	0.444	0.423	0.507	0.336	42.182	5249	3790
409	0.133	77.899	80.515	1.443	77.745	80.243	0.318	0.550	0.543	0.311	78.230	3680	3791
410	0.155	98.241	80.550	1.545	98.023	80.285	0.423	0.508	0.558	0.353	62.993	4641	3793
411	0.131	38.633	80.689	1.381	38.396	80.497	0.466	0.381	0.469	0.356	13.930	1824	3803
412	0.157	102.746	80.904	1.498	102.489	80.708	0.529	0.381	0.543	0.368	171.051	4852	3813
413	0.148	62.621	80.958	1.456	62.357	80.793	0.550	0.339	0.558	0.338	6.713	2954	3817
414	0.159	72.068	81.077	1.545	71.861	80.793	0.402	0.550	0.569	0.357	112.441	3402	3817
415	0.133	47.681	81.215	1.431	47.498	80.962	0.360	0.508	0.548	0.309	111.744	2246	3825
416	0.129	115.200	81.398	1.364	114.998	81.174	0.444	0.423	0.498	0.329	140.170	5437	3835
417	0.157	36.023	81.929	1.533	35.835	81.640	0.381	0.572	0.585	0.342	110.150	1699	3857
418	0.138	64.055	81.917	1.406	63.860	81.661	0.381	0.508	0.505	0.347	69.891	3025	3858
419	0.157	50.902	82.098	1.545	50.715	81.809	0.381	0.572	0.569	0.351	105.510	2401	3865
420	0.149	40.958	82.262	1.478	40.767	81.978	0.381	0.550	0.548	0.346	107.386	1932	3873
421	0.166	106.555	82.245	1.623	106.257	82.042	0.593	0.402	0.609	0.346	158.718	5028	3876
422	0.127	35.412	82.490	1.388	35.242	82.254	0.339	0.487	0.479	0.337	91.554	1671	3886
423	0.130	62.851	82.475	1.346	62.632	82.275	0.444	0.402	0.489	0.339	32.866	2971	3887
424	0.141	43.086	82.683	1.401	42.862	82.465	0.444	0.423	0.525	0.341	38.614	2037	3896
425	0.135	42.364	83.457	1.388	42.185	83.206	0.360	0.508	0.507	0.340	105.180	1998	3931
426	0.121	51.399	83.761	1.294	51.244	83.524	0.318	0.466	0.463	0.334	92.394	2427	3946
427	0.159	124.974	83.851	1.543	124.735	83.587	0.487	0.508	0.595	0.339	133.853	5897	3949
428	0.143	62.580	84.171	1.456	62.399	83.926	0.381	0.508	0.554	0.329	62.821	2956	3965
429	0.149	26.335	84.526	1.438	26.077	84.349	0.508	0.360	0.522	0.364	172.192	1238	3985
430	0.137	47.885	84.600	1.418	47.667	84.370	0.423	0.466	0.542	0.321	127.364	2255	3986
431	0.118	50.447	84.683	1.348	50.292	84.434	0.318	0.487	0.504	0.299	99.507	2381	3989
432	0.134	110.239	85.463	1.378	109.982	85.302	0.508	0.318	0.520	0.327	3.538	5204	4030
433	0.112	93.656	85.903	1.353	93.493	85.662	0.296	0.529	0.502	0.283	91.225	4423	4047
434	0.169	42.998	86.192	1.605	42.736	85.937	0.508	0.487	0.588	0.366	39.239	2040	4060
435	0.107	121.031	87.006	1.196	120.862	86.804	0.339	0.402	0.410	0.333	100.216	5715	4101
436	0.121	105.018	87.898	1.316	104.817	87.672	0.381	0.444	0.474	0.326	56.875	4962	4142
437	0.153	26.930	88.060	1.515	26.734	87.820	0.402	0.487	0.537	0.363	61.276	1273	4149
438	0.150	121.496	88.079	1.491	121.264	87.863	0.487	0.444	0.541	0.353	33.728	5741	4151
439	0.104	44.529	89.456	1.196	44.365	89.239	0.318	0.423	0.427	0.310	82.534	2102	4216
440	0.152	39.891	90.293	1.503	39.688	90.022	0.402	0.529	0.573	0.337	116.101	1880	4253
441	0.142	120.354	90.916	1.418	120.100	90.742	0.508	0.360	0.510	0.354	168.277	5679	4287
442	0.138	127.156	91.297	1.421	127	91.038	0.318	0.529	0.533	0.329	81.597	6006	4301
443	0.116	36.710	91.315	1.316	36.512	91.101	0.402	0.423	0.486	0.305	44.964	1739	4304
444	0.136	73.019	91.401	1.438	72.877	91.122	0.318	0.550	0.556	0.312	91.950	3446	4305
445	0.130	88.336	91.705	1.401	88.096	91.504	0.466	0.402	0.522	0.318	146.195	4164	4323
446	0.147	11.220	92.084	1.443	10.964	91.906	0.529	0.360	0.526	0.354	7.581	526	4342
447	0.119	99.510	92.821	1.329	99.314	92.604	0.402	0.423	0.497	0.305	48.974	4703	4375
448	0.139	47.255	93.204	1.510	47.096	92.922	0.339	0.550	0.555	0.320	96.064	2230	4390
449	0.127	96.826	93.214	1.359	96.626	92.985	0.402	0.444	0.492	0.328	57.724	4575	4393
450	0.136	13.652	93.229	1.421	13.398	93.070	0.508	0.339	0.537	0.323	171.150	639	4397
451	0.158	123.970	93.485	1.515	123.740	93.260	0.466	0.466	0.561	0.359	43.246	5858	4406
452	0.115	91.295	93.800	1.286	91.122	93.557	0.339	0.466	0.444	0.329	83.753	4312	4420
453	0.154	66.113	93.951	1.503	65.934	93.662	0.381	0.550	0.551	0.355	104.163	3119	4425
454	0.125	46.987	94.531	1.366	46.736	94.361	0.508	0.318	0.510	0.312	3.181	2221	4458
455	0.155	117.972	95.291	1.456	117.729	95.102	0.508	0.381	0.530	0.373	14.707	5570	4493
456	0.124	62.471	95.827	1.341	62.315	95.589	0.318	0.508	0.503	0.313	81.461	2949	4516
457	0.135	64.253	95.925	1.473	64.029	95.694	0.444	0.466	0.552	0.311	134.880	3025	4521
458	0.142	81.777	96.342	1.443	81.534	96.139	0.487	0.402	0.519	0.349	32.011	3864	4542
459	0.162	73.591	96.544	1.545	73.300	96.351	0.572	0.381	0.584	0.352	172.313	3472	4552
460	0.127	70.291	97.419	1.329	70.083	97.218	0.423	0.402	0.489	0.331	138.038	3313	4593
461	0.125	52.732	97.492	1.336	52.557	97.261	0.339	0.466	0.498	0.320	113.073	2486	4595
462	0.123	79.855	97.796	1.316	79.650	97.578	0.402	0.423	0.488	0.322	48.454	3774	4610
463	0.130	97.703	97.825	1.394	97.451	97.621	0.487	0.402	0.506	0.327	152.382	4614	4612
464	0.095	101.190	97.954	1.167	101.007	97.769	0.339	0.360	0.388	0.311	50.024	4782	4619
465	0.134	105.478	98.291	1.378	105.220	98.129	0.508	0.318	0.517	0.330	175.654	4977	4636
466	0.126	70.636	98.505	1.299	70.422	98.319	0.444	0.360	0.459	0.350	16.947	3336	4645
467	0.150	114.929	98.654	1.468	114.681	98.467	0.508	0.381	0.547	0.349	22.641	5428	4652
468	0.145	103.736	99.041	1.436	103.463	98.848	0.529	0.381	0.513	0.360	170.744	4896	4670
469	0.137	65.324	99.181	1.376	65.088	98.975	0.444	0.423	0.498	0.350	138.264	3081	4676
470	0.160	10.835	99.399	1.531	10.541	99.187	0.550	0.444	0.538	0.380	151.152	507	4686
471	0.157	13.524	99.794	1.558	13.229	99.610	0.572	0.360	0.564	0.354	176.614	638	4706
472	0.122	71.909	100.981	1.311	71.692	100.796	0.423	0.381	0.442	0.352	13.936	3398	4762
473	0.116	109.529	100.990	1.316	109.284	100.817	0.487	0.339	0.494	0.298	22.139	5177	4763
474	0.136	40.798	101.239	1.431	40.598	100.965	0.381	0.508	0.528	0.327	62.625	1930	4770
475	0.151	54.134	101.279	1.515	53.954	100.965	0.360	0.572	0.553	0.347	94.095	2554	4770
476	0.168	90.047	101.322	1.607	89.747	101.156	0.614	0.339	0.627	0.342	8.128	4250	4779
477	0.124	32.905	101.565	1.329	32.702	101.346	0.402	0.423	0.498	0.316	129.807	1547	4788
478	0.138	109.229	101.567	1.408	108.987	101.388	0.487	0.360	0.508	0.347	158.353	5151	4790
479	0.118	96.938	101.806	1.353	96.689	101.664	0.529	0.296	0.522	0.289	4.219	4574	4803
480	0.130	103.830	102.400	1.346	103.611	102.193	0.423	0.423	0.478	0.346	45.337	4904	4828
481	0.125	43.253	102.825	1.346	43.074	102.574	0.360	0.487	0.491	0.325	112.051	2039	4846
482	0.143	71.024	102.836	1.461	70.781	102.637	0.487	0.423	0.530	0.344	148.275	3348	4849
483	0.118	116.638	102.831	1.256	116.438	102.637	0.402	0.381	0.401	0.376	16.009	5509	4849
484	0.143	59.419	104.256	1.466	59.224	103.971	0.423	0.508	0.535	0.341	122.312	2802	4912
485	0.130	103.669	104.779	1.329	103.463	104.584	0.423	0.402	0.444	0.372	140.488	4892	4941
486	0.154	72.724	104.918	1.551	72.432	104.690	0.550	0.423	0.591	0.332	28.832	3441	4946
487	0.134	123.109	105.054	1.406	122.936	104.775	0.360	0.529	0.531	0.320	107.409	5813	4950
488	0.088	26.873	104.977	1.082	26.691	104.817	0.360	0.318	0.356	0.315	174.485	1268	4952
489	0.108	100.102	105.367	1.216	99.907	105.198	0.381	0.339	0.427	0.321	147.428	4724	4970
490	0.148	70.568	106.135	1.493	70.316	105.939	0.508	0.381	0.545	0.345	23.288	3337	5005
491	0.122	105.811	106.380	1.311	105.600	106.193	0.423	0.381	0.461	0.337	146.914	4993	5017
492	0.136	62.790	106.850	1.418	62.548	106.638	0.466	0.423	0.509	0.341	148.049	2961	5038
493	0.150	46.602	107.265	1.480	46.355	107.082	0.487	0.381	0.509	0.374	177.237	2197	5059
494	0.130	93.508	107.471	1.438	93.345	107.209	0.318	0.550	0.548	0.303	79.089	4417	5065
495	0.118	37.488	107.519	1.269	37.317	107.294	0.339	0.444	0.452	0.333	77.895	1770	5069
496	0.140	61.520	107.567	1.448	61.278	107.357	0.487	0.423	0.534	0.334	147.260	2900	5072
497	0.117	129.433	107.610	1.251	129.222	107.442	0.423	0.339	0.439	0.339	11.838	6113	5076
498	0.145	94.869	108.616	1.486	94.678	108.352	0.360	0.529	0.550	0.336	104.033	4478	5119
499	0.126	69.037	108.877	1.359	68.792	108.712	0.487	0.339	0.488	0.330	3.262	3259	5136
500	0.146	57.205	109.147	1.498	56.938	108.966	0.529	0.381	0.576	0.322	155.813	2692	5148
501	0.134	120.909	109.368	1.413	120.671	109.157	0.444	0.423	0.504	0.338	36.481	5716	5157
502	0.171	90.670	109.400	1.623	90.403	109.178	0.529	0.444	0.589	0.369	147.197	4276	5158
503	0.119	81.262	109.436	1.299	81.026	109.262	0.466	0.339	0.468	0.324	167.881	3834	5162
504	0.142	116.263	109.562	1.441	116.014	109.368	0.508	0.402	0.498	0.363	154.709	5488	5167
505	0.093	57.494	109.614	1.167	57.362	109.389	0.275	0.444	0.438	0.271	99.908	2713	5168
506	0.098	84.429	109.602	1.184	84.264	109.389	0.318	0.423	0.436	0.285	110.345	3986	5168
507	0.138	42.416	109.931	1.418	42.206	109.707	0.423	0.466	0.531	0.332	50.854	2004	5183
508	0.112	31.402	110.186	1.304	31.221	109.940	0.360	0.466	0.497	0.286	60.211	1485	5194
509	0.116	81.213	110.328	1.304	80.984	110.151	0.466	0.360	0.470	0.313	156.407	3834	5204
510	0.161	63.288	111.085	1.508	63.056	110.850	0.466	0.487	0.577	0.355	133.200	2981	5237
511	0.113	88.633	111.066	1.323	88.456	110.850	0.339	0.444	0.486	0.297	111.336	4182	5237
512	0.132	61.206	111.089	1.359	60.960	110.913	0.487	0.360	0.475	0.354	166.968	2886	5240
513	0.145	109.464	111.371	1.453	109.220	111.146	0.487	0.444	0.540	0.342	38.887	5175	5251
514	0.128	51.308	111.572	1.364	51.096	111.337	0.423	0.444	0.502	0.324	50.858	2426	5260
515	0.147	72.024	111.615	1.456	71.755	111.400	0.508	0.381	0.502	0.374	10.111	3402	5263
516	0.125	116.925	111.647	1.329	116.692	111.464	0.466	0.360	0.467	0.339	27.442	5523	5266
517	0.150	37.120	111.844	1.540	36.936	111.570	0.381	0.550	0.604	0.315	69.034	1753	5271
518	0.168	77.176	111.958	1.588	76.898	111.760	0.572	0.402	0.597	0.358	161.673	3637	5280
519	0.148	84.229	111.972	1.486	83.947	111.802	0.550	0.339	0.558	0.338	7.771	3976	5282
520	0.099	88.011	112.131	1.184	87.799	111.972	0.423	0.318	0.447	0.282	155.014	4153	5290
521	0.151	128.966	112.479	1.468	128.778	112.226	0.360	0.529	0.526	0.366	96.375	6090	5302
522	0.160	97.286	112.511	1.521	97.049	112.268	0.466	0.487	0.560	0.364	52.867	4596	5304
523	0.163	72.990	112.496	1.545	72.729	112.289	0.529	0.423	0.572	0.363	27.966	3450	5305
524	0.153	70.653	113.236	1.515	70.379	113.051	0.550	0.381	0.579	0.337	18.031	3338	5341
525	0.129	32.031	113.562	1.376	31.835	113.326	0.381	0.487	0.490	0.336	113.123	1510	5354
526	0.121	29.528	113.774	1.359	29.358	113.517	0.339	0.508	0.529	0.292	110.609	1390	5363
527	0.140	66.776	113.845	1.396	66.527	113.686	0.508	0.339	0.516	0.345	0.760	3147	5371
528	0.152	60.501	113.941	1.551	60.219	113.728	0.572	0.402	0.581	0.333	154.608	2852	5373
529	0.067	88.327	114.450	0.955	88.180	114.300	0.296	0.318	0.316	0.271	83.323	4170	5400
530	0.149	52.245	114.827	1.468	52.049	114.575	0.381	0.508	0.537	0.353	66.040	2471	5413
531	0.124	99.202	115.044	1.366	98.954	114.893	0.508	0.318	0.522	0.302	172.414	4679	5428
532	0.111	80.642	115.249	1.256	80.412	115.083	0.444	0.339	0.441	0.321	169.213	3806	5437
533	0.142	57.283	115.403	1.466	57.108	115.147	0.360	0.550	0.536	0.337	79.303	2705	5440
534	0.041	54.608	115.681	0.818	54.462	115.591	0.318	0.190	0.294	0.176	167.834	2573	5461
535	0.101	91.275	116.130	1.202	91.059	115.972	0.444	0.318	0.416	0.309	173.904	4308	5479
536	0.142	107.766	116.246	1.461	107.590	115.972	0.360	0.550	0.542	0.332	79.834	5092	5479
537	0.126	95.793	116.557	1.336	95.546	116.396	0.487	0.318	0.486	0.331	4.161	4522	5499
538	0.149	84.616	116.629	1.493	84.349	116.459	0.529	0.360	0.553	0.343	14.928	3996	5502
539	0.116	56.002	116.889	1.329	55.838	116.628	0.318	0.508	0.514	0.288	71.301	2646	5510
540	0.119	106.595	116.903	1.306	106.447	116.650	0.296	0.487	0.501	0.303	93.550	5033	5511
541	0.121	95.007	117.021	1.359	94.763	116.840	0.487	0.360	0.538	0.287	150.009	4479	5520
542	0.133	81.683	117.060	1.413	81.428	116.882	0.487	0.360	0.509	0.333	12.021	3861	5522
543	0.141	90.733	117.231	1.383	90.488	117.052	0.487	0.360	0.494	0.363	174.886	4282	5530
544	0.137	74.757	117.491	1.371	74.507	117.306	0.487	0.360	0.501	0.347	16.225	3531	5542
545	0.142	122.715	117.592	1.448	122.492	117.369	0.444	0.466	0.538	0.335	50.041	5798	5545
546	0.149	95.872	118.446	1.491	95.652	118.216	0.444	0.487	0.541	0.350	53.467	4529	5585
547	0.130	117.336	118.868	1.353	117.115	118.682	0.466	0.360	0.476	0.347	17.977	5544	5607
548	0.107	93.287	118.960	1.251	93.133	118.745	0.296	0.466	0.468	0.290	106.198	4403	5610
549	0.112	83.863	118.943	1.316	83.587	118.787	0.508	0.318	0.486	0.292	168.494	3958	5612
550	0.123	95.150	119.030	1.294	94.932	118.872	0.444	0.339	0.452	0.347	7.575	4490	5616
551	0.160	87.048	120.047	1.510	86.762	119.867	0.550	0.360	0.562	0.364	0.616	4108	5663
552	0.183	128.962	120.072	1.630	128.672	119.867	0.593	0.402	0.604	0.385	8.548	6093	5663
553	0.127	92.590	120.389	1.329	92.392	120.163	0.381	0.444	0.459	0.351	114.148	4371	5677
554	0.153	36.775	120.427	1.515	36.512	120.248	0.572	0.360	0.568	0.344	10.709	1735	5681
555	0.144	105.701	120.551	1.431	105.474	120.332	0.466	0.423	0.530	0.346	140.859	4987	5685
556	0.140	46.250	121.665	1.431	45.995	121.476	0.508	0.381	0.528	0.337	27.102	2185	5739
557	0.152	39.704	122.036	1.503	39.434	121.835	0.529	0.402	0.561	0.346	152.324	1867	5756
558	0.158	69.293	122.232	1.580	69.046	122.005	0.508	0.466	0.583	0.345	37.474	3278	5764
559	0.125	88.355	122.163	1.336	88.117	122.005	0.487	0.318	0.495	0.321	177.769	4170	5764
560	0.124	124.289	122.275	1.329	124.058	122.089	0.466	0.360	0.482	0.328	20.468	5874	5768
561	0.114	101.000	122.331	1.306	100.753	122.174	0.487	0.296	0.491	0.295	176.947	4770	5772
562	0.142	85.762	122.591	1.401	85.534	122.386	0.444	0.423	0.518	0.348	140.731	4044	5782
563	0.124	86.873	123.226	1.321	86.699	123.000	0.360	0.466	0.450	0.351	105.634	4101	5811
564	0.151	78.434	123.439	1.493	78.168	123.254	0.529	0.360	0.563	0.342	166.611	3700	5823
565	0.119	117.081	123.457	1.281	116.861	123.275	0.423	0.360	0.466	0.325	29.647	5531	5824
566	0.147	97.525	123.569	1.466	97.282	123.359	0.466	0.466	0.547	0.343	137.061	4599	5828
567	0.122	103.170	123.731	1.401	102.955	123.550	0.487	0.360	0.481	0.323	164.049	4868	5837
568	0.170	46.163	123.941	1.563	45.868	123.740	0.572	0.402	0.580	0.373	20.451	2180	5846
569	0.123	122.206	124.143	1.311	121.984	123.973	0.444	0.360	0.468	0.335	22.190	5769	5857
570	0.155	71.496	124.300	1.443	71.247	124.100	0.487	0.402	0.498	0.395	18.020	3376	5863
571	0.103	83.711	124.972	1.191	83.524	124.799	0.381	0.339	0.389	0.337	16.444	3953	5896
572	0.147	85.552	125.874	1.486	85.280	125.688	0.529	0.381	0.556	0.337	161.907	4035	5938
573	0.160	88.717	126.089	1.568	88.456	125.878	0.550	0.444	0.581	0.351	34.337	4191	5947
574	0.089	96.142	126.375	1.094	95.948	126.217	0.381	0.296	0.385	0.295	168.013	4539	5963
575	0.114	92.232	126.590	1.311	92.075	126.344	0.318	0.487	0.482	0.301	74.087	4359	5969
576	0.140	107.020	126.729	1.456	106.744	126.556	0.550	0.339	0.569	0.314	11.488	5059	5979
577	0.105	99.998	126.980	1.209	99.801	126.810	0.402	0.339	0.422	0.317	31.197	4723	5991
578	0.114	71.104	127.762	1.278	70.930	127.593	0.360	0.339	0.393	0.370	178.149	3353	6028
579	0.146	116.736	128.024	1.461	116.459	127.847	0.529	0.381	0.558	0.333	158.170	5508	6040
580	0.151	85.967	128.218	1.635	85.788	127.910	0.360	0.656	0.595	0.322	86.669	4060	6043
581	0.148	46.530	128.375	1.473	46.270	128.185	0.529	0.381	0.560	0.337	158.078	2190	6056
582	0.125	78.655	129.515	1.351	78.444	129.307	0.444	0.423	0.510	0.313	43.745	3716	6109
583	0.136	47.953	129.698	1.383	47.710	129.519	0.466	0.381	0.456	0.380	175.142	2262	6119
584	0.166	36.418	129.741	1.563	36.132	129.540	0.572	0.402	0.579	0.365	167.120	1715	6120
585	0.134	35.986	130.158	1.396	35.814	129.921	0.339	0.487	0.497	0.345	83.239	1698	6138
586	0.207	37.077	130.205	1.785	36.788	129.942	0.614	0.508	0.632	0.417	156.776	1744	6139
587	0.147	89.872	130.325	1.456	89.683	130.069	0.360	0.529	0.532	0.351	79.316	4244	6145
588	0.142	84.446	130.349	1.413	84.264	130.090	0.360	0.508	0.516	0.351	99.173	3987	6146
589	0.134	61.024	130.692	1.388	60.833	130.450	0.381	0.487	0.524	0.325	58.524	2884	6163
590	0.148	37.381	130.873	1.503	37.169	130.620	0.402	0.529	0.563	0.336	112.860	1760	6171
591	0.164	48.552	130.844	1.540	48.260	130.662	0.572	0.360	0.573	0.366	9.231	2291	6173
592	0.141	37.700	131.281	1.480	37.528	131.022	0.339	0.529	0.542	0.331	87.863	1779	6190
593	0.063	105.538	131.281	0.915	105.389	131.149	0.296	0.254	0.307	0.262	16.351	4983	6196
594	0.119	37.966	131.686	1.311	37.719	131.508	0.466	0.339	0.482	0.313	19.039	1796	6213
595	0.146	38.703	132.253	1.463	38.544	131.974	0.318	0.550	0.564	0.330	94.076	1826	6235
596	0.095	105.383	132.423	1.142	105.177	132.249	0.381	0.339	0.373	0.326	1.282	4979	6248
597	0.115	115.572	133.248	1.281	115.422	133.011	0.296	0.487	0.483	0.302	87.414	5458	6284
598	0.142	98.578	133.413	1.413	98.383	133.181	0.381	0.487	0.489	0.368	89.181	4655	6292
599	0.100	95.109	133.829	1.232	94.911	133.625	0.381	0.402	0.440	0.291	54.420	4493	6313
600	0.118	11.515	133.974	1.353	11.303	133.752	0.402	0.402	0.401	0.375	102.768	540	6319
