 	Area	X	Y	Perim.	BX	BY	Width	Height	Major	Minor	Angle	XStart	YStart
1	0.112	100.971	12.856	1.286	100.796	12.636	0.360	0.423	0.458	0.311	58.878	4771	597
2	0.123	111.075	14.429	1.311	110.913	14.203	0.339	0.466	0.473	0.330	106.878	5243	671
3	0.104	96.820	14.431	1.214	96.605	14.266	0.444	0.318	0.440	0.301	7.159	4574	674
4	0.112	66.589	14.578	1.232	66.379	14.393	0.423	0.360	0.444	0.320	146.009	3141	680
5	0.121	96.248	15.109	1.329	96.076	14.880	0.339	0.487	0.483	0.320	104.444	4543	703
6	0.110	52.427	15.315	1.232	52.239	15.113	0.381	0.402	0.460	0.304	129.141	2471	714
7	0.120	71.517	15.793	1.341	71.353	15.536	0.318	0.508	0.507	0.300	74.741	3379	734
8	0.103	66.206	17.711	1.264	66.040	17.484	0.318	0.444	0.470	0.278	69.308	3130	826
9	0.117	82.577	19.088	1.311	82.423	18.838	0.318	0.487	0.488	0.305	101.437	3898	890
10	0.115	50.455	19.146	1.336	50.313	18.881	0.296	0.508	0.501	0.292	93.941	2382	892
11	0.114	65.697	19.231	1.274	65.490	19.029	0.402	0.402	0.479	0.302	136.049	3098	899
12	0.115	16.647	19.798	1.304	16.468	19.537	0.339	0.487	0.478	0.307	73.414	788	923
13	0.090	51.559	19.670	1.094	51.350	19.537	0.402	0.275	0.404	0.282	178.927	2431	923
14	0.130	22.294	20.466	1.371	22.119	20.214	0.339	0.508	0.499	0.332	96.629	1052	955
15	0.135	37.599	21.055	1.371	37.359	20.870	0.487	0.360	0.502	0.343	166.196	1772	986
16	0.120	96.714	22.176	1.286	96.499	21.992	0.444	0.360	0.466	0.327	152.893	4563	1039
17	0.102	84.014	23.027	1.226	83.778	22.881	0.466	0.296	0.445	0.291	174.994	3965	1081
18	0.106	100.217	23.302	1.214	100.055	23.093	0.318	0.444	0.447	0.303	103.577	4730	1091
19	0.118	19.338	23.806	1.323	19.177	23.558	0.318	0.487	0.479	0.313	73.080	916	1113
20	0.112	80.911	24.400	1.226	80.708	24.215	0.402	0.360	0.432	0.328	36.060	3821	1144
21	0.133	34.967	25.169	1.371	34.756	24.956	0.423	0.423	0.516	0.328	43.821	1654	1179
22	0.118	119.928	25.332	1.294	119.761	25.104	0.339	0.444	0.480	0.313	65.094	5666	1186
23	0.127	59.538	25.515	1.359	59.309	25.336	0.487	0.360	0.507	0.319	22.857	2812	1197
24	0.134	21.866	25.954	1.431	21.611	25.760	0.508	0.381	0.533	0.319	27.394	1035	1217
25	0.117	39.534	26.250	1.281	39.306	26.077	0.444	0.339	0.473	0.314	25.208	1866	1232
26	0.108	75.626	26.978	1.239	75.459	26.776	0.339	0.423	0.455	0.302	117.986	3566	1265
27	0.110	83.383	28.422	1.304	83.206	28.194	0.339	0.487	0.478	0.294	112.306	3935	1332
28	0.119	117.398	28.674	1.341	117.242	28.427	0.318	0.508	0.495	0.307	91.906	5545	1343
29	0.119	107.245	28.917	1.329	107.040	28.681	0.381	0.444	0.483	0.313	57.906	5068	1355
30	0.118	61.522	28.888	1.339	61.299	28.702	0.466	0.381	0.479	0.313	29.962	2908	1356
31	0.110	89.564	28.860	1.239	89.344	28.702	0.423	0.339	0.455	0.308	151.410	4223	1356
32	0.132	93.116	29.316	1.406	92.879	29.104	0.466	0.402	0.506	0.332	149.247	4397	1375
33	0.115	47.443	29.396	1.269	47.223	29.231	0.444	0.339	0.450	0.324	165.869	2237	1381
34	0.107	110.633	29.658	1.299	110.469	29.422	0.318	0.466	0.484	0.282	109.537	5223	1390
35	0.111	53.784	30.494	1.269	53.573	30.290	0.402	0.381	0.454	0.312	139.740	2537	1431
36	0.116	102.314	31.234	1.311	102.066	31.073	0.487	0.318	0.477	0.311	178.484	4831	1468
37	0.120	45.149	32.428	1.299	44.937	32.237	0.423	0.381	0.484	0.315	145.423	2125	1523
38	0.078	35.490	32.561	1.064	35.370	32.364	0.254	0.402	0.393	0.251	86.787	1675	1529
39	0.118	29.159	32.820	1.329	28.977	32.576	0.360	0.466	0.492	0.305	64.341	1380	1539
40	0.113	53.272	32.890	1.299	53.001	32.724	0.487	0.318	0.464	0.311	179.968	2515	1546
41	0.108	92.114	33.174	1.226	91.906	32.999	0.423	0.339	0.447	0.306	151.837	4346	1559
42	0.128	72.645	33.422	1.371	72.411	33.210	0.444	0.402	0.501	0.325	34.545	3437	1569
43	0.118	48.263	33.597	1.281	48.027	33.443	0.466	0.318	0.470	0.321	0.417	2276	1580
44	0.108	86.174	33.678	1.256	86.000	33.464	0.339	0.444	0.462	0.299	114.742	4066	1581
45	0.125	67.998	34.070	1.353	67.839	33.824	0.318	0.508	0.504	0.315	101.589	3209	1598
46	0.119	101.973	34.054	1.346	101.706	33.888	0.508	0.339	0.515	0.294	18.336	4818	1601
47	0.128	116.582	35.323	1.353	116.353	35.137	0.466	0.360	0.477	0.342	0.377	5507	1660
48	0.107	117.692	36.540	1.226	117.517	36.343	0.339	0.423	0.426	0.320	114.040	5556	1717
49	0.135	17.857	36.690	1.413	17.653	36.449	0.402	0.466	0.524	0.328	52.090	847	1722
50	0.052	9.357	37.626	0.830	9.229	37.486	0.233	0.275	0.281	0.235	89.610	440	1771
51	0.111	47.270	38.330	1.256	47.054	38.142	0.423	0.360	0.463	0.306	32.823	2235	1802
52	0.116	80.579	38.322	1.281	80.349	38.164	0.466	0.318	0.457	0.322	4.884	3803	1803
53	0.104	73.510	38.597	1.226	73.321	38.396	0.381	0.381	0.453	0.293	43.671	3476	1814
54	0.107	15.161	39.165	1.244	14.965	38.968	0.402	0.381	0.455	0.300	41.500	718	1841
55	0.138	82.049	40.038	1.431	81.852	39.772	0.381	0.508	0.546	0.321	61.897	3879	1879
56	0.116	115.544	40.534	1.281	115.358	40.322	0.360	0.423	0.462	0.318	116.692	5453	1905
57	0.118	52.321	40.899	1.299	52.155	40.661	0.339	0.466	0.493	0.304	115.184	2466	1921
58	0.114	98.685	41.016	1.269	98.510	40.809	0.360	0.423	0.466	0.311	56.896	4661	1928
59	0.117	84.261	41.398	1.299	84.074	41.190	0.381	0.423	0.467	0.319	58.541	3980	1946
60	0.128	108.681	41.458	1.323	108.522	41.212	0.318	0.487	0.497	0.327	85.918	5132	1947
61	0.115	62.428	41.823	1.281	62.272	41.592	0.318	0.466	0.472	0.309	75.033	2949	1965
62	0.088	32.549	41.819	1.107	32.406	41.614	0.275	0.402	0.399	0.280	94.220	1537	1966
63	0.110	24.836	42.204	1.232	24.617	42.037	0.444	0.339	0.430	0.325	10.801	1173	1986
64	0.118	29.044	42.222	1.334	28.808	42.058	0.487	0.339	0.490	0.307	161.002	1365	1987
65	0.127	17.106	42.667	1.341	16.849	42.503	0.487	0.339	0.485	0.333	8.671	806	2008
66	0.113	53.114	42.790	1.256	52.896	42.608	0.423	0.360	0.468	0.308	33.047	2510	2013
67	0.104	35.912	42.882	1.214	35.687	42.714	0.444	0.318	0.454	0.292	17.085	1698	2018
68	0.101	126.670	43.454	1.179	126.513	43.244	0.339	0.381	0.390	0.331	109.346	5981	2043
69	0.120	112.222	43.508	1.316	112.035	43.286	0.360	0.466	0.498	0.307	118.425	5296	2045
70	0.117	68.350	43.820	1.286	68.136	43.624	0.423	0.381	0.480	0.310	142.970	3223	2061
71	0.105	15.456	44.210	1.214	15.261	44.027	0.402	0.360	0.452	0.295	38.431	732	2080
72	0.116	78.498	44.948	1.264	78.274	44.789	0.444	0.318	0.460	0.323	0.255	3706	2116
73	0.125	34.441	45.066	1.286	34.226	44.873	0.423	0.381	0.454	0.350	144.319	1621	2120
74	0.100	80.078	45.874	1.196	79.883	45.699	0.381	0.360	0.429	0.298	33.858	3785	2159
75	0.108	41.052	46.267	1.219	40.852	46.080	0.402	0.381	0.446	0.308	137.824	1933	2177
76	0.110	110.793	46.391	1.226	110.596	46.207	0.402	0.360	0.445	0.314	141.158	5227	2183
77	0.097	105.799	46.649	1.154	105.600	46.482	0.381	0.339	0.398	0.311	147.574	4993	2196
78	0.113	118.168	46.885	1.269	117.983	46.672	0.381	0.402	0.471	0.306	132.215	5578	2205
79	0.130	40.561	46.944	1.376	40.365	46.715	0.402	0.466	0.512	0.323	128.041	1909	2207
80	0.108	76.432	47.089	1.256	76.200	46.948	0.487	0.296	0.458	0.299	4.445	3607	2218
81	0.112	73.740	47.389	1.291	73.554	47.180	0.381	0.423	0.461	0.311	126.614	3479	2229
82	0.104	126.645	47.424	1.209	126.471	47.244	0.360	0.381	0.377	0.352	81.584	5978	2232
83	0.111	37.921	48.374	1.256	37.761	48.133	0.318	0.466	0.454	0.311	83.825	1792	2274
84	0.125	21.366	49.415	1.323	21.124	49.255	0.487	0.318	0.489	0.325	170.453	1003	2327
85	0.104	71.220	49.456	1.191	71.056	49.255	0.318	0.402	0.431	0.308	115.765	3360	2327
86	0.114	72.795	49.441	1.286	72.580	49.255	0.444	0.360	0.454	0.320	149.817	3436	2327
87	0.124	95.025	50.773	1.348	94.869	50.525	0.318	0.487	0.499	0.315	80.189	4489	2387
88	0.103	80.144	51.171	1.202	79.968	50.969	0.339	0.423	0.440	0.299	114.016	3781	2408
89	0.113	31.832	51.713	1.304	31.623	51.520	0.423	0.381	0.471	0.307	34.417	1509	2434
90	0.115	108.032	51.832	1.269	107.823	51.647	0.423	0.360	0.459	0.318	147.700	5097	2440
91	0.118	24.014	52.035	1.304	23.834	51.795	0.360	0.466	0.473	0.317	70.279	1135	2447
92	0.108	83.015	52.463	1.256	82.804	52.282	0.423	0.360	0.477	0.288	144.769	3915	2470
93	0.103	60.841	52.812	1.184	60.642	52.642	0.402	0.339	0.446	0.293	148.114	2867	2487
94	0.137	61.739	52.836	1.408	61.510	52.642	0.466	0.381	0.530	0.330	149.345	2908	2487
95	0.125	85.965	52.948	1.359	85.810	52.684	0.318	0.529	0.513	0.310	98.295	4058	2489
96	0.099	39.050	53.253	1.179	38.862	53.086	0.381	0.339	0.414	0.304	27.431	1846	2508
97	0.125	122.980	53.777	1.329	122.788	53.552	0.381	0.444	0.475	0.335	123.942	5805	2530
98	0.095	13.283	53.810	1.167	13.081	53.658	0.423	0.296	0.451	0.267	155.082	621	2535
99	0.113	36.720	53.832	1.286	36.512	53.658	0.423	0.360	0.459	0.313	30.882	1734	2535
100	0.121	21.919	54.030	1.304	21.738	53.784	0.360	0.466	0.479	0.320	60.604	1037	2541
101	0.114	19.366	54.758	1.286	19.177	54.546	0.381	0.423	0.466	0.311	123.257	908	2577
102	0.116	55.943	54.997	1.388	55.753	54.758	0.381	0.487	0.514	0.287	59.341	2644	2587
103	0.103	57.280	55.243	1.167	57.065	55.097	0.423	0.296	0.426	0.307	176.037	2701	2603
104	0.116	56.572	55.375	1.316	56.409	55.118	0.339	0.487	0.496	0.297	107.150	2669	2604
105	0.105	68.570	55.998	1.234	68.411	55.795	0.318	0.423	0.433	0.309	96.606	3236	2636
106	0.129	123.032	56.013	1.346	122.830	55.795	0.402	0.444	0.506	0.324	126.658	5806	2636
107	0.116	96.361	56.250	1.299	96.202	56.007	0.318	0.487	0.485	0.306	106.294	4549	2646
108	0.118	65.848	56.402	1.299	65.659	56.176	0.360	0.444	0.467	0.321	116.483	3107	2654
109	0.108	64.731	56.562	1.251	64.580	56.324	0.296	0.466	0.466	0.295	90.664	3057	2661
110	0.113	71.304	56.510	1.269	71.078	56.346	0.444	0.339	0.472	0.306	151.846	3361	2662
111	0.123	62.313	56.651	1.323	62.061	56.494	0.487	0.318	0.487	0.322	2.720	2939	2669
112	0.112	16.814	57.027	1.304	16.637	56.790	0.360	0.466	0.495	0.289	122.294	789	2683
113	0.097	33.195	57.038	1.196	33.041	56.811	0.296	0.444	0.436	0.284	94.348	1565	2684
114	0.118	120.967	57.195	1.299	120.735	57.023	0.466	0.339	0.452	0.332	173.698	5711	2694
115	0.116	115.156	57.223	1.264	114.935	57.065	0.444	0.318	0.462	0.320	174.457	5435	2696
116	0.102	90.556	57.831	1.256	90.382	57.616	0.360	0.423	0.470	0.277	124.566	4272	2722
117	0.123	106.739	58.121	1.341	106.553	57.891	0.360	0.466	0.487	0.322	63.874	5044	2735
118	0.114	110.293	58.425	1.269	110.067	58.251	0.444	0.339	0.447	0.324	164.653	5207	2752
119	0.119	75.760	58.751	1.299	75.523	58.589	0.487	0.318	0.477	0.317	167.533	3573	2768
120	0.114	80.990	59.499	1.274	80.751	59.330	0.466	0.339	0.477	0.305	154.750	3820	2803
121	0.104	63.053	59.561	1.214	62.844	59.394	0.423	0.339	0.429	0.309	147.736	2972	2806
122	0.103	60.095	59.607	1.226	59.859	59.457	0.466	0.296	0.461	0.286	7.994	2838	2809
123	0.121	97.467	59.607	1.341	97.218	59.457	0.508	0.318	0.496	0.312	1.137	4599	2809
124	0.095	111.263	59.687	1.149	111.104	59.500	0.318	0.381	0.416	0.289	58.658	5256	2811
125	0.109	54.397	59.692	1.244	54.187	59.521	0.423	0.360	0.455	0.304	147.713	2563	2812
126	0.112	83.783	59.815	1.269	83.566	59.626	0.423	0.360	0.449	0.319	24.367	3960	2817
127	0.124	95.769	60.013	1.346	95.525	59.817	0.466	0.381	0.510	0.309	32.955	4526	2826
128	0.112	58.696	60.202	1.256	58.462	60.050	0.466	0.318	0.468	0.306	169.761	2767	2837
129	0.120	17.353	60.421	1.336	17.124	60.262	0.466	0.339	0.491	0.311	22.788	818	2847
130	0.117	65.539	60.565	1.304	65.342	60.346	0.381	0.444	0.475	0.315	124.257	3092	2851
131	0.106	58.398	60.645	1.209	58.187	60.494	0.423	0.318	0.428	0.316	176.078	2754	2858
132	0.108	94.108	60.666	1.214	93.895	60.494	0.423	0.339	0.433	0.317	18.484	4446	2858
133	0.116	91.113	61.009	1.276	90.911	60.833	0.402	0.360	0.454	0.327	34.186	4304	2874
134	0.091	68.625	61.265	1.186	68.411	61.129	0.423	0.275	0.461	0.250	19.284	3242	2888
135	0.111	48.408	61.707	1.244	48.196	61.532	0.423	0.360	0.445	0.318	146.252	2281	2907
136	0.121	52.051	61.769	1.299	51.837	61.574	0.423	0.381	0.474	0.326	35.602	2460	2909
137	0.109	78.542	61.898	1.232	78.317	61.722	0.444	0.339	0.436	0.318	165.101	3708	2916
138	0.121	94.215	62.128	1.299	94.065	61.891	0.318	0.487	0.484	0.318	90.053	4448	2924
139	0.119	47.248	62.150	1.299	47.054	61.934	0.381	0.423	0.475	0.319	52.756	2235	2926
140	0.106	88.100	62.176	1.244	87.884	61.997	0.423	0.360	0.469	0.288	141.841	4156	2929
141	0.104	109.729	62.169	1.204	109.516	62.018	0.423	0.296	0.433	0.307	6.471	5180	2930
142	0.106	14.808	62.315	1.184	14.605	62.145	0.402	0.339	0.419	0.322	156.289	695	2936
143	0.116	76.479	63.080	1.281	76.242	62.928	0.466	0.318	0.460	0.322	179.751	3607	2973
144	0.112	59.450	63.221	1.286	59.267	63.013	0.381	0.423	0.455	0.313	54.961	2811	2977
145	0.116	30.692	63.351	1.294	30.544	63.119	0.318	0.466	0.483	0.305	99.734	1446	2982
146	0.118	65.864	63.568	1.299	65.638	63.394	0.444	0.360	0.474	0.318	147.834	3103	2995
147	0.115	100.518	63.860	1.261	100.330	63.627	0.360	0.444	0.450	0.326	70.069	4749	3006
148	0.107	62.323	63.928	1.232	62.124	63.754	0.423	0.360	0.436	0.312	147.771	2938	3012
149	0.103	75.020	64.311	1.196	74.845	64.114	0.339	0.402	0.436	0.302	120.697	3539	3029
150	0.121	63.814	64.358	1.329	63.606	64.156	0.423	0.402	0.480	0.322	40.582	3018	3031
151	0.110	33.894	64.547	1.264	33.676	64.368	0.402	0.360	0.429	0.327	37.229	1600	3041
152	0.112	91.001	65.148	1.286	90.784	64.960	0.423	0.360	0.454	0.315	33.712	4300	3069
153	0.137	108.127	65.377	1.406	107.929	65.130	0.402	0.487	0.523	0.334	61.135	5109	3077
154	0.113	93.983	65.317	1.281	93.768	65.151	0.444	0.339	0.449	0.320	157.736	4434	3078
155	0.122	123.240	65.516	1.336	123.084	65.278	0.318	0.487	0.504	0.309	72.593	5821	3084
156	0.125	125.301	66.271	1.388	125.137	65.998	0.318	0.529	0.515	0.309	86.534	5919	3118
157	0.115	87.446	66.333	1.269	87.207	66.167	0.466	0.318	0.457	0.319	0.931	4128	3126
158	0.110	78.145	66.561	1.269	77.978	66.336	0.339	0.444	0.459	0.304	114.653	3688	3134
159	0.106	79.690	66.765	1.214	79.502	66.569	0.381	0.381	0.432	0.311	139.480	3761	3145
160	0.119	83.286	67.288	1.329	83.100	67.056	0.360	0.466	0.502	0.301	116.233	3928	3168
161	0.125	15.464	67.418	1.359	15.219	67.246	0.508	0.339	0.502	0.318	17.095	730	3177
162	0.115	67.681	67.476	1.286	67.437	67.310	0.487	0.318	0.463	0.315	178.759	3195	3180
163	0.120	56.143	67.747	1.299	55.965	67.543	0.360	0.444	0.460	0.331	64.807	2651	3191
164	0.115	120.440	68.038	1.281	120.290	67.797	0.296	0.487	0.491	0.298	78.293	5689	3203
165	0.108	76.974	68.218	1.249	76.772	68.030	0.402	0.402	0.457	0.300	134.921	3630	3214
166	0.121	107.812	68.218	1.286	107.590	68.051	0.466	0.339	0.475	0.324	164.474	5087	3215
167	0.080	13.085	68.503	1.034	12.933	68.347	0.318	0.318	0.353	0.288	38.585	617	3229
168	0.132	85.087	68.770	1.376	84.857	68.559	0.444	0.423	0.523	0.322	135.995	4013	3239
169	0.110	35.153	68.758	1.256	34.925	68.580	0.444	0.339	0.469	0.299	22.992	1664	3240
170	0.111	77.414	68.788	1.256	77.174	68.644	0.487	0.296	0.466	0.304	178.115	3651	3243
171	0.128	121.793	69.119	1.346	121.581	68.919	0.444	0.402	0.478	0.340	143.177	5748	3256
172	0.114	56.133	69.209	1.299	55.922	69.003	0.402	0.402	0.480	0.303	45.236	2654	3260
173	0.122	73.690	69.309	1.311	73.533	69.067	0.318	0.487	0.488	0.319	98.832	3478	3263
174	0.123	31.371	69.384	1.329	31.200	69.152	0.360	0.466	0.489	0.319	63.106	1482	3267
175	0.114	70.838	69.510	1.274	70.612	69.321	0.444	0.360	0.459	0.316	17.716	3348	3275
176	0.121	17.942	69.650	1.311	17.738	69.469	0.423	0.381	0.476	0.322	38.643	846	3282
177	0.109	107.787	69.626	1.269	107.548	69.469	0.466	0.318	0.473	0.293	160.689	5086	3282
178	0.112	33.648	69.823	1.311	33.507	69.575	0.318	0.487	0.486	0.292	105.119	1584	3287
179	0.103	119.678	69.820	1.202	119.507	69.617	0.339	0.423	0.420	0.313	104.529	5650	3289
180	0.116	93.353	70.033	1.286	93.176	69.786	0.339	0.466	0.460	0.320	76.025	4409	3297
181	0.128	39.525	70.090	1.371	39.285	69.914	0.487	0.360	0.516	0.315	25.395	1868	3303
182	0.097	59.878	70.054	1.154	59.669	69.914	0.423	0.296	0.419	0.294	178.155	2823	3303
183	0.100	31.137	70.212	1.196	30.967	70.019	0.339	0.402	0.439	0.291	56.710	1470	3308
184	0.061	69.036	70.358	0.937	68.855	70.231	0.339	0.254	0.330	0.235	6.180	3264	3318
185	0.135	35.344	70.847	1.378	35.179	70.612	0.339	0.487	0.508	0.339	75.574	1668	3336
186	0.137	85.714	70.946	1.431	85.513	70.697	0.402	0.487	0.526	0.331	118.862	4044	3340
187	0.114	55.478	71.227	1.291	55.266	71.035	0.444	0.381	0.499	0.290	38.291	2623	3356
188	0.112	95.729	71.498	1.269	95.568	71.268	0.318	0.466	0.472	0.302	101.460	4520	3367
189	0.119	49.778	71.628	1.299	49.551	71.459	0.466	0.339	0.470	0.322	18.988	2350	3376
190	0.107	30.198	72.005	1.239	29.993	71.818	0.402	0.360	0.445	0.305	37.142	1429	3393
191	0.055	54.194	71.995	0.890	54.060	71.861	0.254	0.296	0.302	0.232	68.195	2559	3395
192	0.130	86.258	72.207	1.383	86.106	71.946	0.318	0.529	0.520	0.319	94.174	4073	3399
193	0.112	91.905	72.139	1.269	91.694	71.967	0.423	0.360	0.476	0.301	149.287	4334	3400
194	0.135	69.170	72.180	1.383	68.919	72.009	0.508	0.339	0.506	0.339	9.778	3265	3402
195	0.103	117.049	72.423	1.196	116.840	72.263	0.423	0.318	0.448	0.291	155.477	5523	3414
196	0.111	69.885	72.636	1.269	69.660	72.475	0.444	0.339	0.480	0.295	26.108	3301	3424
197	0.123	50.365	72.798	1.323	50.207	72.559	0.318	0.487	0.500	0.312	102.627	2375	3428
198	0.122	43.483	72.809	1.311	43.286	72.602	0.402	0.402	0.486	0.319	134.114	2048	3430
199	0.100	37.731	72.803	1.239	37.507	72.644	0.444	0.318	0.455	0.281	21.112	1783	3432
200	0.103	63.561	72.867	1.196	63.415	72.644	0.296	0.444	0.448	0.291	103.700	3000	3432
201	0.101	55.231	73.289	1.244	54.991	73.110	0.444	0.339	0.475	0.271	31.583	2612	3454
202	0.113	93.505	73.416	1.286	93.324	73.194	0.381	0.423	0.480	0.301	124.545	4413	3458
203	0.107	95.087	73.406	1.196	94.890	73.237	0.402	0.339	0.441	0.309	147.930	4485	3460
204	0.113	61.690	73.735	1.281	61.468	73.533	0.402	0.381	0.453	0.318	41.889	2916	3474
205	0.113	115.166	73.992	1.251	114.956	73.829	0.423	0.339	0.439	0.328	10.484	5437	3488
206	0.136	68.344	74.103	1.401	68.136	73.893	0.423	0.444	0.512	0.339	45.600	3229	3491
207	0.114	78.046	74.415	1.269	77.872	74.210	0.360	0.423	0.462	0.315	57.976	3687	3506
208	0.103	95.116	74.624	1.184	94.932	74.443	0.360	0.381	0.423	0.310	133.993	4488	3517
209	0.121	110.286	74.736	1.341	110.067	74.549	0.444	0.381	0.493	0.313	34.841	5211	3522
210	0.122	114.514	74.818	1.311	114.342	74.591	0.339	0.466	0.484	0.320	70.165	5409	3524
211	0.116	47.651	74.798	1.329	47.392	74.634	0.508	0.318	0.490	0.302	8.275	2252	3526
212	0.120	110.718	74.965	1.329	110.554	74.718	0.339	0.487	0.490	0.311	108.298	5227	3530
213	0.105	97.918	75.074	1.214	97.726	74.888	0.381	0.381	0.452	0.297	135.173	4619	3538
214	0.107	76.830	75.185	1.274	76.645	74.951	0.360	0.444	0.492	0.276	58.091	3632	3541
215	0.113	80.199	75.355	1.269	80.031	75.142	0.339	0.444	0.466	0.310	113.568	3784	3550
216	0.111	95.754	75.551	1.274	95.546	75.353	0.423	0.381	0.476	0.297	143.174	4519	3560
217	0.131	76.439	75.974	1.413	76.264	75.713	0.339	0.529	0.537	0.311	78.813	3611	3577
218	0.134	36.121	76.115	1.394	35.920	75.861	0.402	0.487	0.528	0.322	122.573	1701	3584
219	0.095	82.660	76.070	1.167	82.465	75.904	0.381	0.339	0.416	0.292	31.375	3906	3586
220	0.104	53.175	76.330	1.226	53.022	76.094	0.296	0.466	0.462	0.287	97.920	2510	3595
221	0.094	75.183	76.337	1.167	75.015	76.158	0.339	0.381	0.430	0.278	55.035	3552	3598
222	0.100	59.695	76.593	1.179	59.500	76.433	0.402	0.318	0.431	0.297	157.811	2814	3611
223	0.138	109.422	76.677	1.418	109.241	76.433	0.381	0.508	0.506	0.347	98.255	5165	3611
224	0.103	101.628	76.669	1.167	101.431	76.496	0.381	0.339	0.411	0.319	150.042	4797	3614
225	0.122	59.299	76.938	1.329	59.076	76.750	0.466	0.360	0.486	0.319	21.217	2804	3626
226	0.105	121.980	76.944	1.196	121.772	76.793	0.423	0.318	0.421	0.318	171.731	5757	3628
227	0.116	15.679	77.160	1.353	15.430	77.004	0.508	0.318	0.502	0.294	11.910	741	3638
228	0.102	63.657	77.260	1.196	63.436	77.110	0.444	0.296	0.453	0.287	173.750	3002	3643
229	0.112	89.857	77.932	1.274	89.662	77.724	0.381	0.423	0.479	0.297	128.252	4239	3672
230	0.137	20.325	77.954	1.413	20.066	77.766	0.508	0.360	0.517	0.337	11.835	964	3674
231	0.113	101.417	77.908	1.276	101.177	77.766	0.466	0.296	0.471	0.307	168.824	4782	3674
232	0.109	29.839	78.042	1.291	29.676	77.809	0.339	0.466	0.473	0.293	112.430	1405	3676
233	0.136	43.691	78.628	1.401	43.498	78.380	0.381	0.487	0.496	0.350	103.492	2061	3703
234	0.123	101.728	78.766	1.346	101.473	78.592	0.487	0.360	0.506	0.310	154.738	4800	3713
235	0.126	17.755	79.012	1.336	17.505	78.846	0.487	0.318	0.486	0.330	179.562	834	3725
236	0.106	121.629	79.353	1.226	121.412	79.184	0.423	0.339	0.440	0.307	26.663	5746	3741
237	0.122	118.428	79.360	1.311	118.174	79.206	0.487	0.318	0.483	0.322	175.945	5589	3742
238	0.108	72.336	79.690	1.239	72.157	79.481	0.339	0.423	0.440	0.313	71.566	3416	3755
239	0.113	28.694	79.713	1.286	28.512	79.502	0.381	0.423	0.490	0.293	126.446	1349	3756
240	0.108	90.039	79.713	1.244	89.810	79.544	0.444	0.339	0.453	0.305	22.882	4254	3758
241	0.111	63.862	79.960	1.239	63.669	79.777	0.381	0.381	0.428	0.331	45.858	3016	3769
242	0.124	104.470	80.028	1.359	104.225	79.862	0.487	0.339	0.502	0.315	167.819	4930	3773
243	0.118	124.683	80.085	1.304	124.460	79.904	0.444	0.360	0.454	0.331	168.119	5888	3775
244	0.103	96.500	80.225	1.204	96.287	80.074	0.423	0.296	0.449	0.291	15.469	4556	3783
245	0.105	102.599	80.308	1.214	102.383	80.137	0.423	0.339	0.411	0.325	176.830	4847	3786
246	0.112	95.631	80.340	1.269	95.419	80.158	0.423	0.360	0.455	0.315	147.279	4511	3787
247	0.108	74.216	80.418	1.281	74.020	80.243	0.402	0.360	0.456	0.300	35.459	3506	3791
248	0.118	16.364	80.581	1.304	16.129	80.412	0.466	0.360	0.454	0.332	160.444	768	3799
249	0.117	53.721	81.014	1.281	53.488	80.836	0.444	0.339	0.460	0.325	17.024	2537	3819
250	0.109	72.298	81.030	1.214	72.136	80.836	0.339	0.423	0.416	0.333	77.111	3412	3819
251	0.098	107.218	81.333	1.184	107.019	81.153	0.381	0.360	0.428	0.291	41.008	5067	3834
252	0.106	74.132	81.697	1.226	73.978	81.470	0.318	0.444	0.438	0.309	77.868	3502	3849
253	0.111	78.359	81.714	1.299	78.190	81.492	0.339	0.466	0.487	0.289	67.090	3702	3850
254	0.119	102.737	81.678	1.299	102.510	81.492	0.444	0.360	0.468	0.324	152.143	4847	3850
255	0.111	82.378	82.013	1.239	82.190	81.809	0.360	0.402	0.443	0.318	59.578	3891	3865
256	0.105	83.442	82.036	1.221	83.248	81.852	0.381	0.360	0.444	0.302	38.268	3944	3867
257	0.091	70.774	82.072	1.196	70.612	81.873	0.339	0.402	0.441	0.261	49.108	3347	3868
258	0.095	86.122	82.120	1.142	85.958	81.915	0.318	0.402	0.401	0.300	75.379	4068	3870
259	0.123	104.299	82.294	1.281	104.076	82.127	0.444	0.339	0.455	0.343	170.135	4922	3880
260	0.120	63.170	82.458	1.311	62.928	82.296	0.487	0.318	0.489	0.312	178.322	2982	3888
261	0.135	66.669	82.693	1.401	66.442	82.486	0.444	0.423	0.514	0.335	40.237	3151	3897
262	0.116	68.746	82.782	1.316	68.517	82.614	0.487	0.339	0.475	0.311	19.217	3246	3903
263	0.121	70.836	83.293	1.341	70.654	83.058	0.360	0.466	0.491	0.312	62.415	3349	3924
264	0.109	79.915	83.526	1.261	79.735	83.291	0.360	0.444	0.468	0.296	62.062	3778	3935
265	0.111	54.540	83.608	1.244	54.356	83.397	0.360	0.423	0.455	0.310	61.308	2576	3940
266	0.125	67.912	83.669	1.353	67.755	83.418	0.318	0.508	0.518	0.306	75.802	3208	3941
267	0.110	67.360	83.667	1.261	67.162	83.481	0.423	0.381	0.462	0.303	37.252	3183	3944
268	0.099	27.982	83.809	1.189	27.771	83.630	0.402	0.360	0.431	0.293	35.690	1322	3951
269	0.115	81.797	84.054	1.281	81.619	83.820	0.339	0.444	0.461	0.317	69.034	3865	3960
270	0.112	80.716	84.118	1.269	80.476	83.968	0.466	0.318	0.468	0.306	170.571	3807	3967
271	0.116	79.379	84.181	1.286	79.184	83.989	0.402	0.402	0.467	0.315	45.827	3750	3968
272	0.129	81.219	84.305	1.396	81.047	84.053	0.339	0.508	0.522	0.316	70.980	3839	3971
273	0.106	61.350	84.474	1.226	61.129	84.328	0.466	0.296	0.452	0.298	3.425	2894	3984
274	0.122	92.740	84.572	1.359	92.520	84.370	0.444	0.402	0.482	0.323	34.110	4383	3986
275	0.103	121.359	84.693	1.221	121.158	84.518	0.402	0.339	0.420	0.311	26.999	5734	3993
276	0.122	74.946	84.743	1.329	74.718	84.561	0.466	0.360	0.482	0.322	27.295	3541	3995
277	0.103	63.384	84.751	1.184	63.204	84.582	0.381	0.360	0.418	0.315	35.948	2993	3996
278	0.126	78.124	84.988	1.341	77.872	84.815	0.487	0.339	0.507	0.318	20.016	3690	4007
279	0.118	107.885	85.059	1.269	107.696	84.857	0.381	0.402	0.460	0.326	129.265	5091	4009
280	0.102	79.574	85.084	1.184	79.396	84.878	0.339	0.402	0.435	0.298	116.068	3755	4010
281	0.100	34.057	85.262	1.179	33.909	85.048	0.296	0.423	0.434	0.295	103.845	1605	4018
282	0.127	97.912	85.691	1.353	97.663	85.534	0.508	0.318	0.504	0.322	175.735	4620	4041
283	0.114	66.330	85.813	1.256	66.104	85.640	0.444	0.339	0.457	0.318	18.876	3134	4046
284	0.114	117.817	85.966	1.269	117.623	85.767	0.381	0.402	0.471	0.309	131.613	5560	4052
285	0.108	74.895	86.125	1.239	74.718	85.937	0.360	0.402	0.444	0.310	51.897	3538	4060
286	0.116	39.512	86.326	1.299	39.328	86.106	0.360	0.444	0.474	0.310	118.484	1863	4068
287	0.113	81.351	86.472	1.318	81.216	86.212	0.275	0.508	0.518	0.278	84.983	3842	4073
288	0.108	88.772	86.798	1.239	88.625	86.572	0.296	0.466	0.464	0.297	80.834	4193	4090
289	0.129	74.332	86.761	1.359	74.083	86.593	0.487	0.360	0.497	0.330	21.094	3509	4091
290	0.109	97.547	86.837	1.226	97.346	86.656	0.402	0.360	0.447	0.310	143.908	4603	4094
291	0.102	43.684	86.985	1.214	43.519	86.762	0.318	0.444	0.441	0.294	103.330	2061	4099
292	0.112	121.896	87.076	1.274	121.730	86.826	0.339	0.466	0.467	0.305	70.663	5760	4102
293	0.129	66.111	87.587	1.359	65.850	87.418	0.508	0.339	0.509	0.322	164.009	3117	4130
294	0.121	69.404	88.063	1.281	69.215	87.863	0.381	0.402	0.456	0.336	51.729	3277	4151
295	0.094	68.995	88.485	1.154	68.813	88.307	0.360	0.360	0.418	0.287	43.692	3261	4172
296	0.118	70.543	88.547	1.329	70.337	88.328	0.402	0.423	0.487	0.309	44.230	3338	4173
297	0.111	68.539	88.577	1.256	68.347	88.371	0.381	0.402	0.445	0.318	51.401	3239	4175
298	0.127	111.046	88.665	1.329	110.829	88.477	0.423	0.402	0.487	0.331	142.034	5239	4180
299	0.098	40.516	88.984	1.174	40.386	88.773	0.275	0.423	0.437	0.285	88.890	1911	4194
300	0.129	65.294	88.951	1.371	65.066	88.773	0.487	0.360	0.490	0.334	17.107	3083	4194
301	0.115	74.476	89.087	1.316	74.232	88.921	0.487	0.339	0.490	0.299	18.514	3520	4201
302	0.093	69.920	89.489	1.124	69.744	89.323	0.360	0.339	0.389	0.305	35.514	3302	4220
303	0.120	73.674	89.658	1.316	73.427	89.493	0.487	0.339	0.490	0.312	16.088	3479	4228
304	0.128	74.682	89.839	1.329	74.422	89.683	0.508	0.318	0.502	0.324	177.707	3523	4237
305	0.121	109.355	90.166	1.316	109.178	89.937	0.360	0.466	0.474	0.325	65.424	5167	4249
306	0.134	99.480	90.316	1.436	99.229	90.128	0.508	0.381	0.519	0.330	155.444	4694	4258
307	0.119	78.555	90.361	1.311	78.296	90.212	0.508	0.296	0.500	0.303	3.984	3707	4262
308	0.127	29.321	90.497	1.329	29.083	90.318	0.487	0.339	0.484	0.334	171.887	1383	4267
309	0.101	119.538	91.118	1.196	119.380	90.911	0.318	0.423	0.446	0.288	116.657	5642	4295
310	0.123	76.078	91.144	1.341	75.840	90.974	0.487	0.339	0.509	0.308	21.629	3595	4298
311	0.061	52.228	91.468	1.010	52.112	91.292	0.254	0.381	0.391	0.198	65.809	2468	4313
312	0.133	68.628	91.611	1.388	68.368	91.419	0.508	0.360	0.501	0.337	15.974	3242	4319
313	0.121	70.554	91.588	1.299	70.316	91.419	0.466	0.339	0.468	0.329	7.145	3331	4319
314	0.127	88.553	91.852	1.341	88.392	91.609	0.318	0.508	0.500	0.324	89.985	4181	4328
315	0.122	73.906	91.848	1.316	73.702	91.630	0.402	0.423	0.474	0.327	128.694	3489	4329
316	0.119	75.946	91.895	1.281	75.777	91.673	0.339	0.444	0.459	0.329	73.650	3587	4331
317	0.108	37.722	91.992	1.256	37.571	91.736	0.296	0.487	0.472	0.292	83.443	1782	4334
318	0.123	92.464	92.207	1.323	92.308	91.969	0.318	0.487	0.492	0.318	88.660	4366	4345
319	0.134	111.421	92.405	1.388	111.188	92.202	0.466	0.402	0.511	0.335	145.683	5256	4356
320	0.121	83.661	92.543	1.316	83.439	92.371	0.466	0.360	0.492	0.313	25.244	3951	4364
321	0.108	73.228	93.382	1.256	73.025	93.197	0.423	0.360	0.467	0.294	29.764	3461	4403
322	0.117	34.581	93.663	1.316	34.332	93.493	0.487	0.339	0.474	0.315	165.748	1630	4417
323	0.099	41.930	93.850	1.172	41.720	93.684	0.423	0.318	0.414	0.306	8.105	1980	4426
324	0.112	42.383	93.924	1.256	42.228	93.684	0.318	0.466	0.455	0.314	76.291	2003	4426
325	0.124	65.432	93.852	1.311	65.193	93.684	0.466	0.339	0.476	0.331	17.441	3090	4426
326	0.114	25.910	94.081	1.286	25.696	93.916	0.444	0.339	0.467	0.312	159.162	1217	4437
327	0.106	57.255	94.094	1.209	57.044	93.938	0.423	0.318	0.430	0.314	6.259	2703	4438
328	0.123	14.782	94.500	1.329	14.542	94.340	0.487	0.339	0.505	0.310	159.469	689	4457
329	0.100	62.212	94.632	1.209	61.997	94.467	0.423	0.318	0.457	0.278	28.661	2940	4463
330	0.113	77.101	94.790	1.269	76.898	94.594	0.402	0.381	0.456	0.315	38.042	3646	4469
331	0.107	87.953	95.298	1.239	87.757	95.123	0.402	0.360	0.457	0.298	140.814	4147	4494
332	0.103	75.167	95.458	1.226	74.951	95.271	0.402	0.360	0.455	0.289	42.243	3552	4501
333	0.111	78.762	95.499	1.269	78.571	95.292	0.381	0.402	0.478	0.296	45.235	3726	4502
334	0.086	61.185	95.586	1.129	61.024	95.398	0.318	0.402	0.411	0.268	59.241	2891	4507
335	0.120	43.373	95.902	1.316	43.116	95.737	0.487	0.339	0.490	0.311	158.306	2042	4523
336	0.112	66.120	96.247	1.294	65.955	96.012	0.318	0.466	0.480	0.297	68.401	3125	4536
337	0.121	107.109	96.714	1.299	106.934	96.499	0.360	0.444	0.472	0.325	117.912	5054	4559
338	0.110	57.697	96.736	1.281	57.468	96.562	0.444	0.339	0.482	0.291	28.894	2727	4562
339	0.092	53.861	97.246	1.149	53.700	97.070	0.339	0.360	0.415	0.283	53.091	2544	4586
340	0.099	99.436	97.295	1.221	99.272	97.092	0.318	0.423	0.452	0.280	113.668	4692	4587
341	0.118	19.120	97.397	1.321	18.902	97.197	0.423	0.402	0.476	0.317	140.941	899	4592
342	0.122	62.258	97.440	1.329	62.040	97.261	0.444	0.381	0.480	0.324	30.304	2939	4595
343	0.113	26.923	97.487	1.299	26.691	97.324	0.466	0.339	0.473	0.305	157.705	1264	4598
344	0.119	108.782	97.745	1.286	108.606	97.515	0.339	0.466	0.463	0.326	106.077	5136	4607
345	0.108	22.484	97.765	1.269	22.225	97.621	0.487	0.296	0.472	0.292	172.358	1058	4612
346	0.120	64.583	97.912	1.341	64.389	97.684	0.381	0.444	0.485	0.315	58.735	3052	4615
347	0.124	21.939	98.094	1.359	21.759	97.854	0.339	0.487	0.513	0.308	69.499	1036	4623
348	0.116	37.284	98.064	1.299	37.042	97.896	0.487	0.318	0.492	0.299	14.240	1763	4625
349	0.119	112.207	98.392	1.304	112.035	98.150	0.339	0.487	0.470	0.323	73.740	5302	4637
350	0.091	16.557	98.735	1.142	16.362	98.573	0.381	0.318	0.399	0.290	151.908	776	4657
351	0.118	73.865	98.747	1.323	73.618	98.594	0.487	0.318	0.506	0.298	16.974	3488	4658
352	0.103	23.034	98.884	1.209	22.881	98.658	0.318	0.423	0.418	0.313	99.039	1087	4661
353	0.119	95.738	98.823	1.299	95.504	98.658	0.466	0.339	0.465	0.325	162.986	4517	4661
354	0.125	66.733	98.887	1.341	66.484	98.721	0.487	0.339	0.490	0.325	163.882	3146	4664
355	0.122	20.990	99.330	1.311	20.828	99.081	0.318	0.487	0.486	0.319	92.005	990	4681
356	0.143	89.097	99.862	1.466	88.836	99.653	0.508	0.423	0.556	0.328	148.539	4205	4708
357	0.116	88.198	99.877	1.286	87.990	99.674	0.402	0.402	0.478	0.308	131.872	4161	4709
358	0.117	66.983	100.240	1.286	66.781	100.034	0.402	0.402	0.475	0.313	42.410	3168	4726
359	0.107	82.887	100.333	1.239	82.719	100.118	0.339	0.423	0.444	0.307	63.922	3917	4730
360	0.122	29.250	100.617	1.359	29.062	100.394	0.381	0.466	0.507	0.306	55.363	1382	4743
361	0.147	97.927	100.823	1.478	97.684	100.605	0.487	0.444	0.562	0.334	39.433	4628	4753
362	0.113	86.146	101.643	1.269	85.979	101.410	0.318	0.466	0.461	0.313	83.355	4070	4791
363	0.119	124.686	101.742	1.269	124.460	101.579	0.444	0.339	0.458	0.330	15.028	5887	4799
364	0.106	114.286	101.801	1.214	114.110	101.600	0.360	0.402	0.460	0.294	126.916	5393	4800
365	0.105	54.418	102.058	1.196	54.208	101.896	0.423	0.318	0.430	0.312	173.411	2568	4814
366	0.102	67.199	102.193	1.184	67.014	102.023	0.381	0.360	0.431	0.302	40.879	3173	4820
367	0.118	31.080	102.283	1.321	30.882	102.044	0.381	0.466	0.509	0.295	56.987	1471	4821
368	0.113	58.666	102.349	1.299	58.484	102.129	0.381	0.423	0.497	0.289	129.461	2764	4825
369	0.103	118.034	102.350	1.244	117.856	102.129	0.360	0.423	0.465	0.281	125.199	5570	4825
370	0.127	77.237	102.414	1.334	77.026	102.193	0.423	0.423	0.487	0.332	42.557	3653	4828
371	0.119	100.591	102.480	1.299	100.415	102.256	0.360	0.444	0.474	0.319	119.279	4747	4831
372	0.107	54.020	102.506	1.251	53.869	102.277	0.296	0.466	0.465	0.293	83.530	2550	4832
373	0.105	42.500	102.821	1.244	42.312	102.616	0.381	0.402	0.471	0.283	130.121	2002	4848
374	0.067	132.160	102.878	1.045	132.016	102.722	0.296	0.296	0.307	0.277	77.556	6242	4853
375	0.119	58.224	103.795	1.323	58.039	103.568	0.360	0.444	0.467	0.325	61.596	2753	4893
376	0.122	59.374	103.924	1.359	59.182	103.696	0.381	0.466	0.510	0.305	117.931	2799	4899
377	0.120	97.362	104.033	1.316	97.197	103.780	0.339	0.487	0.483	0.316	74.166	4599	4903
378	0.124	83.625	105.168	1.311	83.397	105.008	0.466	0.339	0.466	0.338	170.170	3944	4961
379	0.126	107.013	105.713	1.346	106.786	105.516	0.444	0.402	0.500	0.321	141.572	5049	4985
380	0.119	124.799	105.872	1.318	124.587	105.685	0.423	0.360	0.482	0.314	31.407	5897	4993
381	0.114	71.449	106.908	1.264	71.226	106.744	0.444	0.318	0.457	0.318	174.034	3372	5043
382	0.125	74.340	107.152	1.353	74.104	106.976	0.466	0.360	0.513	0.309	152.298	3504	5054
383	0.118	67.900	107.606	1.299	67.670	107.442	0.466	0.339	0.473	0.318	160.179	3201	5076
384	0.116	53.710	107.872	1.281	53.530	107.654	0.339	0.444	0.457	0.324	80.252	2536	5086
385	0.118	16.049	108.012	1.334	15.896	107.760	0.318	0.529	0.499	0.300	100.554	756	5091
386	0.110	79.677	108.133	1.264	79.460	107.971	0.444	0.318	0.464	0.303	164.302	3759	5101
387	0.113	69.814	108.750	1.269	69.575	108.585	0.466	0.318	0.467	0.309	169.823	3295	5130
388	0.111	45.741	109.537	1.251	45.572	109.326	0.339	0.423	0.442	0.319	75.489	2158	5165
389	0.111	51.367	109.603	1.279	51.139	109.410	0.444	0.381	0.457	0.309	30.560	2430	5169
390	0.114	103.693	109.922	1.261	103.505	109.728	0.381	0.423	0.459	0.317	126.725	4892	5184
391	0.109	56.802	110.045	1.256	56.642	109.813	0.318	0.466	0.474	0.293	111.683	2680	5188
392	0.106	80.753	110.196	1.226	80.603	109.961	0.296	0.466	0.453	0.298	93.799	3813	5195
393	0.111	62.866	110.146	1.251	62.653	109.982	0.444	0.318	0.452	0.312	165.947	2965	5196
394	0.117	105.625	110.270	1.316	105.431	110.024	0.360	0.466	0.485	0.307	62.050	4992	5198
395	0.116	58.339	110.302	1.304	58.102	110.109	0.444	0.381	0.480	0.308	147.287	2752	5202
396	0.114	65.862	110.603	1.269	65.701	110.384	0.339	0.444	0.460	0.316	104.948	3107	5215
397	0.138	112.174	110.635	1.443	111.993	110.384	0.381	0.508	0.530	0.333	67.829	5299	5215
398	0.106	81.090	110.769	1.214	80.920	110.554	0.339	0.423	0.442	0.306	114.948	3828	5223
399	0.119	88.722	110.930	1.336	88.477	110.786	0.508	0.296	0.520	0.291	12.967	4188	5234
400	0.114	26.658	111.040	1.256	26.501	110.808	0.318	0.466	0.465	0.312	102.025	1256	5235
401	0.105	105.024	111.159	1.214	104.838	110.977	0.381	0.381	0.443	0.301	134.280	4955	5243
402	0.089	49.248	111.245	1.124	49.086	111.062	0.318	0.381	0.397	0.285	63.815	2325	5247
403	0.105	49.687	111.225	1.232	49.445	111.062	0.466	0.318	0.462	0.290	162.904	2344	5247
404	0.113	40.359	111.711	1.281	40.153	111.527	0.402	0.381	0.464	0.311	37.086	1908	5269
405	0.114	35.628	112.373	1.299	35.475	112.141	0.318	0.487	0.480	0.303	79.527	1683	5298
406	0.110	65.556	112.407	1.251	65.405	112.183	0.318	0.444	0.456	0.306	102.338	3093	5300
407	0.115	88.425	112.765	1.311	88.265	112.522	0.318	0.487	0.474	0.309	82.147	4178	5316
408	0.129	115.354	112.858	1.376	115.168	112.628	0.360	0.508	0.497	0.329	103.490	5445	5321
409	0.124	96.636	112.955	1.329	96.393	112.797	0.508	0.318	0.505	0.312	10.658	4562	5329
410	0.121	75.021	113.213	1.321	74.803	113.009	0.444	0.402	0.499	0.310	140.047	3537	5339
411	0.101	83.735	113.499	1.196	83.566	113.284	0.318	0.423	0.425	0.302	108.568	3953	5352
412	0.101	70.599	114.486	1.196	70.443	114.279	0.318	0.423	0.443	0.290	113.087	3330	5399
413	0.110	73.203	114.635	1.239	73.004	114.448	0.381	0.381	0.432	0.324	136.337	3453	5407
414	0.103	65.711	115.475	1.226	65.553	115.252	0.318	0.444	0.448	0.293	107.828	3101	5445
415	0.113	25.154	115.562	1.269	24.998	115.337	0.318	0.466	0.468	0.307	97.995	1185	5449
416	0.103	57.177	115.652	1.239	57.023	115.422	0.318	0.444	0.451	0.292	103.905	2699	5453
417	0.098	69.099	115.650	1.154	68.919	115.464	0.360	0.360	0.407	0.307	135.735	3261	5455
418	0.106	96.903	115.661	1.226	96.689	115.506	0.444	0.318	0.455	0.297	164.287	4571	5457
419	0.109	104.073	115.973	1.251	103.907	115.761	0.318	0.444	0.443	0.313	85.511	4915	5469
420	0.117	39.626	116.010	1.346	39.455	115.782	0.360	0.487	0.521	0.287	57.981	1873	5470
421	0.114	56.622	116.148	1.256	56.430	115.951	0.402	0.381	0.474	0.306	136.211	2668	5478
422	0.118	94.097	116.420	1.329	93.916	116.205	0.360	0.466	0.474	0.317	65.918	4445	5490
423	0.100	62.760	116.795	1.244	62.590	116.586	0.339	0.423	0.459	0.278	122.515	2958	5508
424	0.119	106.413	116.961	1.339	106.193	116.755	0.444	0.423	0.506	0.300	138.498	5021	5516
425	0.110	62.951	117.980	1.239	62.780	117.771	0.339	0.423	0.456	0.307	118.248	2968	5564
426	0.117	59.258	118.060	1.311	59.097	117.814	0.318	0.487	0.491	0.303	106.229	2798	5566
427	0.116	75.937	118.099	1.286	75.777	117.856	0.318	0.487	0.477	0.309	104.692	3586	5568
428	0.116	84.119	118.258	1.316	83.947	118.004	0.339	0.487	0.477	0.308	83.285	3975	5575
429	0.112	65.578	118.739	1.256	65.405	118.512	0.360	0.423	0.457	0.311	125.325	3092	5599
430	0.108	71.653	118.885	1.246	71.522	118.660	0.275	0.466	0.477	0.287	89.537	3381	5606
431	0.119	81.864	119.596	1.323	81.703	119.359	0.318	0.487	0.476	0.319	83.401	3867	5639
432	0.116	91.401	119.904	1.281	91.250	119.655	0.296	0.487	0.481	0.306	93.483	4318	5653
433	0.118	117.589	120.056	1.323	117.433	119.824	0.318	0.466	0.471	0.319	79.112	5555	5661
434	0.120	94.437	120.788	1.329	94.276	120.544	0.339	0.487	0.492	0.311	73.352	4462	5695
435	0.128	90.317	121.043	1.383	90.128	120.798	0.360	0.487	0.502	0.325	69.279	4269	5707
436	0.117	61.029	121.036	1.281	60.833	120.840	0.381	0.402	0.476	0.314	129.634	2876	5709
437	0.125	83.461	121.282	1.323	83.291	121.052	0.339	0.466	0.487	0.327	109.570	3939	5719
438	0.104	58.083	121.888	1.239	57.912	121.687	0.360	0.402	0.453	0.293	121.133	2739	5749
439	0.106	53.299	122.574	1.209	53.150	122.343	0.296	0.444	0.437	0.308	91.550	2517	5780
440	0.117	50.477	122.573	1.299	50.250	122.407	0.466	0.339	0.464	0.321	170.822	2380	5783
441	0.114	51.922	122.939	1.269	51.710	122.767	0.423	0.360	0.455	0.318	153.352	2447	5800
442	0.116	110.264	123.051	1.323	110.109	122.809	0.318	0.487	0.481	0.308	108.027	5204	5802
443	0.125	84.563	123.273	1.323	84.392	123.042	0.339	0.466	0.478	0.334	78.116	3993	5813
444	0.109	48.093	123.314	1.214	47.900	123.127	0.381	0.381	0.430	0.324	43.805	2271	5817
445	0.110	95.149	123.567	1.281	94.996	123.317	0.296	0.487	0.483	0.289	80.636	4496	5826
446	0.129	61.508	123.852	1.364	61.299	123.634	0.423	0.444	0.500	0.328	132.503	2900	5841
447	0.108	71.450	124.011	1.226	71.289	123.804	0.339	0.423	0.429	0.322	106.244	3371	5849
448	0.125	84.585	124.600	1.353	84.413	124.354	0.339	0.487	0.492	0.323	75.432	3997	5875
449	0.104	68.013	124.982	1.244	67.860	124.756	0.318	0.466	0.447	0.296	95.951	3211	5894
450	0.132	47.353	125.039	1.376	47.138	124.820	0.423	0.444	0.506	0.331	47.852	2239	5897
451	0.111	99.164	125.163	1.239	98.996	124.968	0.360	0.402	0.436	0.324	63.154	4682	5904
452	0.104	96.484	126.062	1.256	96.330	125.836	0.318	0.466	0.465	0.286	68.405	4560	5945
453	0.102	96.662	128.592	1.244	96.499	128.376	0.318	0.444	0.467	0.277	64.448	4567	6065
454	0.105	86.692	128.634	1.251	86.529	128.418	0.318	0.444	0.456	0.294	80.313	4094	6067
