 	Area	X	Y	Perim.	BX	BY	Width	Height	Major	Minor	Angle	XStart	YStart
1	0.106	106.623	12.486	1.214	106.426	12.277	0.381	0.381	0.413	0.327	134.995	5034	580
2	0.142	120.180	18.656	1.463	120.015	18.373	0.318	0.550	0.554	0.327	91.292	5677	868
3	0.087	105.788	19.360	1.107	105.643	19.177	0.296	0.381	0.405	0.274	108.459	4993	906
4	0.117	68.811	19.927	1.288	68.622	19.748	0.381	0.360	0.391	0.381	111.720	3245	933
5	0.125	122.704	21.672	1.346	122.513	21.442	0.381	0.466	0.486	0.329	58.329	5798	1013
6	0.142	94.065	22.441	1.426	93.874	22.204	0.360	0.508	0.505	0.358	88.796	4441	1049
7	0.118	92.824	23.784	1.286	92.646	23.558	0.381	0.423	0.469	0.321	130.359	4380	1113
8	0.134	95.712	24.202	1.371	95.525	23.961	0.360	0.487	0.490	0.350	84.736	4520	1132
9	0.118	97.961	25.174	1.294	97.790	24.956	0.339	0.444	0.459	0.328	74.225	4627	1179
10	0.119	19.647	25.215	1.286	19.431	25.040	0.444	0.360	0.454	0.333	158.068	922	1183
11	0.128	58.247	25.991	1.371	58.039	25.781	0.423	0.423	0.491	0.332	43.437	2753	1218
12	0.163	9.411	26.385	1.593	9.165	26.162	0.487	0.466	0.526	0.393	138.121	439	1236
13	0.129	87.898	26.544	1.353	87.672	26.352	0.466	0.360	0.497	0.330	153.992	4147	1245
14	0.124	89.274	26.970	1.323	89.048	26.776	0.423	0.381	0.451	0.349	33.128	4218	1265
15	0.120	115.159	27.655	1.274	114.935	27.474	0.444	0.360	0.462	0.331	155.236	5436	1298
16	0.165	103.939	28.036	1.653	103.653	27.813	0.529	0.444	0.528	0.397	32.411	4911	1314
17	0.114	35.563	28.380	1.311	35.327	28.215	0.466	0.339	0.474	0.307	156.466	1674	1333
18	0.119	10.413	28.448	1.264	10.224	28.258	0.381	0.381	0.400	0.379	138.718	487	1335
19	0.105	126.841	29.019	1.196	126.661	28.829	0.360	0.381	0.399	0.335	53.979	5992	1362
20	0.139	109.844	29.078	1.406	109.622	28.850	0.423	0.466	0.509	0.349	125.204	5184	1363
21	0.133	80.068	29.807	1.406	79.820	29.633	0.487	0.360	0.495	0.341	15.045	3783	1400
22	0.119	53.774	30.253	1.304	53.552	30.078	0.466	0.360	0.469	0.324	25.494	2540	1421
23	0.106	100.920	30.323	1.239	100.774	30.078	0.296	0.466	0.466	0.290	83.446	4767	1421
24	0.127	67.450	30.981	1.323	67.246	30.798	0.423	0.381	0.474	0.341	36.021	3184	1455
25	0.122	96.378	31.295	1.299	96.202	31.073	0.360	0.444	0.466	0.334	64.573	4552	1468
26	0.137	87.201	31.526	1.401	86.974	31.327	0.466	0.402	0.518	0.337	145.951	4111	1480
27	0.139	70.692	32.224	1.450	70.527	31.962	0.339	0.529	0.554	0.320	75.452	3338	1510
28	0.122	72.695	32.714	1.323	72.517	32.491	0.339	0.466	0.485	0.321	111.968	3431	1535
29	0.116	127.244	32.841	1.264	127.042	32.660	0.402	0.360	0.445	0.332	142.583	6004	1543
30	0.141	98.023	33.824	1.486	97.811	33.592	0.444	0.466	0.541	0.331	45.657	4640	1587
31	0.108	47.049	34.032	1.209	46.842	33.867	0.423	0.318	0.428	0.323	168.575	2219	1600
32	0.155	105.215	34.572	1.605	105.029	34.311	0.381	0.529	0.544	0.364	101.902	4968	1621
33	0.113	66.535	34.499	1.269	66.315	34.332	0.444	0.339	0.447	0.322	161.481	3138	1622
34	0.136	92.296	34.609	1.418	92.096	34.354	0.423	0.466	0.501	0.345	125.638	4355	1623
35	0.126	127.877	34.599	1.359	127.635	34.417	0.487	0.360	0.485	0.331	12.577	6038	1626
36	0.157	126.937	35.236	1.486	126.746	34.967	0.381	0.529	0.523	0.382	88.350	5997	1652
37	0.125	79.502	36.096	1.341	79.333	35.878	0.360	0.466	0.467	0.342	69.199	3754	1695
38	0.147	123.277	36.294	1.461	123.042	36.089	0.487	0.402	0.503	0.371	18.856	5825	1705
39	0.131	128.424	36.486	1.413	128.206	36.322	0.487	0.360	0.469	0.355	0.428	6060	1716
40	0.132	88.899	36.934	1.376	88.688	36.682	0.402	0.466	0.480	0.349	57.867	4202	1733
41	0.125	37.034	37.007	1.359	36.872	36.745	0.339	0.508	0.505	0.316	108.664	1746	1736
42	0.133	85.838	37.632	1.353	85.619	37.444	0.444	0.381	0.482	0.350	30.269	4054	1769
43	0.121	97.071	37.664	1.336	96.838	37.507	0.487	0.318	0.499	0.309	167.167	4578	1772
44	0.138	86.169	38.086	1.413	86.000	37.825	0.339	0.529	0.515	0.340	84.782	4070	1787
45	0.121	60.014	38.113	1.346	59.838	37.867	0.360	0.466	0.477	0.323	108.947	2832	1789
46	0.114	76.125	38.174	1.274	75.925	37.994	0.444	0.360	0.450	0.323	154.671	3589	1795
47	0.134	63.123	38.507	1.388	62.928	38.269	0.381	0.487	0.527	0.322	117.062	2976	1808
48	0.141	49.276	38.995	1.436	49.022	38.798	0.508	0.402	0.503	0.357	18.768	2328	1833
49	0.173	9.993	39.076	1.575	9.694	38.883	0.593	0.381	0.591	0.372	168.596	465	1837
50	0.128	100.225	39.467	1.366	100.055	39.222	0.339	0.487	0.483	0.338	91.075	4735	1853
51	0.134	107.051	39.617	1.406	106.870	39.370	0.381	0.508	0.502	0.341	109.678	5054	1860
52	0.114	25.747	39.753	1.299	25.548	39.518	0.381	0.423	0.471	0.308	50.140	1220	1867
53	0.109	97.801	39.711	1.226	97.600	39.539	0.423	0.339	0.436	0.319	163.907	4616	1868
54	0.103	60.297	40.556	1.226	60.134	40.344	0.318	0.444	0.434	0.301	75.799	2848	1906
55	0.110	118.620	40.635	1.264	118.406	40.471	0.423	0.339	0.450	0.312	23.564	5603	1912
56	0.113	89.178	40.826	1.299	89.027	40.576	0.318	0.487	0.466	0.309	76.672	4211	1917
57	0.142	34.451	40.899	1.438	34.290	40.640	0.339	0.529	0.538	0.335	94.754	1624	1920
58	0.102	43.486	41.483	1.226	43.328	41.254	0.296	0.466	0.446	0.290	83.826	2055	1949
59	0.134	57.128	41.536	1.388	56.938	41.296	0.381	0.487	0.492	0.345	110.982	2696	1951
60	0.130	9.805	41.517	1.383	9.567	41.360	0.487	0.339	0.500	0.331	11.573	459	1954
61	0.127	107.852	41.978	1.346	107.633	41.762	0.423	0.423	0.478	0.339	46.582	5096	1973
62	0.108	74.509	42.202	1.299	74.316	41.974	0.360	0.423	0.449	0.306	56.180	3523	1983
63	0.114	86.316	42.224	1.323	86.148	41.995	0.339	0.466	0.473	0.308	106.868	4076	1984
64	0.123	36.864	42.183	1.341	36.597	42.016	0.508	0.318	0.499	0.313	4.930	1742	1985
65	0.123	78.478	42.557	1.316	78.296	42.312	0.360	0.466	0.491	0.318	61.779	3710	1999
66	0.116	95.883	42.840	1.311	95.673	42.651	0.423	0.381	0.463	0.320	146.180	4522	2015
67	0.125	82.958	43.230	1.364	82.762	42.990	0.381	0.487	0.512	0.311	121.343	3914	2031
68	0.124	69.058	43.507	1.311	68.855	43.328	0.444	0.360	0.452	0.349	161.245	3255	2047
69	0.138	72.999	43.820	1.431	72.813	43.561	0.381	0.508	0.527	0.333	66.718	3450	2058
70	0.108	58.325	45.039	1.281	58.166	44.810	0.296	0.487	0.463	0.297	84.107	2756	2117
71	0.116	51.616	45.231	1.274	51.414	45.022	0.402	0.402	0.471	0.313	136.218	2433	2127
72	0.151	125.151	45.543	1.461	124.968	45.276	0.381	0.508	0.516	0.371	109.289	5909	2139
73	0.136	91.687	45.855	1.359	91.482	45.635	0.423	0.423	0.495	0.351	134.545	4325	2156
74	0.117	80.481	46.002	1.294	80.328	45.762	0.318	0.466	0.473	0.316	82.696	3801	2162
75	0.151	41.436	46.447	1.461	41.190	46.228	0.487	0.423	0.518	0.371	33.768	1957	2184
76	0.112	54.094	46.633	1.276	53.954	46.397	0.296	0.466	0.469	0.304	93.304	2553	2192
77	0.137	112.702	46.647	1.411	112.458	46.440	0.508	0.402	0.522	0.333	145.635	5317	2194
78	0.132	55.466	46.793	1.376	55.266	46.567	0.402	0.466	0.500	0.337	118.992	2614	2200
79	0.129	107.142	46.790	1.359	106.934	46.588	0.423	0.423	0.491	0.336	47.452	5061	2201
80	0.127	95.406	47.250	1.346	95.208	47.011	0.381	0.466	0.482	0.336	58.413	4508	2221
81	0.148	117.068	47.299	1.441	116.840	47.054	0.444	0.487	0.517	0.364	47.589	5533	2223
82	0.125	64.212	47.514	1.323	64.029	47.308	0.360	0.444	0.463	0.343	63.085	3033	2235
83	0.095	64.746	47.622	1.159	64.537	47.456	0.423	0.318	0.425	0.286	18.878	3059	2242
84	0.138	73.565	47.751	1.413	73.385	47.498	0.360	0.508	0.531	0.332	108.526	3470	2244
85	0.166	120.706	47.823	1.528	120.502	47.562	0.402	0.529	0.537	0.394	102.297	5703	2247
86	0.127	28.168	47.804	1.359	27.919	47.625	0.466	0.381	0.497	0.326	147.129	1323	2250
87	0.131	59.320	48.076	1.388	59.118	47.837	0.402	0.466	0.502	0.332	122.040	2796	2260
88	0.140	81.916	48.212	1.443	81.746	47.942	0.339	0.550	0.550	0.325	77.273	3870	2265
89	0.108	79.189	48.481	1.256	78.994	48.281	0.402	0.381	0.444	0.311	40.789	3741	2281
90	0.130	80.897	48.609	1.329	80.708	48.387	0.381	0.444	0.470	0.353	120.523	3817	2286
91	0.138	74.666	48.740	1.426	74.422	48.556	0.487	0.381	0.527	0.334	155.027	3520	2294
92	0.130	59.394	49.042	1.388	59.203	48.768	0.360	0.508	0.497	0.334	103.904	2804	2304
93	0.139	114.493	49.216	1.436	114.279	48.980	0.423	0.487	0.520	0.341	54.210	5411	2314
94	0.141	76.553	49.272	1.406	76.306	49.086	0.487	0.402	0.499	0.359	156.596	3610	2319
95	0.119	77.001	49.292	1.311	76.814	49.086	0.360	0.444	0.454	0.333	66.758	3638	2319
96	0.131	44.680	49.427	1.346	44.450	49.234	0.466	0.381	0.503	0.331	26.646	2112	2326
97	0.108	60.150	49.634	1.244	59.923	49.466	0.444	0.339	0.439	0.313	153.345	2836	2337
98	0.107	70.005	49.764	1.209	69.829	49.572	0.360	0.381	0.422	0.323	54.480	3306	2342
99	0.101	84.024	50.651	1.196	83.862	50.440	0.318	0.423	0.435	0.296	70.693	3969	2383
100	0.137	65.218	50.753	1.413	64.982	50.546	0.466	0.402	0.518	0.337	145.514	3073	2388
101	0.112	55.422	50.737	1.234	55.224	50.567	0.402	0.339	0.429	0.331	162.081	2613	2389
102	0.133	71.801	51.378	1.388	71.607	51.139	0.381	0.487	0.501	0.337	118.539	3389	2416
103	0.119	37.931	51.389	1.286	37.740	51.181	0.381	0.423	0.449	0.338	52.259	1792	2418
104	0.108	68.351	51.611	1.237	68.136	51.435	0.444	0.360	0.424	0.326	159.773	3225	2430
105	0.120	93.992	51.689	1.311	93.790	51.477	0.402	0.402	0.468	0.327	44.802	4443	2432
106	0.110	44.339	52.143	1.251	44.132	51.964	0.423	0.339	0.447	0.313	156.781	2090	2455
107	0.129	45.726	52.628	1.376	45.487	52.430	0.466	0.402	0.519	0.316	145.307	2152	2477
108	0.109	105.107	52.885	1.239	104.944	52.684	0.339	0.423	0.431	0.323	71.567	4963	2489
109	0.126	124.477	53.607	1.329	124.270	53.404	0.423	0.402	0.491	0.328	138.854	5874	2523
110	0.146	31.023	53.799	1.438	30.861	53.530	0.339	0.529	0.536	0.346	88.146	1462	2529
111	0.125	31.453	53.750	1.364	31.242	53.530	0.444	0.423	0.519	0.306	136.819	1480	2529
112	0.118	60.251	54.173	1.264	60.029	54.017	0.444	0.318	0.460	0.328	4.866	2843	2552
113	0.124	69.315	54.450	1.334	69.130	54.208	0.360	0.487	0.497	0.317	115.862	3271	2561
114	0.114	20.881	54.615	1.269	20.701	54.398	0.360	0.423	0.446	0.325	62.258	987	2570
115	0.127	59.675	54.770	1.316	59.478	54.546	0.402	0.423	0.467	0.347	130.526	2816	2577
116	0.125	27.465	55.121	1.329	27.284	54.885	0.360	0.466	0.458	0.347	105.225	1295	2593
117	0.133	61.007	55.230	1.341	60.770	55.054	0.466	0.360	0.474	0.356	165.319	2877	2601
118	0.091	86.928	55.415	1.219	86.741	55.224	0.360	0.402	0.443	0.262	131.523	4099	2609
119	0.108	77.342	55.537	1.269	77.089	55.393	0.487	0.296	0.482	0.287	171.123	3649	2617
120	0.129	97.411	55.662	1.341	97.218	55.457	0.402	0.423	0.472	0.347	48.286	4601	2620
121	0.132	124.671	55.768	1.381	124.418	55.562	0.508	0.381	0.485	0.346	176.119	5886	2625
122	0.121	56.002	55.793	1.281	55.774	55.626	0.444	0.339	0.453	0.339	13.544	2643	2628
123	0.119	127.623	55.879	1.334	127.402	55.690	0.444	0.402	0.506	0.300	141.731	6022	2631
124	0.134	62.099	55.989	1.353	61.870	55.816	0.444	0.381	0.454	0.374	5.277	2930	2637
125	0.121	44.092	56.078	1.353	43.921	55.838	0.318	0.508	0.503	0.305	96.263	2080	2638
126	0.132	110.487	56.280	1.366	110.300	56.070	0.381	0.444	0.477	0.353	54.634	5219	2649
127	0.130	63.696	56.292	1.371	63.458	56.113	0.487	0.360	0.521	0.318	155.890	3000	2651
128	0.116	62.648	56.487	1.336	62.463	56.240	0.339	0.466	0.494	0.300	69.673	2960	2657
129	0.131	60.138	56.545	1.359	59.902	56.367	0.487	0.360	0.496	0.337	24.764	2838	2663
130	0.142	63.233	56.827	1.418	62.971	56.642	0.508	0.381	0.516	0.350	157.324	2981	2676
131	0.134	45.411	57.159	1.401	45.212	56.917	0.381	0.487	0.514	0.333	63.739	2146	2689
132	0.131	104.041	57.179	1.366	103.886	56.917	0.318	0.508	0.520	0.321	84.045	4913	2689
133	0.136	64.115	57.989	1.366	63.881	57.806	0.466	0.360	0.489	0.354	21.201	3028	2731
134	0.133	117.935	58.158	1.371	117.708	57.933	0.423	0.423	0.470	0.359	45.062	5573	2737
135	0.129	43.664	58.295	1.341	43.476	58.081	0.360	0.444	0.459	0.358	90.505	2059	2744
136	0.110	83.559	58.322	1.261	83.333	58.145	0.444	0.360	0.427	0.327	179.948	3948	2747
137	0.111	63.962	58.507	1.264	63.796	58.293	0.360	0.402	0.453	0.312	129.979	3014	2754
138	0.130	109.015	58.531	1.388	108.797	58.293	0.423	0.444	0.513	0.322	43.914	5155	2754
139	0.114	32.715	58.588	1.269	32.512	58.420	0.444	0.339	0.451	0.323	20.937	1543	2760
140	0.121	52.757	59.112	1.316	52.536	58.928	0.423	0.402	0.482	0.321	142.603	2486	2784
141	0.120	11.295	59.148	1.294	11.070	58.992	0.466	0.318	0.470	0.325	4.685	529	2787
142	0.138	73.563	59.489	1.424	73.300	59.288	0.508	0.402	0.505	0.349	153.233	3471	2801
143	0.137	113.272	61.155	1.388	113.051	60.939	0.423	0.444	0.472	0.369	130.578	5349	2879
144	0.117	41.554	61.237	1.269	41.338	61.066	0.444	0.339	0.464	0.322	157.969	1957	2885
145	0.143	57.571	61.332	1.463	57.404	61.066	0.318	0.550	0.549	0.332	95.312	2717	2885
146	0.136	67.925	61.599	1.388	67.691	61.383	0.444	0.423	0.490	0.353	41.284	3210	2900
147	0.116	45.769	61.601	1.274	45.551	61.404	0.423	0.381	0.440	0.336	143.795	2157	2901
148	0.110	43.168	62.323	1.276	42.926	62.166	0.444	0.318	0.451	0.310	10.376	2040	2937
149	0.139	27.001	62.538	1.411	26.797	62.294	0.402	0.508	0.526	0.336	120.432	1270	2943
150	0.134	46.821	62.474	1.366	46.588	62.294	0.466	0.360	0.490	0.347	169.034	2208	2943
151	0.128	105.878	62.542	1.478	105.622	62.378	0.529	0.339	0.506	0.321	8.933	5002	2947
152	0.112	104.330	62.854	1.256	104.182	62.611	0.318	0.466	0.459	0.312	102.189	4926	2958
153	0.125	48.841	63.188	1.353	48.620	62.971	0.423	0.402	0.475	0.335	36.933	2312	2975
154	0.105	103.460	63.174	1.239	103.272	62.971	0.381	0.381	0.437	0.307	135.604	4882	2975
155	0.109	56.276	63.241	1.281	56.113	63.013	0.318	0.466	0.479	0.289	66.757	2661	2977
156	0.112	96.841	63.589	1.256	96.668	63.373	0.339	0.444	0.469	0.305	114.297	4571	2994
157	0.118	66.887	63.594	1.316	66.675	63.394	0.402	0.423	0.496	0.304	129.444	3152	2995
158	0.120	78.734	63.754	1.299	78.550	63.542	0.381	0.423	0.481	0.318	54.037	3719	3002
159	0.123	84.503	63.783	1.299	84.307	63.585	0.381	0.423	0.417	0.375	79.066	3989	3004
160	0.120	86.548	63.923	1.286	86.360	63.712	0.381	0.423	0.471	0.323	54.948	4088	3010
161	0.124	58.233	64.116	1.341	58.060	63.881	0.360	0.466	0.480	0.328	63.938	2752	3018
162	0.125	77.900	64.067	1.329	77.660	63.881	0.444	0.381	0.451	0.352	21.787	3681	3018
163	0.116	71.417	64.256	1.294	71.247	64.029	0.339	0.444	0.455	0.325	103.614	3372	3025
164	0.123	98.127	64.459	1.366	97.959	64.220	0.339	0.487	0.499	0.313	110.684	4628	3034
165	0.120	107.673	64.391	1.323	107.442	64.220	0.466	0.339	0.473	0.322	162.989	5080	3034
166	0.116	37.840	64.842	1.269	37.613	64.685	0.444	0.339	0.443	0.333	168.952	1782	3056
167	0.111	75.005	65.078	1.261	74.824	64.855	0.360	0.444	0.458	0.307	115.012	3540	3064
168	0.128	64.975	65.771	1.364	64.749	65.553	0.444	0.423	0.497	0.328	138.457	3064	3097
169	0.092	70.938	65.821	1.149	70.802	65.617	0.275	0.423	0.424	0.276	98.257	3348	3100
170	0.122	80.648	65.927	1.329	80.433	65.722	0.423	0.402	0.481	0.322	146.239	3807	3105
171	0.116	55.812	66.439	1.304	55.584	66.252	0.444	0.381	0.456	0.325	149.078	2633	3130
172	0.113	79.538	66.511	1.274	79.333	66.315	0.423	0.381	0.474	0.303	140.462	3751	3133
173	0.129	75.008	66.607	1.388	74.803	66.358	0.402	0.466	0.513	0.319	52.913	3547	3135
174	0.131	85.028	66.570	1.359	84.815	66.358	0.423	0.423	0.483	0.345	43.080	4017	3135
175	0.149	61.384	66.664	1.486	61.129	66.463	0.487	0.423	0.528	0.360	147.455	2894	3140
176	0.117	67.103	66.912	1.306	66.929	66.675	0.318	0.466	0.481	0.310	89.092	3168	3150
177	0.124	25.648	67.249	1.346	25.421	67.035	0.444	0.402	0.488	0.323	142.278	1206	3167
178	0.118	118.918	68.105	1.316	118.724	67.903	0.402	0.402	0.454	0.332	135.565	5613	3208
179	0.145	69.740	68.255	1.436	69.511	68.030	0.444	0.466	0.513	0.359	132.739	3290	3214
180	0.107	48.757	68.250	1.239	48.556	68.051	0.381	0.381	0.425	0.320	42.595	2304	3215
181	0.107	41.396	68.287	1.256	41.169	68.136	0.466	0.318	0.477	0.285	161.101	1947	3219
182	0.119	17.579	68.505	1.311	17.357	68.326	0.444	0.360	0.477	0.317	24.685	832	3228
183	0.125	47.784	68.514	1.346	47.540	68.326	0.466	0.381	0.463	0.345	18.775	2258	3228
184	0.110	49.777	68.611	1.269	49.615	68.390	0.318	0.466	0.458	0.306	104.768	2349	3231
185	0.105	32.886	68.631	1.234	32.745	68.411	0.296	0.444	0.464	0.289	80.339	1552	3232
186	0.223	64.163	68.811	1.942	63.923	68.517	0.487	0.593	0.620	0.458	79.706	3030	3237
187	0.120	49.275	69.136	1.304	49.086	68.898	0.360	0.466	0.479	0.318	112.767	2325	3255
188	0.116	47.666	69.435	1.311	47.519	69.194	0.318	0.487	0.470	0.314	77.299	2251	3269
189	0.131	95.147	69.512	1.348	94.975	69.278	0.339	0.466	0.488	0.342	97.928	4491	3273
190	0.107	55.491	69.546	1.239	55.308	69.342	0.339	0.423	0.445	0.306	113.621	2617	3276
191	0.117	45.959	69.768	1.304	45.784	69.511	0.339	0.487	0.473	0.316	70.995	2171	3284
192	0.129	89.227	69.758	1.359	89.006	69.554	0.466	0.381	0.489	0.336	147.636	4208	3286
193	0.119	45.474	70.151	1.299	45.318	69.914	0.318	0.487	0.483	0.314	76.207	2148	3303
194	0.130	70.017	70.100	1.371	69.786	69.914	0.466	0.381	0.505	0.327	151.568	3299	3303
195	0.126	84.405	70.348	1.359	84.222	70.104	0.360	0.487	0.483	0.332	100.955	3987	3312
196	0.124	102.389	70.681	1.311	102.214	70.443	0.360	0.444	0.462	0.342	108.008	4834	3328
197	0.112	80.964	70.714	1.264	80.814	70.485	0.296	0.466	0.480	0.298	101.483	3821	3330
198	0.129	125.524	70.904	1.371	125.349	70.654	0.360	0.487	0.475	0.345	79.867	5929	3338
199	0.117	57.939	70.932	1.281	57.785	70.697	0.318	0.466	0.474	0.314	95.473	2734	3340
200	0.114	74.236	71.241	1.274	74.041	71.035	0.381	0.423	0.462	0.314	125.975	3504	3356
201	0.134	48.969	71.521	1.431	48.810	71.247	0.339	0.529	0.528	0.324	80.572	2313	3366
202	0.133	30.087	71.522	1.388	29.908	71.268	0.360	0.508	0.521	0.324	70.445	1422	3367
203	0.128	31.986	72.348	1.339	31.792	72.115	0.402	0.466	0.471	0.345	59.535	1512	3407
204	0.087	49.024	72.415	1.159	48.810	72.263	0.402	0.339	0.449	0.248	145.579	2309	3414
205	0.128	78.749	72.582	1.348	78.571	72.348	0.339	0.466	0.471	0.346	88.045	3718	3418
206	0.110	58.273	73.032	1.269	58.081	72.813	0.360	0.423	0.445	0.316	52.359	2758	3440
207	0.079	95.598	73.080	1.047	95.440	72.919	0.318	0.318	0.368	0.275	49.710	4515	3445
208	0.134	42.682	73.188	1.388	42.482	72.962	0.423	0.423	0.485	0.353	138.342	2011	3447
209	0.129	96.360	73.453	1.388	96.181	73.194	0.360	0.508	0.491	0.335	98.674	4552	3458
210	0.129	57.104	73.408	1.361	56.875	73.237	0.466	0.339	0.482	0.341	14.594	2697	3460
211	0.131	114.390	73.516	1.353	114.215	73.279	0.339	0.487	0.489	0.341	96.625	5401	3462
212	0.139	79.368	73.994	1.388	79.184	73.745	0.360	0.508	0.524	0.337	109.777	3745	3484
213	0.117	86.421	73.907	1.329	86.170	73.745	0.487	0.339	0.492	0.303	169.512	4083	3484
214	0.136	86.708	74.385	1.401	86.508	74.147	0.381	0.487	0.514	0.336	113.310	4092	3503
215	0.129	59.425	74.497	1.348	59.267	74.253	0.318	0.487	0.505	0.325	90.963	2804	3508
216	0.145	32.947	74.506	1.413	32.702	74.316	0.487	0.381	0.512	0.361	20.326	1555	3511
217	0.129	40.341	74.863	1.359	40.153	74.612	0.360	0.487	0.504	0.326	66.540	1909	3525
218	0.102	97.782	74.886	1.191	97.642	74.655	0.275	0.444	0.452	0.287	92.206	4618	3527
219	0.121	64.574	75.018	1.299	64.389	74.803	0.381	0.423	0.473	0.324	128.285	3045	3534
220	0.126	60.552	75.025	1.329	60.346	74.824	0.423	0.402	0.495	0.324	140.410	2853	3535
221	0.111	14.593	75.453	1.232	14.372	75.290	0.444	0.339	0.435	0.324	16.912	688	3557
222	0.127	28.651	75.533	1.346	28.469	75.290	0.381	0.466	0.492	0.328	118.545	1351	3557
223	0.125	58.290	75.543	1.359	58.102	75.290	0.381	0.466	0.487	0.327	116.634	2751	3557
224	0.132	26.865	75.650	1.341	26.670	75.438	0.381	0.444	0.481	0.350	121.304	1263	3564
225	0.117	26.084	75.991	1.288	25.929	75.756	0.296	0.466	0.479	0.312	86.664	1231	3579
226	0.117	41.053	76.014	1.281	40.830	75.840	0.444	0.339	0.452	0.331	12.764	1940	3583
227	0.096	48.353	76.081	1.191	48.175	75.925	0.381	0.339	0.430	0.285	39.255	2282	3587
228	0.128	82.268	76.220	1.364	82.084	75.967	0.402	0.466	0.479	0.341	124.417	3882	3589
229	0.119	22.302	76.311	1.301	22.098	76.115	0.381	0.381	0.448	0.338	42.690	1054	3596
230	0.133	59.389	76.706	1.406	59.203	76.454	0.381	0.487	0.523	0.324	117.038	2801	3612
231	0.143	87.835	76.831	1.436	87.609	76.602	0.466	0.444	0.537	0.340	41.011	4154	3619
232	0.115	58.508	76.871	1.281	58.357	76.623	0.296	0.487	0.481	0.305	94.369	2763	3620
233	0.127	54.947	77.000	1.364	54.758	76.772	0.381	0.487	0.483	0.335	115.305	2592	3627
234	0.122	70.129	76.994	1.299	69.914	76.814	0.444	0.360	0.448	0.346	20.795	3310	3629
235	0.115	76.537	77.280	1.279	76.348	77.068	0.402	0.423	0.439	0.333	125.085	3611	3641
236	0.123	76.987	77.827	1.304	76.793	77.618	0.381	0.444	0.479	0.326	122.789	3631	3667
237	0.129	62.452	77.895	1.341	62.251	77.682	0.381	0.444	0.486	0.338	124.769	2946	3670
238	0.124	90.704	78.137	1.329	90.530	77.893	0.360	0.466	0.469	0.337	115.056	4281	3680
239	0.129	104.388	78.501	1.418	104.204	78.211	0.360	0.529	0.506	0.323	100.763	4929	3695
240	0.138	100.193	78.631	1.401	100.012	78.380	0.360	0.508	0.506	0.346	106.985	4730	3703
241	0.116	91.512	78.614	1.256	91.334	78.401	0.360	0.423	0.439	0.335	122.148	4321	3704
242	0.124	56.911	79.079	1.346	56.706	78.888	0.444	0.402	0.494	0.320	39.062	2688	3727
243	0.123	29.518	79.470	1.329	29.316	79.248	0.402	0.423	0.486	0.323	47.287	1397	3744
244	0.150	124.193	79.621	1.491	123.952	79.396	0.487	0.444	0.542	0.351	40.793	5869	3751
245	0.138	17.807	79.857	1.401	17.611	79.608	0.381	0.487	0.511	0.344	108.531	837	3761
246	0.131	85.041	80.438	1.413	84.857	80.179	0.360	0.508	0.505	0.331	110.217	4012	3788
247	0.109	64.222	80.835	1.244	64.029	80.645	0.402	0.381	0.447	0.312	41.557	3034	3810
248	0.127	88.810	81.044	1.353	88.646	80.793	0.318	0.508	0.505	0.320	87.926	4194	3817
249	0.129	64.444	81.629	1.381	64.241	81.386	0.423	0.466	0.516	0.318	127.606	3040	3845
250	0.107	51.776	81.596	1.209	51.562	81.428	0.423	0.318	0.432	0.315	3.911	2446	3847
251	0.131	91.582	82.096	1.371	91.377	81.894	0.402	0.444	0.483	0.345	124.839	4318	3869
252	0.116	90.972	82.461	1.286	90.805	82.232	0.318	0.487	0.466	0.317	82.138	4298	3885
253	0.128	92.976	82.820	1.366	92.816	82.571	0.339	0.487	0.505	0.323	101.469	4389	3901
254	0.145	53.363	83.227	1.508	53.150	82.973	0.423	0.487	0.509	0.362	59.408	2522	3920
255	0.167	32.408	83.187	1.558	32.131	82.994	0.572	0.381	0.582	0.364	163.313	1521	3921
256	0.119	88.828	83.297	1.299	88.625	83.100	0.381	0.423	0.454	0.334	125.482	4191	3926
257	0.147	79.787	83.623	1.498	79.608	83.354	0.360	0.529	0.542	0.344	104.243	3766	3938
258	0.148	83.062	83.835	1.436	82.846	83.608	0.444	0.466	0.520	0.362	128.778	3918	3950
259	0.130	53.733	84.127	1.388	53.573	83.884	0.339	0.508	0.494	0.335	100.984	2535	3963
260	0.121	64.004	84.132	1.346	63.818	83.884	0.381	0.466	0.478	0.324	120.682	3019	3963
261	0.130	83.988	84.278	1.418	83.820	84.011	0.360	0.508	0.538	0.308	114.058	3964	3969
262	0.117	63.205	84.283	1.321	63.034	84.032	0.339	0.508	0.512	0.291	114.158	2981	3970
263	0.152	27.347	84.533	1.496	27.093	84.328	0.529	0.402	0.530	0.365	23.890	1292	3984
264	0.128	55.760	84.555	1.348	55.605	84.328	0.339	0.466	0.474	0.343	91.516	2628	3984
265	0.143	80.329	84.518	1.453	80.074	84.328	0.508	0.402	0.487	0.375	0.871	3792	3984
266	0.138	99.363	84.739	1.406	99.166	84.476	0.381	0.508	0.498	0.352	113.953	4693	3991
267	0.123	108.131	84.744	1.334	107.908	84.518	0.423	0.423	0.452	0.346	40.671	5111	3993
268	0.114	94.444	84.862	1.291	94.255	84.646	0.360	0.444	0.436	0.332	60.837	4465	3999
269	0.123	79.415	84.927	1.306	79.248	84.688	0.318	0.466	0.474	0.331	89.796	3750	4001
270	0.129	91.909	85.060	1.408	91.736	84.836	0.339	0.487	0.493	0.333	80.452	4339	4008
271	0.145	76.508	85.311	1.424	76.285	85.090	0.444	0.444	0.503	0.366	133.945	3609	4020
272	0.060	71.808	85.369	0.962	71.692	85.196	0.233	0.360	0.364	0.211	75.148	3392	4025
273	0.128	124.004	85.725	1.359	123.825	85.492	0.360	0.487	0.501	0.325	69.118	5858	4039
274	0.119	97.292	85.924	1.291	97.113	85.704	0.360	0.444	0.442	0.343	116.576	4592	4049
275	0.127	70.762	85.920	1.334	70.527	85.725	0.466	0.381	0.476	0.339	25.723	3343	4050
276	0.124	110.541	86.299	1.366	110.363	86.064	0.339	0.466	0.487	0.323	99.366	5219	4066
277	0.153	52.993	87.031	1.491	52.768	86.826	0.487	0.444	0.528	0.369	40.670	2502	4102
278	0.120	97.466	87.054	1.329	97.218	86.889	0.487	0.339	0.468	0.325	172.299	4600	4105
279	0.115	30.125	87.083	1.286	29.908	86.932	0.466	0.339	0.456	0.320	171.219	1415	4107
280	0.121	37.222	87.222	1.294	37.020	87.037	0.423	0.360	0.439	0.351	175.596	1755	4112
281	0.147	59.551	87.328	1.526	59.330	87.101	0.444	0.466	0.504	0.370	123.844	2808	4115
282	0.125	79.631	87.479	1.346	79.438	87.249	0.381	0.466	0.502	0.318	117.154	3758	4122
283	0.136	41.629	87.839	1.438	41.423	87.609	0.402	0.444	0.496	0.350	54.090	1966	4139
284	0.163	122.714	87.931	1.545	122.449	87.715	0.529	0.423	0.574	0.361	26.511	5801	4144
285	0.135	47.128	88.248	1.383	46.884	88.053	0.466	0.381	0.466	0.368	179.232	2224	4160
286	0.125	89.501	88.303	1.359	89.344	88.053	0.339	0.508	0.490	0.326	88.895	4226	4160
287	0.125	79.544	88.420	1.341	79.333	88.223	0.423	0.402	0.502	0.317	138.495	3751	4168
288	0.120	50.429	88.576	1.359	50.250	88.350	0.360	0.466	0.464	0.329	87.758	2380	4174
289	0.143	55.218	88.651	1.448	55.012	88.392	0.402	0.508	0.513	0.356	70.764	2609	4176
290	0.124	47.070	88.787	1.334	46.863	88.561	0.402	0.444	0.475	0.332	122.568	2219	4184
291	0.117	96.363	89.023	1.294	96.202	88.794	0.318	0.466	0.463	0.323	96.437	4549	4195
292	0.139	64.395	89.357	1.556	64.135	89.154	0.487	0.423	0.481	0.369	151.925	3037	4212
293	0.124	46.530	89.388	1.371	46.292	89.196	0.487	0.360	0.472	0.335	173.450	2194	4214
294	0.116	32.548	89.561	1.341	32.300	89.387	0.487	0.339	0.494	0.298	166.011	1535	4223
295	0.138	82.938	89.820	1.413	82.762	89.556	0.360	0.508	0.510	0.346	77.804	3917	4231
296	0.146	55.293	90.201	1.413	55.097	89.958	0.381	0.487	0.504	0.368	72.838	2612	4250
297	0.154	87.730	90.305	1.503	87.482	90.085	0.508	0.423	0.520	0.377	155.064	4142	4256
298	0.134	61.045	90.516	1.431	60.812	90.339	0.487	0.381	0.471	0.362	16.910	2877	4268
299	0.126	92.171	90.556	1.346	91.927	90.382	0.487	0.360	0.459	0.349	14.382	4350	4270
300	0.144	72.261	90.663	1.468	72.051	90.403	0.381	0.508	0.514	0.358	91.705	3411	4271
301	0.146	58.968	90.679	1.448	58.738	90.488	0.487	0.402	0.496	0.374	21.477	2784	4275
302	0.136	111.667	90.770	1.388	111.485	90.530	0.381	0.487	0.491	0.353	106.879	5272	4277
303	0.138	100.185	91.084	1.413	99.949	90.890	0.466	0.402	0.505	0.347	147.087	4726	4294
304	0.042	60.245	91.031	0.793	60.134	90.911	0.254	0.233	0.250	0.214	46.900	2844	4295
305	0.129	67.954	91.277	1.371	67.733	91.080	0.423	0.402	0.462	0.355	43.279	3210	4303
306	0.124	91.878	91.711	1.381	91.673	91.482	0.402	0.466	0.457	0.345	108.978	4338	4322
307	0.144	80.481	91.919	1.473	80.264	91.673	0.402	0.487	0.528	0.347	60.287	3803	4331
308	0.150	39.992	91.861	1.486	39.709	91.694	0.572	0.339	0.558	0.341	172.020	1880	4332
309	0.117	44.142	91.911	1.286	43.921	91.736	0.444	0.360	0.457	0.327	159.410	2080	4334
310	0.128	42.165	92.595	1.376	41.974	92.350	0.381	0.487	0.510	0.320	115.277	1988	4363
311	0.132	82.924	92.644	1.383	82.719	92.435	0.423	0.423	0.494	0.340	48.357	3916	4367
312	0.126	41.002	92.715	1.341	40.830	92.477	0.360	0.466	0.476	0.337	103.355	1934	4369
313	0.143	62.357	92.786	1.556	62.103	92.541	0.444	0.529	0.493	0.369	92.209	2943	4372
314	0.125	84.815	92.805	1.371	84.646	92.562	0.339	0.466	0.476	0.336	101.794	4004	4373
315	0.122	83.394	92.979	1.323	83.227	92.752	0.339	0.466	0.470	0.330	97.156	3936	4382
316	0.117	117.050	93.100	1.316	116.882	92.858	0.318	0.487	0.471	0.318	86.758	5530	4387
317	0.123	76.671	93.234	1.346	76.454	93.049	0.444	0.381	0.466	0.337	149.868	3616	4396
318	0.119	45.468	93.243	1.316	45.212	93.070	0.487	0.339	0.474	0.320	11.192	2153	4397
319	0.124	111.292	93.440	1.316	111.104	93.218	0.381	0.444	0.479	0.330	56.856	5258	4404
320	0.145	86.531	93.513	1.466	86.296	93.282	0.487	0.444	0.539	0.342	142.347	4083	4407
321	0.127	53.953	93.518	1.401	53.763	93.303	0.402	0.444	0.453	0.356	65.798	2543	4408
322	0.116	27.721	94.412	1.264	27.559	94.192	0.318	0.444	0.454	0.327	86.159	1308	4450
323	0.134	50.196	94.510	1.376	49.974	94.298	0.444	0.423	0.485	0.353	36.610	2374	4455
324	0.133	73.989	94.756	1.388	73.808	94.509	0.360	0.508	0.494	0.343	80.161	3495	4465
325	0.127	42.436	94.781	1.341	42.206	94.594	0.466	0.360	0.471	0.344	15.752	2004	4469
326	0.120	78.201	95.025	1.394	77.978	94.827	0.466	0.381	0.467	0.328	147.207	3687	4480
327	0.134	79.851	95.020	1.371	79.608	94.827	0.487	0.360	0.488	0.349	164.695	3769	4480
328	0.137	94.108	95.296	1.408	93.938	95.038	0.339	0.508	0.528	0.329	104.638	4442	4490
329	0.150	62.635	95.364	1.526	62.421	95.081	0.423	0.550	0.535	0.356	63.375	2959	4492
330	0.166	74.623	95.422	1.540	74.337	95.229	0.550	0.381	0.554	0.382	7.646	3526	4499
331	0.136	90.150	95.937	1.388	89.958	95.694	0.402	0.466	0.496	0.348	120.771	4254	4521
332	0.134	38.638	95.991	1.401	38.375	95.822	0.508	0.360	0.493	0.344	12.671	1826	4527
333	0.121	78.049	96.097	1.304	77.851	95.885	0.423	0.402	0.449	0.343	138.049	3681	4530
334	0.136	107.142	96.256	1.424	106.955	95.991	0.381	0.508	0.495	0.350	81.642	5060	4535
335	0.175	59.682	96.368	1.648	59.372	96.181	0.614	0.381	0.613	0.364	167.754	2810	4544
336	0.133	62.120	96.629	1.418	61.891	96.414	0.444	0.423	0.450	0.375	40.893	2934	4555
337	0.116	89.162	97.417	1.294	88.921	97.261	0.466	0.318	0.463	0.319	177.651	4210	4595
338	0.121	77.503	97.456	1.341	77.258	97.303	0.508	0.318	0.505	0.304	170.319	3654	4597
339	0.134	84.175	97.690	1.441	83.905	97.472	0.508	0.402	0.472	0.361	147.503	3972	4605
340	0.110	36.081	97.773	1.232	35.878	97.578	0.402	0.381	0.451	0.311	142.134	1701	4610
341	0.154	82.704	97.936	1.623	82.444	97.684	0.487	0.487	0.512	0.384	51.185	3908	4615
342	0.129	94.669	98.011	1.371	94.424	97.832	0.466	0.381	0.488	0.336	155.026	4468	4622
343	0.153	73.655	98.091	1.645	73.342	97.896	0.572	0.402	0.521	0.374	158.462	3472	4625
344	0.129	32.625	98.285	1.366	32.385	98.108	0.466	0.360	0.479	0.343	14.019	1541	4635
345	0.174	66.480	98.336	1.623	66.209	98.129	0.550	0.423	0.538	0.412	0.800	3139	4636
346	0.126	102.244	98.508	1.371	102.044	98.277	0.381	0.444	0.479	0.335	60.674	4830	4643
347	0.117	36.685	98.527	1.286	36.470	98.340	0.423	0.381	0.478	0.312	37.018	1733	4646
348	0.131	48.152	98.655	1.364	47.942	98.467	0.444	0.402	0.482	0.346	38.108	2272	4652
349	0.146	80.928	98.776	1.448	80.666	98.594	0.508	0.402	0.486	0.381	3.015	3818	4658
350	0.117	88.289	98.892	1.274	88.074	98.700	0.423	0.381	0.426	0.351	174.035	4170	4663
351	0.145	49.354	99.104	1.558	49.149	98.827	0.402	0.529	0.525	0.351	120.748	2324	4669
352	0.127	12.714	99.665	1.359	12.467	99.483	0.487	0.360	0.503	0.321	151.295	593	4700
353	0.152	65.961	99.895	1.551	65.765	99.653	0.381	0.508	0.513	0.377	76.191	3116	4708
354	0.132	78.951	99.908	1.406	78.719	99.695	0.444	0.423	0.471	0.357	142.144	3728	4710
355	0.132	44.346	100.025	1.378	44.132	99.843	0.444	0.381	0.492	0.341	30.941	2094	4717
356	0.137	61.142	100.120	1.413	60.960	99.864	0.381	0.487	0.518	0.336	115.396	2884	4718
357	0.147	88.468	100.136	1.466	88.265	99.886	0.402	0.508	0.516	0.361	113.586	4178	4719
358	0.147	86.603	100.452	1.448	86.402	100.203	0.423	0.487	0.518	0.360	120.915	4086	4734
359	0.109	41.940	100.555	1.299	41.741	100.351	0.381	0.423	0.478	0.290	130.450	1978	4741
360	0.122	60.276	100.963	1.359	60.050	100.753	0.423	0.423	0.495	0.315	130.151	2841	4760
361	0.121	32.341	101.002	1.299	32.152	100.817	0.423	0.381	0.446	0.344	30.347	1526	4763
362	0.150	48.148	101.211	1.508	47.879	101.029	0.529	0.381	0.517	0.368	9.647	2274	4773
363	0.134	53.029	101.679	1.413	52.832	101.431	0.381	0.487	0.481	0.353	79.498	2507	4792
364	0.136	31.638	101.743	1.406	31.411	101.494	0.423	0.466	0.499	0.346	51.947	1497	4795
365	0.137	62.246	102.122	1.408	62.061	101.875	0.360	0.487	0.506	0.344	103.719	2937	4813
366	0.127	46.264	102.256	1.341	46.101	102.002	0.339	0.487	0.486	0.332	81.595	2187	4819
367	0.129	41.198	102.277	1.366	40.958	102.108	0.487	0.339	0.511	0.321	165.910	1941	4824
368	0.138	82.005	102.351	1.396	81.767	102.150	0.444	0.402	0.473	0.373	151.845	3871	4826
369	0.150	116.329	102.376	1.563	116.057	102.193	0.529	0.360	0.526	0.362	2.756	5492	4828
370	0.144	23.670	102.473	1.408	23.432	102.298	0.487	0.360	0.505	0.362	173.614	1112	4833
371	0.154	65.462	102.727	1.491	65.214	102.510	0.508	0.423	0.500	0.391	17.078	3091	4843
372	0.143	80.883	103.227	1.413	80.645	103.039	0.487	0.381	0.503	0.363	162.326	3815	4868
373	0.129	94.096	103.556	1.371	93.916	103.293	0.360	0.487	0.487	0.338	106.908	4443	4880
374	0.149	53.975	103.530	1.473	53.721	103.336	0.508	0.402	0.505	0.375	18.493	2552	4882
375	0.127	46.959	103.660	1.359	46.778	103.420	0.360	0.487	0.495	0.327	73.205	2218	4886
376	0.129	90.947	103.708	1.376	90.763	103.463	0.360	0.487	0.493	0.333	106.749	4293	4888
377	0.142	49.257	103.743	1.418	49.022	103.526	0.466	0.423	0.512	0.352	35.012	2331	4891
378	0.135	64.211	103.754	1.381	64.008	103.526	0.423	0.444	0.476	0.360	133.019	3029	4891
379	0.147	78.853	103.737	1.408	78.613	103.547	0.466	0.381	0.482	0.387	4.384	3724	4892
380	0.114	55.515	103.977	1.269	55.308	103.801	0.423	0.360	0.456	0.319	146.944	2614	4904
381	0.112	78.046	104.111	1.251	77.830	103.950	0.423	0.339	0.434	0.330	18.852	3686	4911
382	0.115	62.737	104.316	1.286	62.505	104.140	0.444	0.360	0.464	0.315	30.911	2964	4920
383	0.139	90.865	104.564	1.394	90.636	104.352	0.466	0.423	0.497	0.356	40.021	4292	4930
384	0.119	63.283	104.594	1.311	63.119	104.373	0.339	0.444	0.446	0.339	90.046	2991	4931
385	0.129	79.375	104.803	1.341	79.142	104.627	0.466	0.360	0.455	0.360	167.345	3745	4943
386	0.126	115.620	104.910	1.359	115.380	104.733	0.487	0.360	0.474	0.340	167.221	5457	4948
387	0.128	96.325	105.215	1.329	96.097	105.029	0.466	0.360	0.471	0.345	11.898	4551	4962
388	0.123	87.262	105.542	1.341	87.101	105.283	0.318	0.508	0.493	0.317	94.863	4121	4974
389	0.147	11.132	105.664	1.473	10.880	105.474	0.508	0.381	0.512	0.366	171.072	522	4983
390	0.147	57.432	106.195	1.466	57.192	105.982	0.487	0.444	0.545	0.344	39.118	2714	5007
391	0.122	42.668	106.414	1.311	42.503	106.193	0.339	0.466	0.466	0.334	79.449	2013	5017
392	0.144	62.007	106.485	1.580	61.786	106.214	0.466	0.529	0.575	0.318	48.935	2935	5018
393	0.116	44.882	106.491	1.299	44.640	106.341	0.487	0.318	0.481	0.307	1.852	2115	5024
394	0.131	109.460	106.542	1.353	109.220	106.362	0.487	0.339	0.481	0.348	175.210	5166	5025
395	0.121	25.171	106.666	1.294	24.998	106.447	0.339	0.444	0.463	0.332	69.272	1190	5029
396	0.126	51.516	106.714	1.346	51.287	106.511	0.444	0.402	0.497	0.322	145.714	2430	5032
397	0.141	68.219	106.894	1.443	67.966	106.701	0.508	0.381	0.530	0.338	18.365	3230	5041
398	0.124	53.353	107.332	1.316	53.150	107.124	0.402	0.423	0.494	0.320	129.821	2513	5061
399	0.114	69.713	107.596	1.274	69.532	107.378	0.360	0.444	0.459	0.317	117.682	3290	5073
400	0.118	76.940	107.707	1.299	76.729	107.527	0.423	0.381	0.470	0.320	146.015	3627	5080
401	0.155	92.156	107.790	1.461	91.906	107.590	0.508	0.402	0.506	0.390	164.436	4348	5083
402	0.121	79.336	107.820	1.321	79.142	107.611	0.402	0.423	0.453	0.341	48.139	3749	5084
403	0.121	86.805	107.872	1.316	86.572	107.696	0.466	0.360	0.498	0.308	150.101	4093	5088
404	0.134	70.561	108.570	1.376	70.337	108.352	0.444	0.423	0.484	0.352	136.463	3327	5119
405	0.123	83.117	108.811	1.334	82.868	108.627	0.466	0.381	0.461	0.339	24.848	3927	5132
406	0.237	83.024	109.347	1.954	82.783	109.030	0.508	0.635	0.655	0.462	97.753	3919	5151
407	0.120	103.699	109.342	1.323	103.547	109.093	0.318	0.487	0.490	0.311	99.935	4896	5154
408	0.149	103.144	109.349	1.461	102.934	109.114	0.423	0.487	0.526	0.361	53.873	4873	5155
409	0.128	58.164	109.698	1.401	57.997	109.432	0.339	0.529	0.545	0.299	106.116	2743	5170
410	0.108	38.522	109.811	1.244	38.290	109.643	0.444	0.339	0.451	0.305	18.121	1821	5180
411	0.140	89.190	109.925	1.431	89.027	109.664	0.360	0.529	0.505	0.353	86.445	4212	5181
412	0.133	26.721	110.047	1.366	26.522	109.834	0.402	0.423	0.493	0.343	49.879	1262	5189
413	0.133	74.415	110.166	1.394	74.210	109.940	0.444	0.444	0.498	0.339	132.863	3510	5194
414	0.116	29.478	110.136	1.269	29.252	109.961	0.444	0.339	0.444	0.331	8.411	1392	5195
415	0.135	13.453	110.191	1.396	13.187	110.024	0.508	0.339	0.509	0.338	171.759	630	5198
416	0.128	98.266	110.329	1.351	98.044	110.130	0.444	0.402	0.477	0.342	143.839	4637	5203
417	0.139	95.889	110.422	1.431	95.652	110.215	0.466	0.423	0.531	0.334	35.937	4532	5207
418	0.129	78.673	110.531	1.376	78.465	110.321	0.444	0.423	0.504	0.326	140.426	3709	5212
419	0.121	94.143	111.088	1.329	93.895	110.913	0.466	0.360	0.462	0.334	15.148	4448	5240
420	0.112	48.065	111.377	1.269	47.921	111.125	0.296	0.487	0.477	0.300	88.191	2270	5250
421	0.126	76.847	111.529	1.341	76.666	111.294	0.360	0.466	0.491	0.327	112.189	3627	5258
422	0.125	80.767	111.638	1.304	80.539	111.442	0.444	0.381	0.453	0.351	152.629	3812	5265
423	0.107	86.803	112.175	1.256	86.593	111.993	0.423	0.360	0.451	0.302	27.498	4103	5291
424	0.125	67.557	112.236	1.311	67.331	112.056	0.444	0.360	0.471	0.338	20.015	3192	5294
425	0.133	73.827	112.892	1.366	73.596	112.712	0.466	0.360	0.488	0.346	160.461	3481	5325
426	0.119	91.970	112.888	1.323	91.736	112.734	0.487	0.318	0.497	0.304	14.506	4344	5326
427	0.134	104.801	113.641	1.376	104.606	113.411	0.381	0.487	0.501	0.340	115.609	4945	5358
428	0.140	72.341	113.838	1.396	72.094	113.665	0.487	0.360	0.502	0.355	165.116	3410	5370
429	0.120	48.079	113.946	1.311	47.879	113.728	0.381	0.423	0.441	0.347	56.305	2271	5373
430	0.125	98.557	114.168	1.366	98.383	113.919	0.360	0.466	0.507	0.315	119.117	4652	5382
431	0.134	33.437	114.410	1.376	33.232	114.194	0.423	0.444	0.498	0.343	51.022	1579	5395
432	0.124	105.980	115.161	1.329	105.749	114.998	0.487	0.339	0.481	0.327	168.228	4999	5433
433	0.133	15.669	115.337	1.429	15.409	115.126	0.487	0.423	0.490	0.345	28.356	744	5439
434	0.141	24.868	115.319	1.401	24.638	115.126	0.466	0.402	0.489	0.368	26.903	1173	5439
435	0.101	88.171	115.339	1.167	87.969	115.189	0.402	0.318	0.411	0.313	2.508	4162	5442
436	0.120	50.061	115.713	1.291	49.869	115.485	0.381	0.444	0.459	0.332	126.490	2363	5456
437	0.134	73.700	116.166	1.359	73.470	115.972	0.466	0.381	0.489	0.350	155.715	3475	5479
438	0.126	102.877	116.224	1.353	102.658	116.036	0.444	0.381	0.480	0.334	149.618	4851	5482
439	0.099	46.265	117.113	1.167	46.122	116.904	0.296	0.423	0.423	0.298	91.782	2182	5523
440	0.119	38.899	117.186	1.341	38.650	117.009	0.487	0.339	0.502	0.302	22.962	1840	5528
441	0.133	51.287	117.767	1.443	51.075	117.496	0.381	0.508	0.508	0.333	63.540	2426	5551
442	0.132	26.930	118.198	1.376	26.712	117.983	0.423	0.444	0.494	0.339	134.378	1265	5574
443	0.114	96.379	118.246	1.269	96.160	118.068	0.423	0.360	0.442	0.328	150.804	4549	5578
444	0.109	90.981	118.346	1.299	90.742	118.195	0.508	0.296	0.505	0.274	5.738	4298	5584
445	0.122	32.023	118.546	1.323	31.856	118.300	0.318	0.487	0.481	0.324	95.925	1513	5589
446	0.100	89.145	119.014	1.167	88.942	118.851	0.402	0.318	0.415	0.308	165.526	4208	5615
447	0.145	61.029	119.429	1.493	60.854	119.147	0.339	0.550	0.579	0.319	75.542	2884	5629
448	0.124	54.951	119.811	1.306	54.800	119.570	0.318	0.466	0.479	0.330	85.812	2593	5649
449	0.128	68.232	119.752	1.341	67.987	119.592	0.487	0.339	0.471	0.345	1.030	3218	5650
450	0.145	42.618	120.309	1.431	42.397	120.078	0.444	0.444	0.535	0.346	135.510	2007	5673
451	0.112	22.718	120.381	1.256	22.542	120.163	0.360	0.423	0.461	0.309	122.544	1069	5677
452	0.129	52.406	120.361	1.378	52.155	120.206	0.508	0.318	0.515	0.318	169.872	2468	5679
453	0.137	62.894	120.596	1.406	62.696	120.354	0.402	0.487	0.518	0.337	119.942	2966	5686
454	0.146	58.611	120.629	1.545	58.378	120.396	0.423	0.487	0.474	0.391	109.337	2771	5688
455	0.125	70.995	120.776	1.294	70.781	120.608	0.444	0.339	0.471	0.339	163.938	3346	5698
456	0.117	63.840	121.030	1.281	63.627	120.862	0.444	0.339	0.460	0.325	163.583	3009	5710
457	0.101	34.375	121.080	1.196	34.163	120.904	0.402	0.339	0.441	0.291	33.510	1625	5712
458	0.125	57.486	121.485	1.329	57.256	121.306	0.466	0.360	0.471	0.338	157.182	2711	5731
459	0.142	26.670	121.570	1.568	26.395	121.370	0.529	0.381	0.510	0.353	163.280	1257	5734
460	0.126	82.323	122.388	1.341	82.106	122.174	0.402	0.423	0.472	0.340	50.450	3889	5772
461	0.135	49.031	122.501	1.371	48.789	122.322	0.487	0.360	0.489	0.351	14.379	2313	5779
462	0.116	96.958	123.056	1.294	96.774	122.830	0.360	0.423	0.451	0.329	116.326	4575	5803
463	0.127	76.365	123.144	1.341	76.136	122.957	0.444	0.381	0.470	0.344	29.773	3607	5809
464	0.114	84.317	124.085	1.281	84.095	123.910	0.444	0.339	0.461	0.315	161.520	3981	5854
465	0.125	89.969	124.094	1.329	89.747	123.910	0.466	0.360	0.481	0.332	156.004	4243	5854
466	0.131	76.739	124.248	1.366	76.475	124.079	0.487	0.339	0.482	0.347	176.802	3621	5862
467	0.153	97.180	124.636	1.473	97.007	124.354	0.360	0.550	0.544	0.359	84.086	4591	5875
468	0.125	55.351	124.615	1.334	55.118	124.418	0.444	0.402	0.462	0.345	140.721	2611	5878
469	0.124	65.932	124.685	1.334	65.701	124.502	0.487	0.360	0.465	0.340	173.822	3112	5882
470	0.148	40.727	125.309	1.468	40.534	125.053	0.381	0.508	0.533	0.354	65.649	1927	5908
471	0.124	68.181	125.582	1.359	67.987	125.370	0.402	0.444	0.516	0.305	54.182	3222	5923
472	0.101	44.543	125.805	1.179	44.386	125.603	0.318	0.402	0.441	0.293	64.701	2103	5934
473	0.106	58.668	125.783	1.209	58.462	125.624	0.423	0.318	0.447	0.301	158.381	2764	5935
474	0.125	62.465	125.888	1.359	62.209	125.709	0.487	0.360	0.474	0.336	19.024	2952	5939
475	0.128	88.010	126.053	1.359	87.820	125.815	0.381	0.466	0.497	0.328	58.127	4159	5944
476	0.112	76.722	126.141	1.256	76.518	125.963	0.402	0.360	0.434	0.327	29.536	3623	5951
477	0.117	85.686	126.311	1.299	85.513	126.090	0.360	0.444	0.459	0.326	113.489	4044	5957
478	0.121	15.957	126.386	1.316	15.769	126.174	0.381	0.444	0.475	0.326	55.954	754	5961
479	0.119	25.287	126.380	1.348	25.082	126.196	0.423	0.381	0.492	0.309	44.385	1193	5962
480	0.111	86.572	126.413	1.244	86.360	126.238	0.423	0.360	0.427	0.330	38.116	4087	5964
481	0.139	19.391	126.661	1.418	19.177	126.450	0.466	0.423	0.503	0.353	34.982	917	5974
482	0.131	55.969	126.851	1.353	55.732	126.661	0.466	0.360	0.473	0.352	172.881	2642	5984
483	0.124	93.725	126.895	1.311	93.514	126.704	0.423	0.381	0.470	0.336	30.049	4429	5986
484	0.110	96.969	127.358	1.256	96.753	127.190	0.466	0.318	0.470	0.297	163.584	4575	6009
485	0.125	73.142	127.600	1.336	72.983	127.360	0.318	0.487	0.485	0.329	93.583	3453	6017
486	0.125	102.962	127.694	1.348	102.806	127.466	0.318	0.487	0.504	0.317	76.882	4862	6022
487	0.155	11.833	127.816	1.473	11.620	127.593	0.444	0.466	0.500	0.395	45.583	559	6028
488	0.118	81.888	128.010	1.316	81.661	127.804	0.444	0.381	0.462	0.325	35.636	3869	6038
489	0.127	66.160	128.221	1.371	65.998	127.952	0.318	0.529	0.509	0.319	90.003	3126	6045
490	0.121	93.438	128.175	1.299	93.239	127.974	0.402	0.402	0.449	0.343	48.237	4414	6046
491	0.127	15.701	128.355	1.388	15.515	128.122	0.381	0.466	0.498	0.325	65.253	742	6053
492	0.125	84.165	128.376	1.323	83.926	128.206	0.466	0.339	0.466	0.343	173.798	3972	6057
493	0.121	98.013	128.540	1.311	97.832	128.334	0.360	0.444	0.451	0.343	101.816	4626	6063
494	0.137	74.329	128.697	1.366	74.104	128.524	0.466	0.360	0.490	0.357	162.223	3502	6072
495	0.123	59.754	128.978	1.329	59.500	128.799	0.487	0.339	0.477	0.329	14.416	2821	6085
496	0.119	89.619	129.063	1.299	89.450	128.820	0.339	0.466	0.464	0.327	82.307	4232	6086
497	0.128	122.017	129.228	1.341	121.835	128.990	0.360	0.466	0.476	0.343	110.738	5763	6094
498	0.124	39.464	129.453	1.329	39.222	129.286	0.487	0.339	0.464	0.340	175.608	1861	6108
499	0.099	112.385	130.311	1.196	112.204	130.112	0.339	0.402	0.393	0.320	86.447	5307	6147
500	0.129	44.584	130.490	1.364	44.344	130.302	0.487	0.381	0.491	0.334	163.053	2100	6156
501	0.115	106.151	130.566	1.269	105.918	130.387	0.444	0.339	0.435	0.337	13.793	5012	6160
502	0.129	108.950	130.887	1.346	108.754	130.662	0.381	0.466	0.494	0.334	122.019	5141	6173
503	0.118	21.240	130.912	1.286	21.018	130.725	0.444	0.360	0.462	0.326	22.401	1005	6176
504	0.126	52.278	131.019	1.346	52.070	130.831	0.444	0.402	0.495	0.324	37.066	2469	6181
505	0.112	59.684	131.875	1.286	59.478	131.678	0.423	0.381	0.453	0.315	145.357	2812	6221
506	0.139	78.744	132.142	1.448	78.550	131.890	0.423	0.487	0.545	0.326	126.536	3714	6231
507	0.105	108.485	132.680	1.202	108.310	132.482	0.381	0.381	0.422	0.318	132.338	5120	6259
508	0.127	83.379	132.793	1.341	83.185	132.588	0.402	0.423	0.486	0.332	46.293	3939	6264
509	0.123	89.119	132.792	1.321	88.879	132.588	0.444	0.402	0.465	0.338	36.298	4211	6264
510	0.138	40.994	132.904	1.396	40.746	132.736	0.508	0.339	0.515	0.340	171.449	1931	6271
511	0.108	41.438	133.102	1.196	41.275	132.884	0.318	0.423	0.423	0.325	96.950	1956	6278
512	0.138	66.345	133.157	1.426	66.167	132.884	0.339	0.529	0.536	0.327	80.918	3135	6278
513	0.102	107.488	133.270	1.196	107.336	133.054	0.318	0.423	0.430	0.301	68.777	5078	6286
514	0.132	96.088	133.527	1.353	95.927	133.286	0.339	0.487	0.496	0.339	91.832	4535	6297
515	0.134	49.000	133.655	1.396	48.810	133.435	0.381	0.466	0.507	0.338	64.453	2313	6304
516	0.161	54.425	133.744	1.498	54.187	133.540	0.487	0.423	0.544	0.377	32.656	2569	6309
517	0.133	76.935	134.043	1.413	76.772	133.773	0.339	0.529	0.531	0.318	106.507	3632	6320
518	0.125	26.498	134.130	1.334	26.310	133.900	0.381	0.466	0.480	0.332	62.149	1252	6326
519	0.133	84.292	135.417	1.346	84.074	135.213	0.423	0.423	0.486	0.348	137.089	3976	6388
