 	Area	X	Y	Perim.	BX	BY	Width	Height	Major	Minor	Angle	XStart	YStart
1	0.119	37.651	17.189	1.359	37.402	16.997	0.466	0.360	0.492	0.308	28.544	1781	803
2	0.134	60.446	17.332	1.448	60.262	17.060	0.360	0.529	0.515	0.332	84.090	2857	806
3	0.130	60.997	17.352	1.378	60.833	17.103	0.318	0.508	0.521	0.319	85.132	2879	808
4	0.113	53.806	17.389	1.353	53.679	17.124	0.275	0.529	0.526	0.275	93.180	2540	809
5	0.114	51.471	17.473	1.348	51.329	17.208	0.275	0.529	0.537	0.270	95.571	2429	813
6	0.128	58.360	17.511	1.426	58.208	17.251	0.318	0.529	0.533	0.306	83.200	2756	815
7	0.109	99.410	18.782	1.256	99.208	18.606	0.423	0.360	0.464	0.299	146.146	4689	879
8	0.128	58.248	19.394	1.388	58.081	19.135	0.339	0.508	0.513	0.318	80.564	2751	904
9	0.124	97.479	19.552	1.353	97.324	19.304	0.318	0.508	0.504	0.314	87.868	4603	912
10	0.120	49.302	22.722	1.353	49.149	22.458	0.318	0.508	0.496	0.308	90.584	2328	1061
11	0.118	71.282	23.172	1.329	71.120	22.924	0.318	0.487	0.495	0.303	73.131	3369	1083
12	0.118	47.605	24.522	1.304	47.413	24.299	0.381	0.444	0.485	0.311	119.546	2244	1148
13	0.133	76.751	24.996	1.401	76.581	24.723	0.339	0.529	0.517	0.328	98.520	3624	1168
14	0.132	65.504	25.460	1.426	65.320	25.210	0.360	0.508	0.537	0.313	62.571	3097	1191
15	0.128	104.177	25.819	1.413	104.013	25.548	0.318	0.550	0.542	0.300	92.732	4920	1207
16	0.132	44.724	26.559	1.424	44.492	26.331	0.466	0.444	0.538	0.313	140.966	2107	1244
17	0.124	67.611	26.591	1.348	67.374	26.437	0.487	0.318	0.501	0.314	172.591	3188	1249
18	0.108	53.280	26.777	1.251	53.107	26.564	0.339	0.423	0.467	0.294	62.184	2516	1255
19	0.119	110.507	27.177	1.359	110.342	26.924	0.339	0.508	0.505	0.299	105.720	5217	1272
20	0.109	48.071	27.289	1.269	47.879	27.093	0.402	0.381	0.467	0.298	142.530	2263	1280
21	0.141	47.313	27.805	1.466	47.075	27.580	0.466	0.466	0.571	0.313	134.011	2226	1303
22	0.135	43.861	27.925	1.443	43.667	27.665	0.402	0.487	0.537	0.320	121.876	2067	1307
23	0.130	45.966	27.922	1.329	45.741	27.728	0.444	0.381	0.486	0.341	32.113	2171	1310
24	0.116	47.932	28.160	1.294	47.731	27.982	0.423	0.360	0.482	0.307	30.838	2265	1322
25	0.133	96.385	28.215	1.401	96.118	28.046	0.529	0.339	0.532	0.319	169.574	4549	1325
26	0.136	113.961	28.503	1.413	113.686	28.321	0.529	0.339	0.530	0.327	0.155	5382	1338
27	0.133	123.126	28.670	1.483	122.957	28.406	0.360	0.572	0.550	0.307	74.305	5818	1342
28	0.128	59.072	28.862	1.351	58.886	28.617	0.402	0.466	0.503	0.323	123.109	2786	1352
29	0.125	62.193	28.989	1.388	61.997	28.744	0.381	0.487	0.532	0.300	119.940	2933	1358
30	0.122	43.794	29.006	1.364	43.603	28.766	0.381	0.487	0.512	0.303	118.774	2063	1359
31	0.117	60.217	29.200	1.346	60.050	28.956	0.339	0.508	0.495	0.302	80.199	2845	1368
32	0.136	62.217	29.809	1.438	62.040	29.549	0.339	0.529	0.541	0.321	79.586	2938	1396
33	0.128	71.800	29.795	1.388	71.607	29.549	0.381	0.487	0.532	0.307	122.012	3385	1396
34	0.116	74.255	30.979	1.286	74.041	30.798	0.444	0.360	0.462	0.319	18.492	3509	1455
35	0.142	48.551	31.530	1.450	48.281	31.369	0.550	0.318	0.569	0.318	10.442	2290	1482
36	0.126	42.841	31.805	1.391	42.693	31.538	0.296	0.529	0.541	0.297	98.820	2021	1490
37	0.108	45.604	31.868	1.251	45.381	31.708	0.444	0.318	0.475	0.291	158.254	2147	1498
38	0.135	92.911	32.089	1.421	92.646	31.940	0.529	0.318	0.554	0.310	169.526	4379	1509
39	0.123	46.934	32.522	1.371	46.778	32.258	0.318	0.529	0.512	0.305	85.215	2219	1524
40	0.128	57.560	32.452	1.401	57.298	32.279	0.529	0.339	0.525	0.311	168.879	2718	1525
41	0.120	48.652	32.539	1.329	48.450	32.322	0.402	0.423	0.496	0.308	45.541	2301	1527
42	0.129	69.534	33.606	1.401	69.321	33.380	0.444	0.423	0.538	0.306	139.270	3276	1577
43	0.153	43.239	33.722	1.521	42.990	33.507	0.508	0.444	0.588	0.331	37.358	2044	1583
44	0.139	47.962	33.777	1.473	47.773	33.507	0.402	0.508	0.550	0.322	119.252	2262	1583
45	0.114	83.099	33.669	1.288	82.846	33.528	0.487	0.275	0.499	0.291	3.733	3921	1584
46	0.134	27.830	33.852	1.401	27.580	33.676	0.508	0.360	0.530	0.323	23.803	1312	1591
47	0.128	39.466	34.069	1.426	39.306	33.782	0.318	0.550	0.545	0.299	101.611	1862	1596
48	0.123	59.900	34.118	1.388	59.648	33.951	0.508	0.339	0.522	0.300	158.410	2822	1604
49	0.241	77.995	34.373	2.044	77.724	34.057	0.550	0.635	0.598	0.513	129.359	3682	1609
50	0.128	91.409	34.342	1.359	91.165	34.163	0.487	0.360	0.497	0.328	16.959	4319	1614
51	0.129	66.397	34.599	1.378	66.252	34.332	0.296	0.529	0.537	0.307	93.676	3134	1622
52	0.119	114.136	34.728	1.304	113.961	34.480	0.339	0.466	0.460	0.329	106.057	5390	1629
53	0.120	106.782	35.558	1.321	106.553	35.348	0.444	0.402	0.494	0.310	40.219	5047	1670
54	0.142	45.232	36.187	1.526	45.000	35.941	0.466	0.466	0.579	0.313	136.050	2127	1698
55	0.129	96.915	36.189	1.388	96.732	35.941	0.381	0.487	0.512	0.322	118.654	4573	1698
56	0.139	79.570	36.249	1.456	79.396	35.983	0.360	0.529	0.559	0.316	66.147	3760	1700
57	0.111	41.362	36.220	1.274	41.127	36.047	0.444	0.360	0.478	0.296	150.525	1948	1703
58	0.126	55.295	36.370	1.401	55.054	36.174	0.466	0.402	0.535	0.301	37.519	2614	1709
59	0.113	59.394	36.662	1.359	59.224	36.407	0.381	0.466	0.507	0.285	126.892	2799	1720
60	0.150	66.339	36.666	1.538	66.104	36.407	0.466	0.508	0.588	0.324	49.915	3137	1720
61	0.125	112.963	36.671	1.371	112.797	36.407	0.318	0.529	0.507	0.314	94.667	5336	1720
62	0.122	62.151	37.133	1.353	61.891	36.978	0.508	0.318	0.516	0.302	177.300	2935	1747
63	0.121	49.169	37.494	1.336	49.022	37.232	0.296	0.508	0.518	0.299	82.843	2323	1759
64	0.124	87.248	37.486	1.346	87.016	37.296	0.466	0.381	0.481	0.328	27.529	4121	1762
65	0.138	51.297	37.705	1.431	51.075	37.486	0.466	0.423	0.529	0.332	142.711	2416	1771
66	0.141	67.904	37.871	1.473	67.733	37.592	0.339	0.550	0.550	0.325	82.392	3208	1776
67	0.136	62.863	38.099	1.443	62.696	37.846	0.339	0.529	0.549	0.316	104.847	2965	1788
68	0.111	38.106	38.535	1.239	37.910	38.354	0.402	0.360	0.465	0.303	142.664	1792	1812
69	0.132	77.690	38.641	1.408	77.512	38.396	0.360	0.487	0.519	0.324	69.092	3670	1814
70	0.115	59.869	38.836	1.329	59.711	38.587	0.318	0.508	0.513	0.286	72.115	2828	1823
71	0.138	36.381	38.877	1.431	36.195	38.608	0.360	0.529	0.554	0.316	112.282	1716	1824
72	0.121	72.158	39.256	1.378	71.882	39.116	0.550	0.275	0.551	0.280	178.363	3403	1848
73	0.140	67.797	39.449	1.468	67.606	39.201	0.360	0.529	0.559	0.318	108.742	3196	1852
74	0.118	69.877	39.359	1.269	69.638	39.201	0.466	0.318	0.468	0.321	3.466	3298	1852
75	0.143	122.866	39.529	1.438	122.703	39.264	0.339	0.529	0.545	0.335	97.792	5800	1855
76	0.131	73.040	39.654	1.381	72.813	39.434	0.444	0.444	0.513	0.326	131.543	3445	1863
77	0.102	69.941	39.742	1.244	69.723	39.560	0.444	0.339	0.462	0.280	150.837	3299	1869
78	0.123	48.446	39.978	1.371	48.281	39.730	0.339	0.508	0.517	0.304	70.467	2289	1877
79	0.141	69.210	39.954	1.431	69.003	39.730	0.423	0.466	0.544	0.329	51.395	3270	1877
80	0.127	116.718	40.148	1.418	116.544	39.899	0.339	0.529	0.528	0.307	106.370	5510	1885
81	0.129	46.042	40.444	1.376	45.826	40.217	0.423	0.444	0.519	0.315	50.314	2178	1900
82	0.134	73.303	40.654	1.418	73.110	40.407	0.402	0.487	0.529	0.321	122.554	3458	1909
83	0.137	107.029	40.639	1.480	106.765	40.450	0.529	0.360	0.562	0.310	21.435	5063	1911
84	0.134	44.832	40.815	1.391	44.577	40.661	0.508	0.318	0.522	0.328	178.134	2110	1921
85	0.137	69.361	40.920	1.456	69.088	40.767	0.550	0.318	0.552	0.315	0.945	3270	1926
86	0.129	79.226	41.240	1.376	78.994	41.021	0.444	0.423	0.532	0.309	45.494	3744	1938
87	0.134	53.557	41.337	1.456	53.382	41.063	0.339	0.550	0.563	0.302	106.203	2524	1940
88	0.137	69.600	41.270	1.401	69.342	41.084	0.508	0.360	0.516	0.338	17.433	3287	1941
89	0.138	59.072	41.411	1.413	58.801	41.254	0.529	0.339	0.532	0.330	0.746	2787	1949
90	0.138	54.929	41.761	1.431	54.674	41.571	0.508	0.381	0.549	0.319	154.182	2586	1964
91	0.138	37.878	41.851	1.461	37.634	41.635	0.508	0.402	0.553	0.317	151.442	1782	1967
92	0.134	47.881	42.003	1.418	47.688	41.762	0.402	0.487	0.542	0.316	58.779	2264	1973
93	0.125	77.170	42.281	1.353	77.004	42.037	0.339	0.487	0.513	0.311	109.557	3641	1986
94	0.137	37.638	42.320	1.438	37.359	42.164	0.550	0.318	0.543	0.320	173.578	1772	1992
95	0.145	57.576	42.845	1.503	57.298	42.630	0.529	0.402	0.566	0.326	30.096	2723	2014
96	0.136	106.415	43.544	1.431	106.236	43.265	0.360	0.529	0.545	0.318	66.620	5030	2044
97	0.127	29.759	43.505	1.353	29.506	43.349	0.508	0.318	0.505	0.320	4.550	1404	2048
98	0.132	60.273	43.622	1.413	60.092	43.370	0.360	0.508	0.548	0.307	117.170	2842	2049
99	0.136	70.245	43.713	1.418	69.998	43.519	0.466	0.423	0.547	0.317	143.788	3310	2056
100	0.117	62.880	43.975	1.306	62.653	43.815	0.466	0.318	0.491	0.305	19.048	2969	2070
101	0.140	74.878	44.690	1.468	74.697	44.408	0.339	0.550	0.557	0.320	81.393	3538	2098
102	0.110	82.486	45.128	1.261	82.296	44.916	0.381	0.423	0.458	0.307	133.295	3893	2122
103	0.094	116.182	45.235	1.216	116.057	45.000	0.254	0.466	0.470	0.255	87.464	5489	2126
104	0.119	92.579	45.348	1.334	92.392	45.106	0.381	0.466	0.490	0.310	118.776	4370	2131
105	0.127	73.683	45.631	1.346	73.448	45.445	0.487	0.360	0.504	0.321	156.608	3475	2147
106	0.109	117.158	45.677	1.274	116.925	45.487	0.444	0.360	0.475	0.293	31.900	5538	2149
107	0.138	88.979	45.828	1.456	88.815	45.551	0.339	0.550	0.555	0.316	78.746	4202	2152
108	0.120	90.602	46.259	1.299	90.424	46.038	0.360	0.444	0.492	0.309	121.195	4274	2175
109	0.133	45.371	46.415	1.450	45.212	46.165	0.339	0.508	0.521	0.324	72.638	2139	2181
110	0.141	87.508	46.634	1.503	87.207	46.461	0.572	0.339	0.573	0.313	9.577	4134	2195
111	0.125	115.342	47.281	1.371	115.189	47.011	0.318	0.529	0.518	0.307	88.804	5448	2221
112	0.128	81.361	47.411	1.388	81.195	47.138	0.339	0.529	0.532	0.306	72.574	3844	2227
113	0.123	46.473	47.501	1.366	46.207	47.350	0.529	0.296	0.519	0.301	0.186	2193	2237
114	0.125	100.351	47.664	1.383	100.182	47.392	0.318	0.529	0.524	0.304	97.937	4739	2239
115	0.134	73.970	47.749	1.401	73.745	47.540	0.466	0.402	0.531	0.320	143.389	3487	2246
116	0.132	56.243	47.929	1.443	56.092	47.646	0.318	0.572	0.558	0.301	88.205	2656	2251
117	0.113	61.484	47.909	1.316	61.235	47.752	0.487	0.318	0.492	0.292	161.805	2895	2256
118	0.236	44.729	48.143	1.979	44.450	47.837	0.550	0.614	0.619	0.485	103.357	2112	2260
119	0.115	76.392	47.980	1.299	76.158	47.837	0.487	0.318	0.478	0.306	10.339	3605	2260
120	0.139	60.736	48.229	1.468	60.558	47.942	0.339	0.550	0.563	0.314	78.777	2869	2265
121	0.126	92.695	48.297	1.346	92.498	48.070	0.402	0.444	0.482	0.334	53.406	4381	2271
122	0.130	46.041	48.310	1.396	45.784	48.154	0.529	0.318	0.533	0.311	167.556	2165	2275
123	0.127	72.633	48.413	1.371	72.390	48.239	0.487	0.360	0.515	0.315	22.519	3431	2279
124	0.083	86.368	48.846	1.052	86.233	48.662	0.296	0.360	0.355	0.297	96.515	4077	2299
125	0.140	45.358	48.955	1.443	45.085	48.789	0.550	0.339	0.558	0.319	164.429	2133	2305
126	0.131	48.732	48.983	1.401	48.472	48.810	0.529	0.339	0.528	0.317	11.311	2304	2306
127	0.121	69.409	49.476	1.341	69.257	49.212	0.318	0.508	0.507	0.305	78.237	3278	2325
128	0.108	83.923	49.588	1.376	83.693	49.424	0.444	0.318	0.441	0.313	171.007	3961	2335
129	0.139	51.721	49.729	1.433	51.562	49.466	0.318	0.529	0.549	0.323	79.665	2442	2337
130	0.113	69.832	49.786	1.294	69.681	49.551	0.296	0.487	0.482	0.299	88.454	3298	2341
131	0.125	46.858	50.025	1.371	46.694	49.763	0.339	0.508	0.515	0.309	74.186	2214	2351
132	0.111	64.951	50.354	1.286	64.770	50.123	0.360	0.444	0.478	0.296	57.823	3072	2368
133	0.143	35.771	50.514	1.478	35.518	50.292	0.487	0.444	0.560	0.326	142.424	1683	2376
134	0.135	23.260	50.599	1.443	23.093	50.313	0.360	0.529	0.536	0.321	115.334	1093	2377
135	0.141	81.553	50.765	1.468	81.259	50.610	0.572	0.318	0.564	0.319	175.263	3846	2391
136	0.129	53.439	50.874	1.383	53.255	50.631	0.360	0.487	0.519	0.317	64.269	2525	2392
137	0.104	61.419	50.842	1.214	61.256	50.631	0.339	0.423	0.421	0.316	83.394	2899	2392
138	0.124	62.661	50.983	1.383	62.505	50.715	0.318	0.529	0.524	0.302	81.249	2961	2396
139	0.115	124.498	51.222	1.286	124.291	51.033	0.423	0.381	0.480	0.306	142.191	5874	2411
140	0.117	100.234	51.324	1.291	100.055	51.096	0.360	0.466	0.486	0.307	61.868	4737	2414
141	0.112	101.253	51.592	1.316	100.986	51.435	0.508	0.318	0.500	0.284	18.213	4783	2430
142	0.138	55.989	51.843	1.491	55.774	51.583	0.423	0.508	0.570	0.308	121.531	2638	2437
143	0.142	61.048	51.872	1.438	60.770	51.710	0.550	0.318	0.557	0.324	3.417	2880	2443
144	0.123	87.598	51.901	1.396	87.334	51.752	0.550	0.296	0.547	0.285	170.793	4132	2445
145	0.112	58.510	52.366	1.279	58.293	52.155	0.423	0.402	0.476	0.299	40.290	2767	2464
146	0.125	48.786	52.725	1.329	48.620	52.493	0.339	0.487	0.495	0.322	75.047	2303	2480
147	0.109	60.440	52.908	1.286	60.240	52.705	0.402	0.402	0.490	0.283	51.464	2856	2490
148	0.149	111.938	52.983	1.478	111.739	52.705	0.381	0.550	0.553	0.342	72.477	5289	2490
149	0.117	82.939	53.042	1.279	82.740	52.811	0.381	0.444	0.459	0.325	122.480	3915	2495
150	0.123	51.524	53.247	1.341	51.350	53.001	0.339	0.487	0.496	0.316	104.364	2430	2504
151	0.116	65.274	53.245	1.291	65.088	53.022	0.381	0.444	0.469	0.314	60.562	3085	2505
152	0.121	109.893	53.269	1.353	109.643	53.107	0.508	0.318	0.513	0.299	171.472	5189	2509
153	0.124	66.639	53.500	1.323	66.484	53.255	0.318	0.487	0.502	0.315	101.810	3144	2516
154	0.139	41.459	53.539	1.438	41.275	53.276	0.360	0.508	0.525	0.337	77.047	1958	2517
155	0.147	107.559	53.576	1.526	107.336	53.340	0.466	0.508	0.588	0.319	47.033	5085	2520
156	0.131	26.566	53.771	1.406	26.352	53.509	0.402	0.487	0.526	0.317	56.525	1258	2528
157	0.123	26.891	54.118	1.366	26.734	53.869	0.318	0.508	0.511	0.306	75.806	1269	2545
158	0.125	29.768	54.212	1.353	29.528	54.038	0.487	0.339	0.504	0.315	13.087	1409	2553
159	0.128	81.098	54.355	1.388	80.836	54.187	0.508	0.360	0.528	0.309	22.187	3831	2560
160	0.131	64.141	54.585	1.401	63.923	54.377	0.444	0.423	0.520	0.321	43.770	3030	2569
161	0.120	81.472	54.629	1.341	81.259	54.441	0.444	0.381	0.491	0.310	145.298	3840	2572
162	0.110	50.404	54.744	1.244	50.229	54.525	0.339	0.444	0.466	0.301	115.687	2376	2576
163	0.095	57.438	54.812	1.149	57.298	54.610	0.296	0.402	0.409	0.297	102.361	2710	2580
164	0.120	66.977	54.793	1.353	66.717	54.631	0.487	0.339	0.506	0.302	161.735	3160	2581
165	0.127	42.899	55.516	1.364	42.714	55.266	0.360	0.508	0.505	0.321	113.894	2023	2611
166	0.120	108.862	55.679	1.323	108.712	55.414	0.296	0.508	0.507	0.300	89.222	5142	2618
167	0.126	96.415	55.772	1.388	96.181	55.562	0.466	0.402	0.528	0.304	141.491	4545	2625
168	0.129	30.416	55.964	1.413	30.162	55.795	0.529	0.339	0.510	0.322	6.670	1433	2636
169	0.130	40.277	56.052	1.394	40.068	55.816	0.444	0.444	0.531	0.311	135.590	1896	2637
170	0.139	85.400	56.054	1.448	85.154	55.859	0.508	0.402	0.551	0.321	147.946	4026	2639
171	0.127	53.961	56.291	1.366	53.784	56.049	0.339	0.487	0.514	0.314	109.750	2545	2648
172	0.135	98.539	56.277	1.431	98.277	56.092	0.529	0.360	0.538	0.319	18.553	4657	2650
173	0.131	116.002	56.404	1.413	115.803	56.155	0.381	0.487	0.533	0.313	60.391	5482	2653
174	0.146	116.985	56.710	1.498	116.798	56.430	0.381	0.529	0.566	0.329	114.211	5523	2666
175	0.099	70.348	56.717	1.214	70.189	56.494	0.339	0.423	0.470	0.267	120.414	3318	2669
176	0.127	44.318	56.765	1.353	44.069	56.600	0.487	0.339	0.480	0.336	177.370	2088	2674
177	0.146	81.467	56.837	1.493	81.195	56.684	0.550	0.339	0.558	0.332	177.123	3841	2678
178	0.095	113.834	56.883	1.137	113.665	56.706	0.339	0.360	0.388	0.311	128.139	5373	2679
179	0.118	52.299	57.085	1.336	52.049	56.917	0.487	0.318	0.512	0.294	16.852	2472	2689
180	0.143	58.089	57.278	1.491	57.806	57.108	0.572	0.360	0.571	0.320	164.541	2735	2698
181	0.145	64.114	57.416	1.443	63.923	57.150	0.381	0.508	0.544	0.339	62.310	3031	2700
182	0.121	125.927	57.380	1.334	125.688	57.192	0.466	0.381	0.497	0.311	31.141	5951	2702
183	0.116	68.745	57.546	1.329	68.580	57.319	0.339	0.466	0.498	0.298	64.121	3248	2708
184	0.136	90.098	57.873	1.461	89.895	57.616	0.402	0.508	0.552	0.314	120.039	4248	2722
185	0.128	53.970	58.116	1.418	53.742	57.891	0.444	0.444	0.539	0.303	136.589	2543	2735
186	0.104	91.437	58.056	1.276	91.186	57.912	0.487	0.275	0.502	0.264	12.685	4320	2736
187	0.147	55.361	58.146	1.493	55.076	57.976	0.550	0.339	0.561	0.335	7.178	2613	2739
188	0.146	86.339	58.479	1.540	86.170	58.187	0.360	0.572	0.598	0.311	110.192	4073	2749
189	0.133	49.669	58.466	1.461	49.488	58.208	0.360	0.550	0.539	0.313	79.189	2346	2750
190	0.138	51.687	58.661	1.473	51.477	58.378	0.360	0.550	0.540	0.325	82.759	2443	2758
191	0.123	85.053	58.672	1.359	84.836	58.484	0.444	0.402	0.506	0.309	36.784	4021	2763
192	0.122	25.762	59.079	1.351	25.548	58.864	0.402	0.466	0.512	0.303	126.280	1211	2781
193	0.139	27.135	59.446	1.436	26.903	59.246	0.487	0.423	0.554	0.320	37.962	1282	2799
194	0.125	110.239	59.484	1.371	110.067	59.246	0.360	0.487	0.514	0.310	111.315	5203	2799
195	0.112	56.227	59.490	1.267	56.007	59.309	0.444	0.381	0.486	0.294	143.051	2649	2802
196	0.130	64.731	59.650	1.394	64.537	59.394	0.381	0.508	0.514	0.323	112.236	3054	2806
197	0.105	121.534	60.232	1.226	121.370	60.008	0.318	0.444	0.440	0.303	68.660	5745	2835
198	0.131	109.313	60.299	1.396	109.051	60.134	0.529	0.318	0.537	0.311	8.183	5166	2841
199	0.128	37.022	60.500	1.413	36.766	60.346	0.529	0.318	0.526	0.309	3.519	1745	2851
200	0.129	29.355	61.385	1.456	29.189	61.129	0.339	0.550	0.564	0.292	75.606	1386	2888
201	0.130	122.460	61.705	1.376	122.259	61.468	0.402	0.466	0.514	0.323	57.778	5786	2904
202	0.137	33.397	61.712	1.408	33.126	61.553	0.529	0.318	0.541	0.322	171.554	1571	2908
203	0.120	73.266	61.784	1.359	73.046	61.574	0.423	0.423	0.524	0.292	47.771	3463	2909
204	0.122	76.747	61.963	1.353	76.581	61.722	0.318	0.508	0.528	0.295	109.680	3621	2916
205	0.129	90.606	62.143	1.401	90.424	61.891	0.360	0.508	0.519	0.317	108.410	4275	2924
206	0.124	45.715	62.203	1.431	45.530	61.912	0.360	0.529	0.544	0.289	65.701	2163	2925
207	0.138	93.450	62.282	1.461	93.260	62.018	0.381	0.529	0.566	0.312	59.808	4418	2930
208	0.126	21.155	62.384	1.376	20.913	62.166	0.466	0.402	0.534	0.300	39.004	1002	2937
209	0.132	37.501	62.798	1.431	37.296	62.548	0.402	0.487	0.532	0.316	55.232	1777	2955
210	0.126	72.179	62.731	1.359	71.946	62.548	0.487	0.360	0.512	0.314	159.966	3404	2955
211	0.105	59.893	62.854	1.232	59.690	62.674	0.423	0.360	0.468	0.286	146.380	2823	2961
212	0.129	74.793	62.981	1.388	74.528	62.802	0.529	0.339	0.532	0.309	165.398	3529	2967
213	0.115	82.049	62.997	1.341	81.830	62.802	0.444	0.381	0.503	0.292	148.403	3867	2967
214	0.130	50.610	63.182	1.391	50.440	62.950	0.339	0.487	0.504	0.328	103.751	2387	2974
215	0.142	49.559	63.441	1.478	49.361	63.182	0.381	0.550	0.570	0.317	114.454	2336	2985
216	0.128	58.406	63.455	1.359	58.230	63.204	0.360	0.487	0.513	0.318	113.337	2755	2986
217	0.126	78.634	63.574	1.378	78.486	63.310	0.296	0.529	0.530	0.303	87.024	3714	2991
218	0.062	38.788	63.628	1.047	38.608	63.521	0.423	0.212	0.392	0.201	177.314	1827	3001
219	0.138	101.328	63.959	1.433	101.177	63.669	0.296	0.550	0.563	0.313	90.254	4786	3008
220	0.131	122.515	63.845	1.431	122.238	63.690	0.550	0.318	0.545	0.307	179.529	5785	3009
221	0.140	75.556	63.937	1.443	75.311	63.733	0.487	0.402	0.545	0.326	150.152	3563	3011
222	0.126	79.880	64.091	1.376	79.692	63.839	0.381	0.487	0.518	0.309	58.422	3777	3016
223	0.126	34.329	64.201	1.353	34.078	64.050	0.508	0.318	0.508	0.316	5.669	1619	3026
224	0.123	35.301	64.450	1.371	35.137	64.198	0.318	0.508	0.515	0.305	80.648	1667	3033
225	0.121	121.825	64.383	1.323	121.581	64.220	0.487	0.318	0.478	0.323	178.914	5751	3034
226	0.130	56.675	64.542	1.376	56.430	64.347	0.466	0.402	0.498	0.333	30.979	2678	3040
227	0.116	85.529	64.628	1.304	85.280	64.452	0.487	0.339	0.493	0.298	19.507	4044	3045
228	0.137	57.325	64.742	1.411	57.108	64.495	0.423	0.487	0.528	0.330	126.424	2704	3047
229	0.115	34.190	64.831	1.316	33.930	64.664	0.487	0.339	0.510	0.286	156.257	1608	3055
230	0.131	73.767	65.223	1.401	73.596	64.960	0.339	0.529	0.527	0.317	81.282	3483	3069
231	0.112	85.848	65.363	1.311	85.662	65.151	0.381	0.402	0.489	0.290	132.679	4048	3078
232	0.117	70.342	65.421	1.329	70.189	65.172	0.318	0.508	0.502	0.296	102.130	3321	3079
233	0.133	60.277	65.931	1.413	60.113	65.659	0.339	0.529	0.536	0.316	99.070	2845	3102
234	0.131	52.709	66.007	1.491	52.493	65.744	0.444	0.487	0.548	0.304	133.261	2481	3106
235	0.129	76.781	66.080	1.396	76.623	65.807	0.318	0.529	0.535	0.308	81.907	3626	3109
236	0.104	80.613	66.047	1.269	80.391	65.871	0.444	0.339	0.490	0.271	30.321	3811	3112
237	0.120	92.496	66.207	1.311	92.329	65.976	0.339	0.466	0.497	0.308	67.565	4370	3117
238	0.144	117.916	66.536	1.515	117.750	66.230	0.339	0.593	0.598	0.306	73.491	5573	3129
239	0.129	61.359	66.720	1.381	61.129	66.506	0.466	0.423	0.542	0.304	141.346	2891	3142
240	0.047	64.218	66.829	0.823	64.093	66.696	0.254	0.275	0.313	0.193	51.518	3033	3151
241	0.146	40.307	67.223	1.491	40.047	67.014	0.529	0.402	0.581	0.320	150.264	1896	3166
242	0.112	101.429	67.405	1.269	101.219	67.246	0.444	0.339	0.456	0.314	17.768	4792	3177
243	0.132	52.643	67.584	1.364	52.409	67.374	0.466	0.402	0.494	0.341	34.011	2490	3183
244	0.143	23.496	67.693	1.466	23.262	67.458	0.466	0.466	0.549	0.333	133.152	1106	3187
245	0.131	93.698	67.829	1.376	93.514	67.585	0.360	0.508	0.519	0.321	115.564	4422	3193
246	0.121	13.991	67.829	1.341	13.716	67.670	0.508	0.318	0.495	0.311	175.427	657	3197
247	0.148	96.172	68.033	1.510	96.012	67.733	0.318	0.593	0.594	0.318	98.064	4539	3200
248	0.095	101.577	67.981	1.142	101.367	67.839	0.423	0.296	0.410	0.293	175.463	4794	3205
249	0.132	86.257	68.087	1.431	86.021	67.882	0.466	0.423	0.545	0.308	42.496	4077	3207
250	0.133	107.107	68.142	1.408	106.849	67.966	0.508	0.339	0.521	0.325	12.527	5062	3211
251	0.125	60.325	68.291	1.388	60.113	68.051	0.402	0.466	0.522	0.304	56.295	2852	3215
252	0.123	125.455	68.356	1.346	125.264	68.114	0.381	0.466	0.490	0.319	117.484	5921	3218
253	0.126	59.007	68.485	1.371	58.843	68.220	0.339	0.508	0.510	0.315	79.843	2786	3223
254	0.125	53.595	68.704	1.336	53.425	68.474	0.339	0.466	0.504	0.315	66.661	2532	3235
255	0.121	14.023	68.634	1.341	13.737	68.495	0.529	0.296	0.518	0.296	172.870	656	3236
256	0.133	58.736	69.152	1.448	58.547	68.898	0.381	0.529	0.540	0.314	116.161	2772	3255
257	0.135	115.840	69.221	1.473	115.676	68.919	0.318	0.593	0.583	0.295	81.669	5473	3256
258	0.130	32.126	69.253	1.418	31.940	68.982	0.381	0.508	0.544	0.304	116.294	1512	3259
259	0.132	43.636	69.317	1.401	43.455	69.067	0.360	0.508	0.530	0.317	67.581	2061	3263
260	0.104	37.231	69.280	1.196	37.020	69.109	0.423	0.318	0.422	0.313	0.186	1758	3265
261	0.121	72.316	69.363	1.346	72.115	69.130	0.402	0.444	0.512	0.300	52.657	3419	3266
262	0.120	27.969	69.583	1.341	27.792	69.342	0.339	0.487	0.507	0.301	111.370	1316	3276
263	0.126	48.284	69.722	1.378	48.133	69.469	0.296	0.529	0.534	0.300	84.554	2279	3282
264	0.120	63.870	70.153	1.348	63.712	69.892	0.296	0.508	0.513	0.298	80.365	3019	3302
265	0.116	70.019	70.094	1.334	69.765	69.914	0.466	0.381	0.497	0.296	144.426	3303	3303
266	0.040	32.344	70.271	0.800	32.194	70.189	0.318	0.169	0.315	0.163	5.535	1524	3316
267	0.121	61.312	70.427	1.346	61.066	70.252	0.487	0.360	0.519	0.298	152.182	2889	3319
268	0.127	109.556	70.528	1.376	109.347	70.316	0.423	0.444	0.522	0.309	130.598	5167	3322
269	0.129	104.758	70.657	1.388	104.542	70.443	0.444	0.423	0.516	0.320	134.669	4941	3328
270	0.141	58.035	70.815	1.491	57.806	70.570	0.444	0.487	0.576	0.312	46.698	2747	3334
271	0.145	83.944	70.887	1.508	83.693	70.676	0.508	0.444	0.580	0.318	36.883	3968	3339
272	0.128	92.804	70.936	1.383	92.646	70.676	0.318	0.529	0.529	0.307	81.824	4382	3339
273	0.124	77.633	71.125	1.323	77.470	70.887	0.318	0.487	0.488	0.323	91.737	3665	3349
274	0.115	52.885	72.062	1.316	52.684	71.840	0.381	0.444	0.495	0.295	50.541	2502	3394
275	0.114	113.578	72.139	1.353	113.326	71.967	0.487	0.339	0.497	0.292	21.174	5368	3400
276	0.146	44.992	72.499	1.491	44.725	72.305	0.550	0.381	0.569	0.327	23.104	2128	3416
277	0.122	80.972	72.609	1.371	80.814	72.369	0.339	0.508	0.531	0.293	68.742	3826	3419
278	0.134	121.713	72.581	1.426	121.476	72.390	0.487	0.381	0.541	0.316	153.207	5740	3420
279	0.129	56.707	72.614	1.388	56.473	72.411	0.487	0.381	0.530	0.309	148.193	2670	3421
280	0.128	15.520	72.630	1.353	15.282	72.454	0.466	0.360	0.486	0.334	166.695	730	3423
281	0.141	62.767	72.705	1.461	62.548	72.454	0.423	0.487	0.549	0.327	54.963	2969	3423
282	0.100	118.388	72.632	1.184	118.195	72.454	0.381	0.360	0.419	0.305	142.220	5589	3423
283	0.123	21.264	72.657	1.316	21.040	72.475	0.466	0.360	0.489	0.320	23.948	1007	3424
284	0.115	126.153	72.769	1.256	125.920	72.602	0.444	0.339	0.436	0.335	170.907	5956	3430
285	0.143	57.800	73.163	1.496	57.595	72.898	0.402	0.529	0.561	0.325	63.449	2733	3444
286	0.112	69.320	73.600	1.299	69.067	73.448	0.508	0.296	0.497	0.287	1.673	3276	3470
287	0.126	127.494	73.649	1.364	127.233	73.470	0.508	0.360	0.478	0.335	11.357	6024	3471
288	0.118	56.657	74.374	1.316	56.452	74.168	0.402	0.423	0.501	0.301	134.429	2670	3504
289	0.125	122.730	74.609	1.359	122.555	74.380	0.360	0.487	0.505	0.314	114.610	5792	3514
290	0.106	100.803	74.639	1.274	100.626	74.422	0.360	0.444	0.481	0.280	123.099	4756	3516
291	0.116	107.079	74.682	1.281	106.870	74.507	0.423	0.360	0.465	0.318	151.407	5050	3520
292	0.124	72.090	74.882	1.371	71.840	74.718	0.529	0.318	0.541	0.292	164.873	3397	3530
293	0.126	82.002	75.200	1.413	81.852	74.930	0.318	0.529	0.525	0.306	84.909	3871	3540
294	0.104	117.067	75.333	1.214	116.861	75.184	0.444	0.318	0.432	0.308	168.992	5524	3552
295	0.109	42.615	75.489	1.261	42.418	75.290	0.381	0.423	0.463	0.299	53.076	2013	3557
296	0.127	46.635	75.739	1.418	46.397	75.523	0.466	0.423	0.551	0.294	36.874	2210	3568
297	0.126	42.993	75.831	1.383	42.841	75.565	0.318	0.529	0.530	0.302	98.138	2027	3570
298	0.134	56.060	75.842	1.453	55.774	75.650	0.529	0.402	0.568	0.301	148.706	2642	3574
299	0.120	59.625	75.906	1.334	59.436	75.671	0.381	0.466	0.503	0.303	119.358	2813	3575
300	0.041	91.003	75.973	0.860	90.911	75.819	0.190	0.318	0.323	0.162	79.449	4300	3582
301	0.094	109.034	76.502	1.112	108.839	76.348	0.381	0.318	0.379	0.316	157.762	5146	3607
302	0.103	52.628	76.634	1.221	52.388	76.496	0.466	0.275	0.473	0.278	4.477	2483	3614
303	0.114	127.473	76.854	1.321	127.233	76.687	0.466	0.339	0.448	0.323	4.108	6022	3623
304	0.128	64.707	76.994	1.438	64.431	76.835	0.529	0.318	0.554	0.294	3.766	3062	3630
305	0.126	48.337	77.121	1.401	48.048	76.941	0.529	0.339	0.530	0.304	17.665	2287	3635
306	0.129	53.205	77.338	1.401	53.044	77.068	0.339	0.529	0.538	0.306	108.031	2509	3641
307	0.118	44.263	77.247	1.353	44.006	77.089	0.508	0.318	0.521	0.289	177.314	2088	3642
308	0.132	101.532	77.445	1.406	101.304	77.216	0.444	0.444	0.538	0.312	135.307	4791	3648
309	0.104	39.234	77.475	1.226	39.010	77.301	0.423	0.339	0.439	0.303	155.805	1849	3652
310	0.128	82.895	77.750	1.406	82.698	77.491	0.402	0.487	0.520	0.314	125.878	3911	3661
311	0.129	66.348	77.680	1.366	66.082	77.534	0.529	0.296	0.533	0.308	174.282	3128	3663
312	0.107	105.371	77.781	1.269	105.135	77.639	0.487	0.296	0.484	0.281	172.160	4971	3668
313	0.102	43.123	78.015	1.226	42.926	77.851	0.423	0.339	0.459	0.283	27.967	2037	3678
314	0.130	117.111	78.460	1.438	116.925	78.211	0.360	0.508	0.531	0.313	67.249	5537	3695
315	0.131	47.920	78.462	1.401	47.710	78.253	0.423	0.444	0.533	0.312	49.629	2264	3697
316	0.073	18.140	78.465	0.992	17.970	78.338	0.339	0.275	0.349	0.266	179.866	853	3701
317	0.134	110.600	78.724	1.406	110.363	78.507	0.466	0.423	0.541	0.316	143.911	5219	3709
318	0.129	59.738	78.921	1.413	59.563	78.655	0.339	0.529	0.543	0.304	72.025	2823	3716
319	0.132	71.765	78.868	1.366	71.522	78.698	0.487	0.339	0.505	0.332	166.801	3383	3718
320	0.129	19.107	78.937	1.396	18.838	78.782	0.550	0.296	0.549	0.299	179.573	899	3722
321	0.133	49.048	79.233	1.450	48.895	78.952	0.296	0.572	0.554	0.306	88.443	2316	3730
322	0.132	50.931	79.213	1.421	50.652	79.058	0.550	0.296	0.545	0.309	179.971	2401	3735
323	0.122	37.444	79.369	1.388	37.253	79.121	0.381	0.487	0.534	0.291	60.104	1770	3738
324	0.132	69.403	79.390	1.396	69.236	79.142	0.339	0.508	0.527	0.318	73.658	3278	3739
325	0.141	108.262	79.448	1.431	107.992	79.269	0.529	0.360	0.534	0.337	17.054	5115	3745
326	0.127	116.151	79.772	1.394	115.951	79.544	0.402	0.466	0.514	0.314	53.377	5488	3758
327	0.137	49.194	79.765	1.448	48.937	79.566	0.508	0.402	0.566	0.309	148.783	2317	3759
328	0.135	59.905	80.109	1.545	59.648	79.883	0.508	0.402	0.495	0.347	178.746	2835	3774
329	0.111	125.778	80.654	1.281	125.540	80.497	0.466	0.318	0.469	0.301	175.514	5940	3803
330	0.108	78.234	80.929	1.264	78.084	80.708	0.296	0.466	0.481	0.286	79.959	3693	3813
331	0.118	66.085	81.119	1.388	65.828	80.899	0.466	0.402	0.530	0.283	40.538	3125	3822
332	0.114	116.106	81.224	1.359	115.951	80.941	0.318	0.529	0.521	0.278	75.481	5487	3824
333	0.126	92.480	81.159	1.376	92.223	80.984	0.508	0.360	0.526	0.305	24.839	4369	3826
334	0.109	37.350	81.251	1.304	37.105	81.068	0.487	0.339	0.475	0.293	162.869	1763	3830
335	0.103	77.785	81.428	1.226	77.639	81.195	0.296	0.466	0.458	0.288	106.060	3671	3836
336	0.133	45.893	81.485	1.418	45.635	81.280	0.487	0.402	0.530	0.320	35.789	2169	3840
337	0.127	123.134	81.562	1.401	122.957	81.301	0.360	0.508	0.522	0.310	103.980	5814	3841
338	0.132	89.014	81.914	1.383	88.752	81.746	0.508	0.339	0.507	0.332	178.625	4203	3862
339	0.155	73.347	82.233	1.575	73.152	81.936	0.381	0.593	0.601	0.328	73.564	3465	3871
340	0.131	53.504	82.269	1.378	53.340	82.021	0.339	0.487	0.514	0.324	73.387	2527	3875
341	0.126	113.309	82.242	1.341	113.072	82.063	0.466	0.360	0.498	0.323	151.797	5345	3877
342	0.150	88.894	83.718	1.498	88.710	83.439	0.360	0.550	0.568	0.336	104.068	4197	3942
343	0.134	107.048	83.688	1.394	106.828	83.460	0.466	0.423	0.535	0.319	141.123	5050	3943
344	0.122	42.803	83.766	1.376	42.630	83.524	0.360	0.508	0.547	0.284	59.400	2024	3946
345	0.122	66.643	83.868	1.321	66.442	83.651	0.423	0.423	0.493	0.316	138.653	3142	3952
346	0.131	49.233	83.877	1.383	48.980	83.714	0.529	0.318	0.525	0.317	178.422	2322	3955
347	0.145	88.536	84.311	1.515	88.244	84.116	0.550	0.381	0.586	0.315	25.135	4185	3974
348	0.128	51.201	84.543	1.413	51.033	84.264	0.339	0.529	0.540	0.301	72.621	2419	3981
349	0.140	20.844	84.669	1.431	20.574	84.497	0.529	0.360	0.543	0.328	16.628	984	3992
350	0.138	60.841	84.837	1.468	60.685	84.561	0.339	0.550	0.567	0.310	104.088	2868	3995
351	0.137	108.609	85.402	1.505	108.437	85.132	0.339	0.550	0.574	0.304	72.372	5131	4022
352	0.121	60.615	85.411	1.346	60.431	85.175	0.381	0.466	0.511	0.300	121.605	2858	4024
353	0.110	81.916	85.553	1.274	81.724	85.344	0.381	0.423	0.488	0.286	128.616	3863	4032
354	0.136	34.457	85.675	1.408	34.269	85.429	0.360	0.487	0.507	0.342	76.026	1628	4036
355	0.118	53.316	85.853	1.329	53.150	85.619	0.339	0.487	0.496	0.303	68.068	2519	4045
356	0.126	50.649	86.236	1.413	50.482	85.979	0.339	0.508	0.532	0.302	73.842	2393	4062
357	0.135	57.690	86.241	1.418	57.446	86.021	0.466	0.423	0.537	0.321	41.158	2728	4064
358	0.143	62.505	86.233	1.461	62.230	86.042	0.508	0.402	0.562	0.324	147.122	2944	4065
359	0.142	83.944	86.406	1.563	83.756	86.148	0.423	0.508	0.537	0.337	66.654	3964	4070
360	0.141	113.739	86.661	1.475	113.580	86.381	0.318	0.550	0.569	0.315	81.017	5373	4081
361	0.138	56.831	86.951	1.438	56.663	86.678	0.339	0.529	0.549	0.319	78.701	2683	4095
362	0.136	89.127	87.101	1.448	88.964	86.826	0.318	0.572	0.545	0.317	90.003	4210	4102
363	0.131	93.069	87.452	1.401	92.901	87.186	0.339	0.529	0.525	0.317	106.451	4393	4119
364	0.130	81.618	87.519	1.486	81.365	87.312	0.508	0.402	0.543	0.305	30.420	3863	4125
365	0.123	104.706	87.983	1.371	104.542	87.736	0.339	0.508	0.511	0.306	76.204	4946	4145
366	0.119	51.744	88.152	1.341	51.562	87.926	0.360	0.466	0.484	0.313	114.522	2440	4154
367	0.134	117.993	88.280	1.443	117.729	88.096	0.508	0.381	0.563	0.303	148.847	5563	4162
368	0.133	123.800	88.619	1.401	123.529	88.456	0.529	0.339	0.513	0.329	171.687	5844	4179
369	0.124	64.087	88.732	1.361	63.944	88.477	0.296	0.508	0.523	0.302	92.689	3025	4180
370	0.084	115.422	88.638	1.057	115.231	88.477	0.360	0.318	0.356	0.301	152.074	5450	4180
371	0.123	96.505	88.977	1.336	96.266	88.815	0.487	0.318	0.501	0.312	4.188	4558	4196
372	0.116	104.021	88.987	1.329	103.780	88.815	0.487	0.339	0.482	0.308	162.845	4912	4196
373	0.132	113.309	89.093	1.408	113.051	88.921	0.529	0.318	0.530	0.317	0.872	5351	4201
374	0.115	68.050	89.428	1.329	67.860	89.218	0.381	0.444	0.501	0.293	54.846	3216	4215
375	0.126	79.061	89.594	1.364	78.846	89.387	0.444	0.423	0.519	0.309	47.123	3736	4223
376	0.096	123.071	89.557	1.179	122.872	89.408	0.402	0.318	0.395	0.309	168.953	5809	4224
377	0.150	18.978	89.651	1.538	18.732	89.429	0.529	0.444	0.585	0.327	144.540	887	4225
378	0.120	45.001	89.668	1.341	44.768	89.493	0.487	0.339	0.496	0.307	167.192	2122	4228
379	0.135	62.759	89.965	1.413	62.505	89.789	0.508	0.360	0.515	0.333	18.643	2966	4242
380	0.122	40.935	90.196	1.329	40.746	89.980	0.381	0.444	0.502	0.310	54.091	1934	4251
381	0.110	83.982	90.342	1.246	83.841	90.128	0.296	0.444	0.457	0.307	78.801	3965	4258
382	0.129	87.224	90.377	1.376	87.016	90.128	0.402	0.466	0.503	0.328	51.663	4124	4258
383	0.137	25.432	90.542	1.489	25.188	90.318	0.508	0.444	0.553	0.314	41.226	1202	4267
384	0.109	81.263	90.559	1.286	81.026	90.403	0.466	0.318	0.453	0.307	3.710	3840	4271
385	0.129	94.656	90.682	1.394	94.424	90.445	0.444	0.444	0.512	0.321	42.930	4476	4273
386	0.140	39.731	90.849	1.538	39.518	90.551	0.402	0.550	0.575	0.310	62.007	1881	4278
387	0.130	117.643	90.927	1.396	117.496	90.657	0.318	0.529	0.532	0.311	95.171	5554	4283
388	0.047	65.969	91.120	0.830	65.871	90.974	0.190	0.318	0.309	0.196	91.440	3115	4298
389	0.122	13.889	91.278	1.299	13.674	91.101	0.444	0.360	0.468	0.333	157.371	649	4304
390	0.105	55.016	91.400	1.306	54.864	91.122	0.275	0.508	0.504	0.265	83.888	2599	4305
391	0.131	38.587	91.537	1.408	38.418	91.292	0.339	0.508	0.540	0.310	109.938	1818	4313
392	0.149	102.855	91.592	1.528	102.680	91.292	0.339	0.593	0.577	0.328	94.542	4858	4313
393	0.135	81.175	91.697	1.456	81.005	91.419	0.339	0.550	0.552	0.312	105.926	3831	4319
394	0.129	13.914	91.650	1.366	13.652	91.504	0.508	0.318	0.511	0.323	178.260	649	4323
395	0.139	114.290	91.841	1.424	114.046	91.630	0.466	0.444	0.523	0.338	135.500	5393	4329
396	0.129	27.204	92.387	1.408	27.051	92.117	0.318	0.529	0.549	0.298	74.115	1286	4352
397	0.129	63.222	92.639	1.378	63.056	92.392	0.339	0.487	0.525	0.313	69.167	2986	4365
398	0.132	57.260	92.693	1.394	57.023	92.498	0.487	0.402	0.516	0.325	34.582	2705	4370
399	0.136	91.724	92.786	1.406	91.504	92.562	0.444	0.444	0.539	0.321	43.751	4336	4373
400	0.134	54.931	93.302	1.448	54.737	93.028	0.360	0.529	0.511	0.334	87.281	2595	4395
401	0.135	118.170	93.343	1.383	117.920	93.176	0.508	0.339	0.527	0.327	166.474	5574	4402
402	0.137	75.825	93.598	1.431	75.650	93.324	0.360	0.529	0.553	0.315	112.883	3578	4409
403	0.121	110.386	93.650	1.378	110.236	93.387	0.296	0.529	0.536	0.289	98.713	5213	4412
404	0.142	47.110	93.777	1.503	46.905	93.536	0.402	0.487	0.533	0.338	57.192	2226	4419
405	0.157	40.296	93.834	1.556	40.026	93.620	0.550	0.402	0.562	0.356	19.420	1903	4423
406	0.099	71.882	93.829	1.167	71.734	93.620	0.296	0.423	0.426	0.296	99.325	3392	4423
407	0.082	46.668	94.029	1.034	46.524	93.853	0.296	0.339	0.350	0.300	77.340	2203	4434
408	0.132	56.746	94.143	1.426	56.578	93.874	0.318	0.550	0.542	0.311	93.330	2679	4435
409	0.129	27.636	94.257	1.366	27.474	94.001	0.318	0.508	0.524	0.313	95.026	1302	4441
410	0.112	31.622	94.174	1.323	31.369	94.001	0.466	0.339	0.485	0.293	22.151	1495	4441
411	0.133	116.270	94.342	1.371	116.099	94.107	0.360	0.487	0.482	0.350	93.124	5490	4446
412	0.133	117.101	94.289	1.431	116.840	94.107	0.529	0.360	0.539	0.314	163.065	5529	4446
413	0.134	32.085	94.496	1.551	31.919	94.170	0.339	0.614	0.561	0.304	100.216	1513	4449
414	0.126	112.716	94.454	1.364	112.458	94.276	0.508	0.360	0.523	0.307	154.803	5319	4454
415	0.139	85.576	94.874	1.436	85.365	94.615	0.402	0.508	0.546	0.324	59.913	4046	4470
416	0.129	66.650	95.108	1.406	66.463	94.848	0.381	0.508	0.537	0.307	63.607	3150	4481
417	0.117	58.785	95.396	1.388	58.547	95.208	0.466	0.402	0.506	0.294	148.219	2768	4498
418	0.142	87.602	95.857	1.473	87.418	95.568	0.360	0.550	0.540	0.336	101.775	4138	4515
419	0.133	26.338	96.143	1.478	26.098	95.948	0.508	0.402	0.549	0.308	32.918	1245	4533
420	0.126	116.907	96.581	1.376	116.713	96.330	0.381	0.487	0.511	0.314	56.462	5526	4551
421	0.128	88.213	96.722	1.381	87.969	96.520	0.487	0.402	0.523	0.311	32.022	4171	4560
422	0.124	58.579	96.741	1.346	58.357	96.541	0.423	0.423	0.524	0.301	135.097	2760	4561
423	0.134	61.890	96.846	1.378	61.637	96.689	0.508	0.318	0.519	0.328	179.233	2918	4568
424	0.141	20.867	97.062	1.461	20.595	96.901	0.529	0.381	0.523	0.343	175.038	979	4578
425	0.125	103.029	97.657	1.359	102.764	97.494	0.529	0.318	0.507	0.313	5.266	4866	4606
426	0.137	100.467	97.707	1.436	100.224	97.515	0.508	0.402	0.557	0.313	31.989	4747	4607
427	0.125	89.846	97.790	1.394	89.620	97.578	0.466	0.423	0.547	0.292	41.955	4249	4610
428	0.139	104.579	98.110	1.473	104.415	97.811	0.339	0.572	0.549	0.322	99.827	4940	4621
429	0.139	35.549	98.092	1.478	35.264	97.896	0.529	0.381	0.542	0.327	23.083	1681	4625
430	0.142	48.357	98.151	1.473	48.091	97.959	0.529	0.381	0.571	0.318	151.875	2275	4628
431	0.115	53.046	98.420	1.299	52.896	98.171	0.296	0.508	0.494	0.295	89.977	2505	4638
432	0.060	123.239	98.385	0.960	123.084	98.234	0.296	0.339	0.361	0.212	131.379	5819	4641
433	0.135	90.930	98.527	1.443	90.742	98.277	0.381	0.487	0.530	0.325	60.911	4296	4643
434	0.151	42.086	98.507	1.551	41.804	98.298	0.529	0.423	0.569	0.337	145.618	1981	4644
435	0.134	103.689	98.881	1.431	103.526	98.594	0.318	0.550	0.540	0.316	87.267	4900	4658
436	0.142	27.903	99.058	1.521	27.707	98.764	0.381	0.550	0.548	0.329	63.741	1319	4666
437	0.144	28.827	98.952	1.491	28.575	98.764	0.529	0.402	0.582	0.316	33.361	1360	4666
438	0.142	40.018	99.060	1.521	39.814	98.785	0.423	0.529	0.560	0.323	120.797	1884	4667
439	0.134	44.476	99.139	1.466	44.217	98.912	0.508	0.423	0.568	0.300	34.849	2107	4673
440	0.137	116.112	99.478	1.461	115.930	99.208	0.360	0.529	0.545	0.319	69.232	5486	4687
441	0.133	101.070	99.430	1.461	100.817	99.229	0.508	0.381	0.549	0.307	153.894	4765	4688
442	0.129	49.924	99.505	1.401	49.678	99.314	0.487	0.381	0.537	0.306	29.728	2361	4692
443	0.142	64.637	99.580	1.478	64.431	99.314	0.402	0.529	0.574	0.314	119.942	3048	4692
444	0.125	32.805	99.702	1.438	32.576	99.505	0.466	0.402	0.519	0.306	30.516	1558	4701
445	0.141	99.134	99.748	1.456	98.933	99.505	0.402	0.487	0.559	0.320	122.827	4676	4701
446	0.107	54.277	100.099	1.256	54.038	99.928	0.444	0.339	0.467	0.290	24.562	2565	4721
447	0.128	82.937	100.396	1.401	82.740	100.161	0.402	0.466	0.524	0.312	125.431	3914	4732
448	0.126	61.923	100.861	1.341	61.680	100.690	0.487	0.339	0.485	0.331	175.969	2923	4757
449	0.128	35.727	101.000	1.456	35.560	100.732	0.318	0.529	0.517	0.315	95.560	1686	4759
450	0.112	43.247	101.009	1.299	43.011	100.838	0.466	0.339	0.496	0.288	152.192	2034	4764
451	0.131	123.937	101.067	1.418	123.698	100.859	0.487	0.402	0.552	0.303	145.820	5848	4765
452	0.047	40.361	101.354	0.877	40.217	101.240	0.296	0.212	0.293	0.206	6.743	1905	4783
453	0.127	89.936	101.594	1.383	89.789	101.325	0.296	0.550	0.535	0.303	94.550	4246	4787
454	0.123	71.126	101.611	1.388	70.908	101.431	0.466	0.402	0.516	0.304	38.934	3358	4792
455	0.144	34.040	101.700	1.496	33.761	101.473	0.508	0.444	0.532	0.344	42.361	1609	4794
456	0.126	123.829	101.876	1.346	123.634	101.642	0.402	0.444	0.480	0.334	51.997	5852	4802
457	0.109	71.538	102.089	1.256	71.395	101.854	0.318	0.466	0.452	0.308	94.612	3376	4812
458	0.125	44.736	102.260	1.394	44.556	102.002	0.360	0.529	0.530	0.301	70.539	2115	4819
459	0.132	91.004	102.286	1.438	90.847	102.023	0.318	0.550	0.556	0.302	98.402	4296	4820
460	0.040	101.722	102.334	0.745	101.579	102.235	0.275	0.190	0.287	0.179	12.177	4805	4830
461	0.142	47.136	102.470	1.508	46.863	102.256	0.508	0.444	0.550	0.330	142.974	2222	4831
462	0.130	64.735	102.563	1.359	64.495	102.383	0.466	0.381	0.511	0.324	150.943	3050	4837
463	0.134	80.349	102.535	1.463	80.052	102.383	0.572	0.296	0.563	0.304	176.767	3790	4837
464	0.125	49.791	102.675	1.341	49.594	102.468	0.402	0.423	0.503	0.316	48.312	2353	4841
465	0.138	76.730	103.147	1.473	76.454	102.976	0.550	0.339	0.549	0.320	175.767	3620	4865
466	0.121	121.990	103.656	1.336	121.772	103.463	0.444	0.360	0.491	0.314	155.268	5756	4888
467	0.118	100.232	103.839	1.311	100.076	103.590	0.318	0.487	0.502	0.299	68.755	4738	4894
468	0.123	39.994	103.828	1.366	39.751	103.674	0.508	0.318	0.533	0.293	20.428	1888	4898
469	0.141	28.691	104.039	1.468	28.406	103.886	0.572	0.318	0.572	0.314	7.275	1354	4908
470	0.122	121.054	104.037	1.306	120.819	103.886	0.487	0.296	0.501	0.310	0.439	5713	4908
471	0.143	57.072	104.159	1.503	56.875	103.907	0.402	0.529	0.573	0.318	116.520	2690	4909
472	0.123	110.468	104.190	1.353	110.300	103.950	0.339	0.487	0.516	0.303	110.881	5213	4911
473	0.128	107.309	104.188	1.334	107.082	103.992	0.444	0.402	0.492	0.332	142.584	5063	4913
474	0.104	69.996	104.229	1.221	69.829	104.013	0.318	0.423	0.458	0.290	69.661	3306	4914
475	0.138	23.145	104.302	1.510	22.966	104.034	0.381	0.529	0.576	0.305	63.472	1099	4915
476	0.146	122.885	104.299	1.491	122.640	104.076	0.508	0.423	0.558	0.332	141.967	5798	4917
477	0.105	57.338	104.647	1.261	57.129	104.458	0.423	0.381	0.475	0.282	136.137	2701	4935
478	0.130	98.000	104.884	1.366	97.811	104.648	0.360	0.466	0.498	0.332	71.884	4629	4944
479	0.107	56.064	104.949	1.304	55.880	104.712	0.360	0.466	0.494	0.276	120.340	2643	4947
480	0.111	54.495	105.030	1.281	54.250	104.881	0.466	0.318	0.480	0.294	161.988	2568	4955
481	0.132	103.683	105.289	1.406	103.484	105.050	0.381	0.508	0.545	0.309	120.482	4892	4963
482	0.123	75.411	105.754	1.353	75.248	105.516	0.318	0.508	0.507	0.310	99.133	3559	4985
483	0.138	51.044	105.803	1.466	50.800	105.600	0.508	0.423	0.570	0.308	36.532	2414	4989
484	0.130	115.823	106.157	1.426	115.528	106.003	0.550	0.318	0.540	0.307	176.365	5468	5008
485	0.102	29.041	106.333	1.202	28.871	106.108	0.318	0.444	0.442	0.293	69.328	1373	5013
486	0.132	37.244	106.321	1.453	36.957	106.130	0.550	0.381	0.577	0.291	154.111	1756	5014
487	0.112	34.112	106.364	1.269	33.930	106.151	0.360	0.423	0.478	0.297	53.708	1613	5015
488	0.123	111.303	106.391	1.346	111.083	106.193	0.444	0.402	0.508	0.308	143.388	5251	5017
489	0.116	127.207	106.376	1.281	127	106.193	0.423	0.339	0.429	0.346	176.718	6006	5017
490	0.129	63.459	106.522	1.353	63.288	106.278	0.339	0.487	0.509	0.322	70.396	2998	5021
491	0.124	30.229	106.738	1.359	30.036	106.511	0.381	0.466	0.496	0.318	112.178	1423	5032
492	0.135	107.155	106.943	1.388	106.913	106.744	0.466	0.402	0.506	0.341	32.178	5063	5043
493	0.128	45.096	107.123	1.383	44.916	106.870	0.360	0.487	0.525	0.309	60.960	2133	5049
494	0.124	108.682	107.046	1.353	108.437	106.870	0.487	0.339	0.500	0.315	167.306	5132	5049
495	0.131	53.780	107.185	1.388	53.594	106.934	0.360	0.508	0.513	0.326	109.560	2538	5052
496	0.128	60.556	107.361	1.406	60.367	107.082	0.360	0.529	0.539	0.303	63.195	2863	5059
497	0.151	93.527	107.404	1.570	93.218	107.230	0.593	0.360	0.621	0.310	158.715	4409	5066
498	0.105	104.033	107.765	1.234	103.801	107.611	0.423	0.318	0.440	0.303	159.649	4910	5084
499	0.122	39.506	107.891	1.359	39.285	107.675	0.423	0.423	0.499	0.311	45.442	1869	5087
500	0.123	42.043	107.848	1.353	41.783	107.696	0.529	0.296	0.526	0.298	6.473	1982	5088
501	0.117	84.779	108.284	1.376	84.603	108.035	0.339	0.508	0.530	0.282	113.067	4001	5104
502	0.131	45.795	108.501	1.396	45.635	108.225	0.318	0.529	0.535	0.311	99.284	2162	5113
503	0.099	51.413	108.481	1.214	51.244	108.268	0.339	0.423	0.460	0.274	59.252	2431	5115
504	0.124	23.001	108.713	1.364	22.775	108.522	0.466	0.402	0.522	0.303	35.475	1087	5127
505	0.130	60.839	109.289	1.466	60.579	109.114	0.550	0.381	0.568	0.291	27.860	2874	5155
506	0.137	84.847	109.397	1.438	84.688	109.135	0.318	0.550	0.560	0.311	100.204	4004	5156
507	0.124	104.283	109.691	1.334	104.098	109.453	0.360	0.487	0.503	0.313	114.887	4922	5171
508	0.129	38.538	109.691	1.376	38.333	109.474	0.423	0.444	0.517	0.319	129.200	1813	5172
509	0.134	44.603	109.857	1.426	44.344	109.707	0.550	0.318	0.547	0.311	2.447	2101	5183
510	0.134	115.576	110.206	1.406	115.380	109.961	0.381	0.508	0.550	0.310	121.324	5454	5195
511	0.134	30.576	110.545	1.461	30.353	110.300	0.423	0.466	0.549	0.310	51.938	1449	5211
512	0.126	32.646	111.080	1.353	32.385	110.934	0.529	0.296	0.515	0.311	178.997	1535	5241
513	0.128	66.021	111.123	1.371	65.786	110.934	0.466	0.381	0.524	0.312	152.170	3112	5241
514	0.109	59.961	111.230	1.264	59.732	111.083	0.466	0.296	0.490	0.283	17.773	2831	5248
515	0.118	74.589	111.252	1.366	74.337	111.104	0.529	0.296	0.523	0.287	173.955	3517	5249
516	0.132	103.579	111.490	1.426	103.314	111.316	0.529	0.339	0.550	0.306	18.947	4896	5259
517	0.123	47.409	111.601	1.311	47.244	111.358	0.339	0.466	0.479	0.326	106.382	2236	5261
518	0.143	27.343	111.735	1.491	27.114	111.464	0.423	0.508	0.564	0.323	55.738	1296	5266
519	0.112	105.378	111.900	1.299	105.220	111.675	0.318	0.466	0.474	0.302	97.474	4975	5276
520	0.117	106.218	112.258	1.371	106.045	112.014	0.318	0.529	0.546	0.273	112.444	5013	5292
521	0.126	102.080	112.206	1.359	101.833	112.056	0.529	0.318	0.510	0.316	5.737	4817	5294
522	0.129	62.057	112.354	1.401	61.891	112.099	0.339	0.529	0.530	0.309	105.404	2928	5296
523	0.120	114.917	112.355	1.391	114.744	112.120	0.339	0.487	0.525	0.291	70.211	5429	5297
524	0.122	93.216	112.557	1.359	93.049	112.289	0.318	0.508	0.499	0.312	91.093	4404	5305
525	0.106	49.572	112.746	1.261	49.340	112.564	0.444	0.360	0.488	0.276	36.176	2343	5318
526	0.099	121.500	112.790	1.184	121.285	112.628	0.402	0.339	0.409	0.308	20.760	5741	5321
527	0.131	118.529	112.989	1.366	118.279	112.818	0.487	0.339	0.508	0.329	163.989	5593	5330
528	0.094	127.548	113.305	1.154	127.360	113.136	0.381	0.339	0.365	0.328	16.238	6024	5345
529	0.135	41.696	113.443	1.443	41.423	113.284	0.529	0.339	0.537	0.321	9.593	1969	5352
530	0.118	66.051	113.496	1.341	65.850	113.305	0.423	0.402	0.513	0.292	43.010	3121	5353
531	0.123	125.571	113.474	1.329	125.328	113.305	0.466	0.360	0.469	0.334	14.310	5932	5353
532	0.115	56.232	113.594	1.291	56.028	113.390	0.423	0.402	0.473	0.310	138.204	2650	5357
533	0.113	43.914	113.719	1.321	43.667	113.538	0.487	0.360	0.500	0.287	32.834	2076	5364
534	0.126	100.880	113.944	1.366	100.732	113.686	0.318	0.508	0.513	0.312	87.573	4762	5371
535	0.137	121.003	114.000	1.486	120.840	113.707	0.318	0.572	0.572	0.304	85.701	5715	5372
536	0.041	133.057	113.943	0.840	132.948	113.792	0.212	0.318	0.284	0.183	84.523	6285	5376
537	0.136	30.346	114.075	1.478	30.141	113.856	0.444	0.487	0.567	0.306	47.360	1435	5379
538	0.135	73.361	114.397	1.461	73.088	114.215	0.529	0.360	0.551	0.312	162.431	3461	5396
539	0.142	39.424	114.827	1.491	39.180	114.639	0.508	0.381	0.533	0.340	155.416	1854	5416
540	0.133	48.009	114.948	1.421	47.858	114.660	0.296	0.550	0.552	0.306	86.062	2268	5417
541	0.134	120.603	115.216	1.523	120.354	115.041	0.508	0.339	0.531	0.320	170.520	5687	5435
542	0.125	81.062	115.510	1.359	80.814	115.337	0.508	0.339	0.517	0.308	158.495	3823	5449
543	0.137	84.441	115.762	1.450	84.286	115.485	0.318	0.550	0.560	0.312	97.887	3986	5456
544	0.079	131.190	115.774	1.129	131.043	115.591	0.318	0.339	0.337	0.298	58.668	6197	5461
545	0.123	105.234	115.857	1.364	105.029	115.634	0.444	0.423	0.513	0.306	132.558	4965	5463
546	0.126	85.283	115.851	1.364	85.048	115.655	0.466	0.402	0.518	0.310	144.567	4022	5464
547	0.121	63.973	115.939	1.341	63.818	115.676	0.318	0.508	0.518	0.298	73.005	3023	5465
548	0.134	93.563	115.895	1.418	93.345	115.697	0.466	0.423	0.541	0.314	36.969	4421	5466
549	0.153	120.375	115.968	1.538	120.100	115.761	0.529	0.444	0.579	0.337	144.874	5679	5469
550	0.117	56.200	116.551	1.311	56.028	116.332	0.339	0.466	0.490	0.304	113.080	2650	5496
551	0.097	87.299	116.648	1.251	87.164	116.417	0.275	0.466	0.468	0.265	91.108	4123	5500
552	0.133	112.219	116.705	1.418	111.993	116.480	0.466	0.423	0.533	0.317	148.230	5294	5503
553	0.120	110.008	116.911	1.329	109.770	116.734	0.466	0.360	0.497	0.308	158.352	5191	5515
554	0.118	117.346	116.981	1.321	117.158	116.755	0.381	0.466	0.504	0.298	125.131	5539	5516
555	0.127	65.211	117.106	1.396	65.045	116.861	0.339	0.487	0.522	0.310	105.196	3076	5521
556	0.122	97.321	117.102	1.341	97.113	116.882	0.402	0.423	0.509	0.306	49.509	4599	5522
557	0.122	83.105	117.065	1.364	82.825	116.904	0.529	0.339	0.516	0.301	15.044	3927	5523
558	0.112	106.004	117.172	1.316	105.833	116.925	0.360	0.466	0.508	0.280	123.093	5002	5524
559	0.091	44.198	117.179	1.139	44.069	116.967	0.254	0.402	0.425	0.274	88.233	2087	5526
560	0.124	60.376	117.180	1.359	60.177	116.967	0.402	0.444	0.508	0.311	52.230	2853	5526
561	0.134	28.421	117.374	1.401	28.152	117.221	0.529	0.339	0.528	0.322	170.732	1335	5538
562	0.123	90.343	117.911	1.366	90.170	117.666	0.318	0.508	0.522	0.299	101.527	4264	5559
563	0.128	101.581	118.151	1.383	101.325	117.983	0.508	0.339	0.511	0.319	159.414	4791	5574
564	0.111	24.701	118.548	1.304	24.532	118.300	0.339	0.487	0.495	0.286	71.433	1168	5589
565	0.129	55.866	118.709	1.388	55.668	118.470	0.381	0.487	0.514	0.318	118.568	2635	5597
566	0.120	68.622	119.289	1.336	68.474	119.041	0.318	0.487	0.506	0.302	78.295	3240	5624
567	0.143	91.268	119.340	1.461	91.038	119.126	0.487	0.423	0.539	0.338	140.440	4304	5628
568	0.133	74.118	119.428	1.418	73.914	119.190	0.402	0.487	0.526	0.321	116.699	3496	5631
569	0.111	77.554	119.445	1.261	77.364	119.232	0.381	0.423	0.453	0.313	52.798	3665	5633
570	0.127	72.797	119.592	1.359	72.623	119.338	0.339	0.508	0.509	0.318	106.179	3437	5638
571	0.121	76.958	119.867	1.341	76.793	119.613	0.339	0.487	0.498	0.308	105.466	3633	5651
572	0.118	43.953	120.157	1.359	43.773	119.909	0.360	0.487	0.518	0.291	60.063	2079	5665
573	0.120	86.104	120.133	1.406	85.894	119.909	0.423	0.444	0.503	0.304	129.806	4058	5665
574	0.126	35.654	120.183	1.359	35.391	120.015	0.508	0.339	0.502	0.321	161.228	1679	5670
575	0.129	53.758	120.598	1.383	53.594	120.332	0.339	0.508	0.512	0.321	82.116	2538	5685
576	0.124	34.726	120.648	1.323	34.480	120.481	0.487	0.318	0.504	0.313	13.981	1639	5692
577	0.118	81.366	121.249	1.353	81.216	120.968	0.296	0.529	0.517	0.292	92.050	3842	5715
578	0.084	127.187	121.232	1.112	127.021	121.073	0.360	0.318	0.351	0.306	0.160	6005	5720
579	0.118	13.603	121.250	1.316	13.356	121.094	0.508	0.318	0.495	0.303	8.218	640	5721
580	0.116	121.912	122.218	1.311	121.708	122.026	0.402	0.381	0.432	0.343	142.904	5760	5765
581	0.123	106.806	122.890	1.334	106.616	122.661	0.381	0.466	0.507	0.309	126.764	5040	5795
582	0.145	107.392	123.054	1.515	107.209	122.767	0.360	0.572	0.586	0.315	72.772	5076	5800
583	0.136	89.750	122.985	1.551	89.472	122.788	0.529	0.402	0.519	0.333	3.699	4241	5801
584	0.129	85.960	123.309	1.421	85.810	123.042	0.296	0.550	0.547	0.301	86.313	4060	5813
585	0.126	127.240	123.483	1.334	127	123.296	0.466	0.360	0.467	0.343	172.634	6009	5825
586	0.118	46.825	124.388	1.334	46.630	124.164	0.423	0.423	0.483	0.311	137.269	2205	5866
587	0.151	58.832	124.500	1.510	58.632	124.227	0.381	0.529	0.573	0.335	66.954	2780	5869
588	0.124	70.583	124.447	1.369	70.337	124.248	0.466	0.402	0.500	0.315	34.997	3336	5870
589	0.117	62.946	124.728	1.311	62.780	124.481	0.318	0.487	0.486	0.308	82.166	2974	5881
590	0.130	75.277	124.733	1.431	75.015	124.545	0.508	0.381	0.543	0.305	29.885	3557	5884
591	0.128	49.905	124.856	1.391	49.636	124.714	0.529	0.296	0.545	0.299	5.107	2355	5892
592	0.133	46.374	125.097	1.411	46.165	124.841	0.402	0.508	0.546	0.309	58.488	2193	5898
593	0.132	118.007	125.218	1.431	117.856	124.947	0.318	0.550	0.539	0.312	90.852	5572	5903
594	0.129	14.960	125.332	1.401	14.732	125.137	0.466	0.402	0.533	0.308	37.632	708	5912
595	0.125	111.800	125.598	1.371	111.527	125.434	0.529	0.318	0.518	0.307	176.495	5279	5926
596	0.129	68.406	125.807	1.383	68.241	125.540	0.318	0.529	0.522	0.314	84.215	3232	5931
597	0.147	62.534	125.910	1.526	62.272	125.688	0.508	0.444	0.574	0.326	144.872	2946	5938
598	0.143	67.309	125.989	1.438	67.120	125.751	0.381	0.487	0.521	0.349	61.614	3181	5941
599	0.127	111.782	125.959	1.341	111.548	125.772	0.466	0.360	0.490	0.330	21.321	5282	5942
600	0.134	69.852	126.131	1.445	69.702	125.857	0.296	0.550	0.565	0.303	96.675	3296	5946
601	0.092	63.122	126.823	1.167	62.928	126.640	0.360	0.360	0.427	0.275	49.637	2982	5983
602	0.121	122.245	127.348	1.329	122.047	127.148	0.402	0.402	0.478	0.322	134.247	5768	6007
603	0.040	97.162	127.433	0.733	97.049	127.318	0.233	0.233	0.256	0.201	145.129	4587	6015
604	0.125	51.849	127.663	1.353	51.689	127.423	0.339	0.487	0.507	0.315	75.391	2448	6020
605	0.125	108.862	127.875	1.371	108.606	127.698	0.487	0.360	0.525	0.304	150.090	5134	6033
606	0.129	33.448	128.011	1.388	33.274	127.762	0.360	0.508	0.530	0.309	66.247	1581	6036
607	0.134	72.649	127.973	1.436	72.411	127.762	0.466	0.444	0.549	0.311	136.549	3424	6036
608	0.135	111.122	128.091	1.471	110.913	127.826	0.402	0.529	0.557	0.309	58.263	5254	6039
609	0.118	105.555	128.260	1.341	105.304	128.101	0.508	0.318	0.516	0.292	164.280	4979	6052
610	0.129	108.469	129.127	1.441	108.225	128.926	0.487	0.402	0.526	0.311	141.685	5116	6091
611	0.126	49.972	129.126	1.341	49.720	128.968	0.508	0.318	0.519	0.309	11.909	2360	6093
612	0.137	115.146	129.602	1.461	114.850	129.413	0.550	0.360	0.558	0.312	18.472	5445	6114
613	0.130	36.836	130.056	1.401	36.661	129.794	0.360	0.508	0.512	0.324	72.876	1740	6132
614	0.243	41.727	130.081	2.076	41.423	129.836	0.698	0.529	0.697	0.444	16.240	1969	6134
615	0.045	114.694	130.256	0.865	114.596	130.090	0.190	0.339	0.314	0.182	105.494	5418	6146
616	0.050	115.092	130.278	0.890	114.977	130.112	0.212	0.339	0.323	0.196	108.691	5436	6147
617	0.125	112.872	130.477	1.413	112.628	130.302	0.487	0.360	0.525	0.303	27.132	5332	6156
618	0.113	108.614	130.620	1.334	108.395	130.408	0.423	0.423	0.517	0.278	44.007	5136	6161
619	0.130	29.354	130.759	1.394	29.104	130.577	0.508	0.360	0.507	0.326	164.163	1384	6169
620	0.147	90.257	130.895	1.461	90.064	130.620	0.360	0.550	0.546	0.342	80.100	4264	6171
621	0.126	85.356	131.197	1.413	85.196	130.937	0.318	0.529	0.535	0.300	92.707	4030	6186
622	0.137	59.186	131.372	1.426	58.907	131.212	0.550	0.318	0.548	0.319	176.187	2791	6199
623	0.122	107.329	131.479	1.329	107.146	131.254	0.360	0.466	0.489	0.317	115.070	5064	6201
624	0.128	59.803	131.810	1.388	59.626	131.551	0.360	0.508	0.537	0.303	114.202	2820	6215
625	0.148	106.933	131.855	1.491	106.744	131.593	0.381	0.550	0.568	0.331	110.906	5046	6217
626	0.120	100.719	132.019	1.304	100.520	131.826	0.423	0.402	0.484	0.315	42.960	4758	6228
627	0.122	81.567	132.089	1.323	81.407	131.847	0.318	0.487	0.489	0.317	93.324	3850	6229
628	0.121	47.071	132.123	1.348	46.926	131.868	0.296	0.508	0.520	0.297	81.512	2222	6230
629	0.132	107.834	132.185	1.408	107.675	131.932	0.318	0.529	0.539	0.312	96.990	5090	6233
630	0.141	24.941	132.279	1.461	24.744	132.038	0.402	0.508	0.552	0.324	56.526	1179	6238
631	0.125	106.461	132.295	1.406	106.214	132.101	0.529	0.360	0.541	0.293	156.252	5026	6241
632	0.101	36.910	132.453	1.196	36.766	132.228	0.296	0.444	0.434	0.296	87.412	1742	6247
633	0.048	116.191	132.676	0.920	116.057	132.546	0.275	0.275	0.329	0.187	49.670	5491	6262
634	0.131	54.196	133.216	1.348	54.038	132.969	0.318	0.487	0.509	0.327	80.888	2559	6282
635	0.098	102.204	133.195	1.161	102.044	133.011	0.318	0.381	0.389	0.319	85.801	4826	6284
636	0.141	87.339	133.325	1.491	87.164	133.054	0.339	0.550	0.544	0.330	87.343	4125	6286
637	0.128	115.845	133.538	1.381	115.591	133.350	0.487	0.381	0.496	0.329	24.602	5474	6300
638	0.125	61.526	133.682	1.364	61.320	133.456	0.402	0.466	0.527	0.301	122.627	2899	6305
639	0.112	86.798	135.418	1.281	86.656	135.170	0.296	0.487	0.487	0.294	84.701	4099	6386
640	0.118	50.980	135.448	1.336	50.842	135.192	0.296	0.508	0.501	0.300	87.195	2406	6387
641	0.076	42.790	135.470	1.022	42.630	135.297	0.296	0.339	0.350	0.275	118.703	2021	6392
642	0.129	91.045	135.524	1.421	90.784	135.361	0.529	0.318	0.518	0.317	175.778	4303	6395
