 	Area	X	Y	Perim.	BX	BY	Width	Height	Major	Minor	Angle	XStart	YStart
1	0.127	48.049	13.856	1.408	47.900	13.568	0.296	0.550	0.556	0.292	92.335	2268	641
2	0.134	54.102	14.116	1.521	53.933	13.843	0.339	0.593	0.574	0.298	77.684	2556	654
3	0.137	104.425	14.402	1.408	104.161	14.245	0.529	0.318	0.543	0.322	9.004	4930	673
4	0.130	119.119	14.644	1.448	118.872	14.414	0.487	0.423	0.549	0.302	40.125	5633	681
5	0.129	39.236	15.051	1.426	39.074	14.774	0.318	0.550	0.558	0.293	98.051	1851	698
6	0.122	91.403	15.429	1.388	91.228	15.155	0.360	0.508	0.499	0.312	106.345	4316	716
7	0.110	43.161	15.429	1.256	43.011	15.198	0.318	0.466	0.449	0.311	90.920	2037	718
8	0.123	43.933	15.725	1.433	43.794	15.430	0.275	0.572	0.578	0.271	80.768	2077	729
9	0.121	41.083	15.836	1.329	40.894	15.600	0.381	0.444	0.494	0.310	125.794	1937	737
10	0.076	80.475	16.040	1.027	80.285	15.896	0.360	0.296	0.351	0.276	17.610	3802	751
11	0.169	40.560	16.411	1.613	40.259	16.235	0.614	0.360	0.618	0.349	169.913	1908	767
12	0.131	79.276	16.520	1.436	79.100	16.277	0.381	0.529	0.538	0.311	64.585	3746	769
13	0.134	25.044	16.868	1.413	24.871	16.595	0.339	0.529	0.512	0.334	90.833	1184	784
14	0.140	78.465	16.983	1.443	78.274	16.743	0.381	0.508	0.540	0.330	64.680	3707	791
15	0.107	39.699	17.167	1.281	39.539	16.933	0.318	0.466	0.499	0.273	65.777	1878	800
16	0.122	77.043	17.448	1.438	76.877	17.166	0.318	0.550	0.562	0.276	72.369	3642	811
17	0.121	90.526	17.489	1.311	90.382	17.230	0.296	0.508	0.500	0.308	87.651	4276	814
18	0.128	94.283	17.495	1.366	94.128	17.251	0.339	0.487	0.494	0.329	87.796	4451	815
19	0.126	61.529	17.665	1.383	61.362	17.399	0.339	0.508	0.512	0.314	103.752	2905	822
20	0.138	62.894	17.613	1.401	62.674	17.399	0.423	0.444	0.534	0.330	131.875	2964	822
21	0.117	39.569	18.373	1.348	39.412	18.119	0.296	0.508	0.510	0.292	96.611	1868	856
22	0.116	26.903	18.776	1.299	26.734	18.542	0.339	0.466	0.507	0.290	116.595	1265	876
23	0.122	53.560	18.954	1.431	53.319	18.775	0.550	0.339	0.548	0.284	160.125	2522	887
24	0.148	64.770	19.248	1.628	64.516	18.986	0.487	0.508	0.603	0.312	45.736	3068	897
25	0.129	31.107	19.395	1.436	30.925	19.135	0.381	0.529	0.555	0.297	60.793	1474	904
26	0.144	67.694	19.747	1.586	67.416	19.537	0.593	0.423	0.596	0.308	146.792	3191	923
27	0.124	94.100	20.586	1.366	93.959	20.320	0.296	0.529	0.524	0.302	82.720	4444	960
28	0.140	107.449	21.017	1.443	107.230	20.786	0.444	0.444	0.550	0.323	134.517	5069	982
29	0.113	110.993	20.997	1.251	110.829	20.786	0.360	0.402	0.442	0.327	121.946	5238	982
30	0.151	63.564	21.279	1.503	63.352	21.018	0.402	0.529	0.564	0.342	117.089	2998	993
31	0.133	109.972	21.379	1.418	109.749	21.146	0.444	0.444	0.534	0.317	135.949	5187	999
32	0.163	67.420	21.457	1.670	67.098	21.251	0.614	0.402	0.584	0.354	167.886	3180	1004
33	0.095	87.865	21.563	1.304	87.715	21.294	0.296	0.508	0.494	0.245	73.703	4153	1006
34	0.117	53.708	22.225	1.329	53.467	22.034	0.466	0.360	0.503	0.296	26.174	2541	1041
35	0.125	65.509	23.015	1.401	65.236	22.860	0.550	0.318	0.541	0.293	8.151	3093	1080
36	0.105	88.196	23.727	1.316	88.032	23.453	0.318	0.508	0.485	0.275	79.459	4167	1108
37	0.126	24.032	25.026	1.341	23.812	24.829	0.444	0.381	0.484	0.331	153.501	1128	1173
38	0.126	101.064	25.112	1.341	100.817	24.956	0.508	0.318	0.508	0.316	168.974	4766	1179
39	0.134	103.416	25.177	1.466	103.166	24.956	0.508	0.423	0.579	0.294	141.754	4878	1179
40	0.133	54.047	25.173	1.401	53.806	24.977	0.466	0.402	0.526	0.321	35.311	2554	1180
41	0.112	25.381	25.907	1.251	25.210	25.696	0.339	0.423	0.449	0.318	68.567	1198	1214
42	0.127	40.239	26.248	1.473	40.026	25.993	0.423	0.487	0.580	0.278	53.669	1908	1228
43	0.123	25.528	26.349	1.381	25.294	26.141	0.466	0.423	0.536	0.293	142.709	1198	1235
44	0.138	20.686	26.667	1.443	20.426	26.480	0.508	0.381	0.551	0.319	149.258	966	1251
45	0.137	32.626	27.013	1.461	32.385	26.776	0.466	0.444	0.566	0.307	39.389	1548	1265
46	0.127	33.622	27.133	1.441	33.422	26.903	0.423	0.508	0.572	0.282	48.333	1592	1271
47	0.156	66.358	27.290	1.526	66.082	27.051	0.529	0.444	0.567	0.350	34.135	3138	1278
48	0.120	86.598	27.282	1.359	86.339	27.072	0.466	0.381	0.503	0.303	34.015	4094	1279
49	0.125	48.867	27.382	1.441	48.641	27.136	0.444	0.487	0.578	0.276	48.006	2314	1282
50	0.149	70.340	27.582	1.563	70.083	27.390	0.529	0.402	0.550	0.344	155.090	3315	1294
51	0.146	114.699	28.013	1.478	114.427	27.792	0.508	0.423	0.543	0.342	32.530	5421	1313
52	0.157	33.827	28.483	1.618	33.549	28.279	0.572	0.423	0.613	0.327	34.136	1599	1336
53	0.128	61.820	28.745	1.388	61.637	28.490	0.360	0.508	0.519	0.313	66.549	2922	1346
54	0.115	84.256	29.544	1.316	84.095	29.274	0.318	0.508	0.490	0.299	81.996	3979	1383
55	0.129	101.158	30.666	1.413	100.859	30.501	0.550	0.318	0.524	0.314	175.157	4775	1441
56	0.147	33.398	30.769	1.515	33.147	30.565	0.508	0.423	0.576	0.326	31.376	1580	1444
57	0.143	77.294	30.934	1.538	77.089	30.692	0.423	0.508	0.550	0.332	57.568	3652	1450
58	0.122	29.747	31.304	1.376	29.570	31.073	0.381	0.487	0.530	0.294	59.419	1407	1468
59	0.128	71.082	31.726	1.448	70.866	31.454	0.402	0.508	0.524	0.311	65.244	3360	1486
60	0.119	86.561	31.786	1.359	86.318	31.623	0.487	0.339	0.488	0.311	14.760	4090	1494
61	0.142	22.512	32.164	1.533	22.310	31.877	0.381	0.572	0.610	0.296	115.236	1060	1506
62	0.125	68.799	32.167	1.461	68.622	31.898	0.360	0.529	0.521	0.307	71.210	3252	1507
63	0.117	84.064	32.641	1.366	83.905	32.385	0.296	0.529	0.525	0.284	87.468	3970	1530
64	0.145	57.888	32.884	1.486	57.700	32.597	0.360	0.550	0.566	0.327	72.522	2736	1540
65	0.146	110.170	32.913	1.526	109.961	32.639	0.444	0.529	0.589	0.315	127.718	5197	1542
66	0.127	101.835	32.966	1.378	101.664	32.745	0.360	0.466	0.494	0.328	108.307	4803	1547
67	0.135	69.702	33.047	1.418	69.490	32.808	0.423	0.466	0.529	0.326	54.420	3294	1550
68	0.122	31.121	33.136	1.431	30.903	32.935	0.444	0.423	0.536	0.290	39.527	1472	1556
69	0.125	59.273	33.481	1.364	59.055	33.253	0.423	0.444	0.525	0.303	43.514	2805	1571
70	0.135	91.251	33.778	1.413	90.996	33.592	0.529	0.339	0.511	0.336	168.709	4307	1587
71	0.143	40.471	33.933	1.496	40.238	33.718	0.508	0.444	0.550	0.332	42.925	1913	1593
72	0.120	59.019	34.016	1.306	58.780	33.867	0.487	0.296	0.502	0.303	7.514	2784	1600
73	0.148	65.488	34.243	1.521	65.236	34.015	0.487	0.466	0.576	0.328	43.635	3096	1607
74	0.141	54.748	34.370	1.461	54.483	34.184	0.550	0.360	0.556	0.323	13.784	2589	1615
75	0.145	97.679	34.421	1.528	97.409	34.226	0.550	0.381	0.591	0.313	154.938	4606	1617
76	0.121	46.990	34.615	1.376	46.757	34.417	0.444	0.423	0.521	0.294	141.533	2212	1626
77	0.129	69.489	34.884	1.348	69.257	34.713	0.466	0.339	0.489	0.336	12.403	3288	1640
78	0.108	58.659	35.415	1.281	58.526	35.158	0.275	0.508	0.501	0.276	87.050	2770	1661
79	0.125	110.594	35.471	1.359	110.384	35.264	0.423	0.423	0.496	0.322	137.551	5219	1666
80	0.148	80.500	35.601	1.496	80.306	35.327	0.381	0.550	0.554	0.340	71.415	3804	1669
81	0.140	31.581	35.735	1.453	31.369	35.496	0.444	0.487	0.556	0.320	46.609	1496	1677
82	0.138	70.110	35.902	1.450	69.829	35.750	0.550	0.318	0.548	0.321	168.300	3304	1689
83	0.131	83.605	36.336	1.456	83.439	36.068	0.318	0.572	0.568	0.294	104.360	3946	1704
84	0.121	40.612	36.404	1.381	40.386	36.195	0.444	0.423	0.521	0.294	41.206	1923	1710
85	0.116	126.739	36.515	1.304	126.513	36.322	0.444	0.381	0.494	0.299	141.912	5982	1716
86	0.132	109.423	36.914	1.448	109.178	36.703	0.487	0.423	0.546	0.308	142.469	5159	1734
87	0.148	118.717	37.089	1.528	118.533	36.788	0.360	0.572	0.594	0.318	70.449	5610	1738
88	0.138	108.585	37.224	1.478	108.331	37.020	0.487	0.444	0.568	0.309	144.043	5123	1749
89	0.107	89.014	37.340	1.281	88.773	37.190	0.487	0.296	0.505	0.269	161.472	4197	1757
90	0.136	98.808	37.459	1.424	98.552	37.253	0.508	0.402	0.537	0.322	151.833	4665	1760
91	0.136	90.044	37.467	1.431	89.789	37.274	0.508	0.381	0.540	0.321	29.709	4256	1761
92	0.151	70.390	37.545	1.538	70.125	37.296	0.508	0.466	0.587	0.328	44.238	3327	1762
93	0.138	25.754	37.835	1.456	25.569	37.571	0.381	0.508	0.534	0.330	116.010	1213	1775
94	0.126	55.390	37.718	1.378	55.118	37.571	0.529	0.296	0.533	0.302	178.954	2612	1775
95	0.136	49.207	37.859	1.426	48.958	37.698	0.529	0.339	0.523	0.332	171.804	2316	1781
96	0.133	54.745	38.073	1.418	54.504	37.846	0.466	0.423	0.520	0.325	40.358	2589	1788
97	0.129	83.969	38.132	1.394	83.778	37.867	0.381	0.508	0.527	0.312	117.551	3963	1789
98	0.120	46.638	38.058	1.336	46.397	37.910	0.508	0.296	0.520	0.294	11.697	2201	1791
99	0.102	106.378	38.074	1.221	106.151	37.931	0.444	0.296	0.452	0.286	167.676	5021	1792
100	0.134	71.221	38.282	1.448	71.014	38.037	0.423	0.466	0.507	0.337	130.721	3358	1797
101	0.134	77.139	38.460	1.443	76.983	38.185	0.318	0.550	0.551	0.309	87.397	3642	1804
102	0.121	69.723	39.102	1.396	69.575	38.820	0.296	0.550	0.541	0.284	87.637	3294	1834
103	0.140	82.816	39.407	1.453	82.592	39.180	0.466	0.466	0.558	0.320	46.430	3915	1851
104	0.126	82.268	39.779	1.408	82.084	39.539	0.339	0.508	0.552	0.291	109.957	3880	1868
105	0.126	74.713	39.803	1.429	74.464	39.603	0.487	0.402	0.508	0.316	149.989	3527	1871
106	0.125	81.221	40.137	1.413	81.068	39.857	0.296	0.572	0.563	0.284	99.239	3834	1883
107	0.141	93.644	40.337	1.448	93.387	40.132	0.487	0.423	0.546	0.328	142.298	4417	1896
108	0.132	61.751	40.524	1.413	61.574	40.259	0.339	0.529	0.547	0.308	71.628	2917	1902
109	0.142	104.080	40.440	1.473	103.780	40.280	0.572	0.339	0.560	0.322	8.142	4915	1903
110	0.114	59.952	40.695	1.336	59.690	40.555	0.529	0.275	0.536	0.270	4.572	2833	1916
111	0.119	56.713	41.139	1.311	56.473	40.979	0.487	0.318	0.475	0.318	15.785	2676	1936
112	0.148	95.822	41.459	1.533	95.631	41.169	0.381	0.572	0.596	0.317	114.509	4523	1945
113	0.114	64.446	41.417	1.274	64.262	41.212	0.381	0.423	0.492	0.294	47.598	3046	1947
114	0.130	34.610	41.595	1.413	34.438	41.317	0.339	0.529	0.534	0.311	103.632	1632	1952
115	0.141	54.255	41.712	1.456	53.975	41.550	0.572	0.318	0.572	0.314	173.119	2557	1963
116	0.137	34.529	42.306	1.473	34.354	42.016	0.360	0.550	0.559	0.312	74.619	1633	1985
117	0.122	83.179	42.411	1.361	83.016	42.164	0.296	0.508	0.510	0.304	97.014	3928	1992
118	0.136	72.319	42.459	1.461	72.094	42.228	0.423	0.466	0.466	0.371	119.370	3414	1995
119	0.122	34.978	42.792	1.353	34.819	42.545	0.318	0.508	0.509	0.305	74.736	1653	2010
120	0.142	39.460	42.793	1.466	39.222	42.566	0.487	0.444	0.558	0.324	143.124	1856	2011
121	0.079	22.635	43.170	1.047	22.458	43.032	0.360	0.275	0.369	0.272	14.512	1068	2033
122	0.112	81.101	43.439	1.274	80.899	43.244	0.402	0.402	0.481	0.298	133.157	3825	2043
123	0.107	87.392	43.502	1.376	87.143	43.328	0.508	0.318	0.484	0.281	11.874	4133	2047
124	0.128	101.017	43.644	1.406	100.796	43.413	0.402	0.487	0.538	0.302	123.471	4767	2051
125	0.096	63.730	44.016	1.261	63.564	43.794	0.339	0.466	0.495	0.248	56.714	3014	2069
126	0.142	69.632	44.425	1.486	69.384	44.196	0.487	0.423	0.546	0.332	32.793	3297	2088
127	0.121	29.640	44.691	1.371	29.485	44.450	0.318	0.529	0.506	0.306	95.511	1395	2100
128	0.134	41.135	44.691	1.371	40.894	44.514	0.487	0.360	0.512	0.333	160.314	1935	2103
129	0.123	30.171	44.848	1.359	30.014	44.598	0.318	0.529	0.496	0.315	83.486	1426	2107
130	0.133	91.651	45.341	1.431	91.377	45.191	0.572	0.318	0.561	0.301	10.484	4328	2135
131	0.124	70.564	46.217	1.364	70.294	46.038	0.508	0.360	0.485	0.325	173.583	3332	2175
132	0.134	35.428	46.414	1.496	35.200	46.165	0.444	0.487	0.568	0.299	50.051	1679	2181
133	0.143	42.482	46.495	1.486	42.206	46.313	0.550	0.360	0.577	0.315	157.816	1999	2188
134	0.123	56.205	46.641	1.371	55.965	46.440	0.466	0.381	0.536	0.292	30.808	2662	2194
135	0.141	9.722	47.513	1.413	9.483	47.308	0.487	0.381	0.500	0.358	11.450	461	2235
136	0.122	53.471	47.776	1.438	53.340	47.477	0.275	0.572	0.573	0.271	90.856	2525	2243
137	0.121	70.367	48.169	1.388	70.125	47.985	0.487	0.381	0.553	0.279	34.623	3326	2267
138	0.127	111.507	48.349	1.418	111.316	48.112	0.402	0.487	0.552	0.293	48.959	5272	2273
139	0.140	99.582	48.307	1.491	99.314	48.133	0.550	0.360	0.535	0.333	15.266	4706	2274
140	0.121	101.422	48.577	1.401	101.261	48.324	0.318	0.550	0.544	0.282	105.882	4787	2283
141	0.145	128.283	48.508	1.456	128.016	48.345	0.550	0.339	0.560	0.329	172.923	6053	2284
142	0.114	77.518	48.515	1.371	77.258	48.366	0.529	0.296	0.509	0.286	177.216	3658	2285
143	0.110	44.947	48.655	1.316	44.746	48.429	0.402	0.423	0.492	0.285	44.427	2129	2288
144	0.131	73.981	48.765	1.448	73.745	48.535	0.466	0.444	0.549	0.304	38.390	3499	2293
145	0.091	11.245	48.783	1.124	11.049	48.641	0.402	0.296	0.398	0.290	178.601	526	2298
146	0.137	76.804	48.968	1.426	76.623	48.726	0.360	0.487	0.524	0.333	115.120	3622	2302
147	0.130	77.551	49.200	1.376	77.343	48.958	0.402	0.466	0.491	0.338	59.141	3666	2313
148	0.143	76.648	49.443	1.515	76.390	49.234	0.508	0.402	0.560	0.326	29.568	3623	2326
149	0.136	28.010	49.868	1.486	27.855	49.551	0.318	0.593	0.558	0.311	89.051	1321	2341
150	0.123	57.772	49.825	1.383	57.510	49.678	0.529	0.318	0.517	0.302	4.598	2726	2347
151	0.144	61.643	50.061	1.478	61.404	49.848	0.487	0.423	0.548	0.334	32.898	2915	2355
152	0.140	77.819	50.068	1.478	77.576	49.848	0.487	0.444	0.561	0.318	141.852	3670	2355
153	0.122	109.318	50.200	1.351	109.135	49.953	0.381	0.487	0.494	0.314	119.894	5159	2360
154	0.114	30.634	50.659	1.294	30.459	50.419	0.318	0.466	0.470	0.310	87.838	1446	2382
155	0.140	54.480	50.714	1.478	54.229	50.504	0.508	0.423	0.568	0.314	148.401	2567	2386
156	0.119	87.387	50.708	1.359	87.101	50.546	0.529	0.318	0.509	0.298	8.461	4130	2388
157	0.129	117.646	50.818	1.383	117.475	50.567	0.339	0.508	0.537	0.306	109.154	5553	2389
158	0.127	25.061	50.834	1.388	24.850	50.588	0.402	0.466	0.522	0.309	60.196	1184	2390
159	0.113	80.724	51.016	1.281	80.582	50.779	0.296	0.487	0.486	0.297	88.976	3812	2399
160	0.118	54.232	51.621	1.306	54.038	51.435	0.402	0.381	0.477	0.316	37.546	2563	2430
161	0.107	70.925	51.840	1.261	70.718	51.626	0.402	0.402	0.471	0.289	41.369	3356	2439
162	0.136	104.459	51.920	1.406	104.204	51.710	0.487	0.402	0.508	0.341	30.998	4937	2443
163	0.141	26.348	52.038	1.480	26.141	51.795	0.402	0.487	0.554	0.324	58.761	1248	2447
164	0.148	39.516	52.205	1.473	39.264	52.006	0.508	0.402	0.557	0.338	151.386	1858	2457
165	0.129	20.516	52.203	1.401	20.256	52.049	0.550	0.318	0.541	0.303	173.432	961	2459
166	0.143	23.914	52.636	1.486	23.749	52.366	0.339	0.572	0.563	0.324	84.104	1128	2474
167	0.124	42.758	52.638	1.378	42.608	52.366	0.296	0.529	0.526	0.299	98.407	2018	2474
168	0.123	70.322	53.242	1.383	70.083	53.086	0.508	0.318	0.519	0.301	1.520	3318	2508
169	0.137	70.342	53.698	1.396	70.083	53.530	0.508	0.339	0.510	0.342	172.714	3317	2529
170	0.145	107.272	54.009	1.461	106.998	53.806	0.529	0.381	0.558	0.331	23.268	5070	2542
171	0.143	51.881	54.262	1.540	51.710	53.975	0.339	0.593	0.603	0.302	103.115	2446	2550
172	0.104	11.414	54.208	1.226	11.240	54.017	0.360	0.402	0.463	0.287	51.294	540	2552
173	0.129	21.363	54.317	1.383	21.124	54.123	0.466	0.381	0.529	0.309	32.725	1011	2557
174	0.129	72.741	54.424	1.418	72.517	54.187	0.423	0.466	0.550	0.297	50.479	3438	2560
175	0.134	72.825	55.119	1.431	72.580	54.906	0.487	0.402	0.536	0.318	151.113	3433	2594
176	0.129	47.154	55.329	1.431	46.905	55.139	0.487	0.402	0.542	0.304	147.039	2219	2605
177	0.150	81.444	56.252	1.593	81.153	56.070	0.572	0.360	0.592	0.322	166.100	3839	2649
178	0.142	78.983	56.516	1.466	78.782	56.261	0.381	0.550	0.556	0.326	113.832	3726	2658
179	0.143	103.660	56.853	1.468	103.484	56.600	0.360	0.529	0.549	0.331	69.846	4896	2674
180	0.148	47.450	56.944	1.515	47.180	56.748	0.550	0.381	0.588	0.320	158.348	2235	2681
181	0.129	56.314	57.050	1.443	56.113	56.790	0.381	0.487	0.546	0.301	59.382	2663	2683
182	0.147	75.194	57.087	1.515	74.930	56.896	0.550	0.381	0.584	0.321	156.678	3544	2688
183	0.144	20.368	57.215	1.461	20.130	56.981	0.466	0.444	0.526	0.349	37.093	965	2692
184	0.130	98.090	57.821	1.406	97.854	57.595	0.444	0.444	0.530	0.312	40.881	4639	2721
185	0.134	109.742	57.998	1.448	109.453	57.827	0.550	0.360	0.547	0.311	163.614	5178	2732
186	0.125	66.466	58.631	1.346	66.273	58.399	0.381	0.466	0.513	0.311	120.134	3134	2759
187	0.146	97.414	58.609	1.456	97.155	58.420	0.508	0.381	0.563	0.329	155.771	4594	2760
188	0.123	91.240	58.589	1.383	90.953	58.441	0.550	0.296	0.530	0.296	175.408	4305	2761
189	0.155	92.546	58.917	1.498	92.266	58.738	0.550	0.360	0.556	0.355	171.924	4367	2775
190	0.138	91.751	59.056	1.448	91.482	58.843	0.508	0.402	0.546	0.322	30.048	4338	2780
191	0.139	47.145	59.256	1.441	46.926	59.013	0.423	0.487	0.542	0.326	125.102	2221	2788
192	0.133	42.044	59.554	1.438	41.868	59.288	0.339	0.529	0.542	0.311	79.074	1988	2801
193	0.108	113.934	59.688	1.286	113.771	59.457	0.339	0.466	0.478	0.288	114.561	5379	2809
194	0.149	40.351	60.016	1.538	40.132	59.754	0.423	0.529	0.579	0.327	122.804	1901	2823
195	0.134	93.240	60.058	1.443	92.985	59.859	0.508	0.381	0.547	0.313	26.329	4413	2828
196	0.137	118.776	60.316	1.408	118.597	60.071	0.360	0.487	0.518	0.336	109.530	5607	2838
197	0.146	40.087	60.492	1.473	39.920	60.219	0.360	0.550	0.556	0.333	101.988	1889	2845
198	0.122	60.342	60.528	1.401	60.134	60.283	0.381	0.466	0.502	0.310	61.421	2851	2848
199	0.133	80.306	60.519	1.413	80.074	60.304	0.444	0.423	0.519	0.326	43.084	3796	2849
200	0.139	36.263	60.664	1.408	36.089	60.410	0.339	0.508	0.519	0.342	84.834	1712	2854
201	0.142	38.775	60.705	1.486	38.502	60.494	0.508	0.402	0.549	0.330	32.684	1835	2858
202	0.142	12.647	60.968	1.443	12.404	60.770	0.508	0.381	0.539	0.335	156.876	590	2871
203	0.124	47.510	60.991	1.383	47.244	60.812	0.508	0.339	0.534	0.296	19.976	2247	2873
204	0.145	73.460	61.162	1.478	73.237	60.918	0.444	0.487	0.581	0.318	130.860	3462	2878
205	0.141	65.433	61.392	1.486	65.257	61.108	0.339	0.572	0.581	0.308	103.145	3087	2887
206	0.161	32.619	61.512	1.575	32.427	61.214	0.381	0.593	0.596	0.345	73.213	1542	2892
207	0.108	49.064	61.565	1.261	48.832	61.404	0.466	0.318	0.463	0.297	7.339	2317	2901
208	0.140	75.512	61.797	1.436	75.290	61.532	0.423	0.487	0.535	0.333	49.502	3571	2907
209	0.141	23.188	61.746	1.468	22.924	61.553	0.508	0.381	0.562	0.320	28.063	1097	2908
210	0.134	101.921	61.955	1.426	101.664	61.786	0.508	0.339	0.536	0.318	19.844	4815	2919
211	0.110	86.442	62.748	1.294	86.212	62.590	0.466	0.318	0.508	0.276	155.164	4074	2957
212	0.123	70.509	62.901	1.329	70.337	62.653	0.339	0.487	0.496	0.317	106.116	3328	2960
213	0.110	21.902	62.954	1.299	21.759	62.696	0.296	0.508	0.502	0.279	96.770	1033	2962
214	0.116	85.867	63.008	1.329	85.683	62.759	0.360	0.466	0.491	0.301	118.969	4052	2965
215	0.158	46.694	63.084	1.543	46.418	62.844	0.529	0.466	0.586	0.344	40.107	2209	2969
216	0.131	74.245	63.139	1.388	74.062	62.886	0.381	0.487	0.531	0.314	119.040	3503	2971
217	0.130	95.773	63.234	1.394	95.525	63.013	0.466	0.423	0.530	0.313	40.391	4526	2977
218	0.127	50.780	63.540	1.366	50.610	63.288	0.339	0.487	0.501	0.323	75.902	2398	2990
219	0.149	106.477	63.619	1.491	106.278	63.331	0.381	0.550	0.557	0.341	73.702	5030	2992
220	0.133	113.246	63.591	1.438	113.072	63.331	0.339	0.529	0.540	0.312	72.590	5353	2992
221	0.137	20.084	63.611	1.443	19.897	63.352	0.381	0.508	0.532	0.328	69.514	948	2993
222	0.129	11.273	63.569	1.413	11.007	63.394	0.529	0.339	0.528	0.312	10.576	537	2995
223	0.135	40.753	64.019	1.461	40.513	63.818	0.487	0.423	0.563	0.305	36.590	1928	3015
224	0.142	74.061	64.073	1.503	73.808	63.881	0.529	0.402	0.583	0.311	29.667	3501	3018
225	0.122	98.714	64.142	1.334	98.488	63.944	0.444	0.402	0.517	0.300	141.191	4656	3021
226	0.131	69.376	64.290	1.468	69.215	64.008	0.318	0.572	0.578	0.288	109.603	3274	3024
227	0.132	92.825	64.443	1.399	92.583	64.241	0.487	0.402	0.519	0.324	34.245	4388	3035
228	0.143	88.325	64.672	1.513	88.096	64.431	0.444	0.529	0.584	0.311	128.862	4166	3044
229	0.130	38.844	64.634	1.383	38.587	64.474	0.529	0.318	0.534	0.310	4.170	1833	3046
230	0.116	107.855	65.139	1.323	107.675	64.918	0.360	0.444	0.499	0.296	55.776	5098	3067
231	0.129	39.917	65.145	1.376	39.688	64.939	0.466	0.402	0.501	0.328	35.414	1887	3068
232	0.126	77.236	65.233	1.418	77.004	65.024	0.466	0.423	0.560	0.287	141.278	3641	3072
233	0.130	20.423	65.610	1.438	20.256	65.342	0.318	0.529	0.535	0.310	86.240	965	3087
234	0.134	126.627	65.841	1.436	126.386	65.659	0.529	0.381	0.539	0.317	25.494	5982	3102
235	0.147	45.506	66.168	1.478	45.276	65.955	0.487	0.444	0.557	0.336	38.408	2151	3116
236	0.115	94.482	66.229	1.299	94.298	65.998	0.360	0.444	0.456	0.320	66.055	4464	3118
237	0.138	39.723	66.365	1.461	39.476	66.146	0.487	0.423	0.556	0.315	37.555	1879	3125
238	0.125	44.897	66.445	1.394	44.640	66.230	0.487	0.402	0.541	0.293	37.802	2124	3129
239	0.125	73.916	66.463	1.329	73.745	66.230	0.339	0.487	0.495	0.321	107.095	3488	3129
240	0.143	14.939	67.393	1.461	14.732	67.141	0.402	0.508	0.534	0.342	118.026	701	3172
241	0.132	41.099	67.606	1.456	40.915	67.352	0.381	0.508	0.550	0.305	116.623	1936	3182
242	0.143	84.837	67.545	1.421	84.582	67.374	0.508	0.339	0.528	0.345	7.054	4008	3183
243	0.130	34.543	67.884	1.448	34.332	67.606	0.402	0.508	0.551	0.301	56.515	1635	3194
244	0.108	72.276	68.012	1.261	72.094	67.776	0.360	0.444	0.437	0.315	111.484	3413	3202
245	0.135	32.380	68.087	1.426	32.216	67.818	0.339	0.529	0.534	0.322	80.577	1529	3204
246	0.123	29.426	68.201	1.401	29.189	67.987	0.466	0.402	0.537	0.291	34.875	1398	3212
247	0.131	87.839	68.215	1.364	87.630	68.008	0.444	0.423	0.487	0.342	140.071	4143	3213
248	0.145	56.714	68.742	1.456	56.430	68.580	0.550	0.339	0.547	0.338	6.993	2677	3240
249	0.133	27.692	68.806	1.461	27.432	68.601	0.508	0.402	0.575	0.293	33.759	1313	3241
250	0.136	91.072	68.827	1.456	90.805	68.665	0.529	0.339	0.543	0.318	174.347	4297	3244
251	0.059	10.523	68.853	0.877	10.393	68.707	0.275	0.275	0.291	0.259	139.397	495	3246
252	0.123	80.185	69.063	1.443	79.968	68.813	0.402	0.487	0.543	0.288	59.765	3788	3251
253	0.137	18.477	69.155	1.418	18.224	68.961	0.508	0.381	0.534	0.327	154.835	865	3258
254	0.130	119.800	69.253	1.383	119.634	68.982	0.318	0.529	0.536	0.309	101.284	5657	3259
255	0.123	99.618	69.477	1.353	99.462	69.215	0.318	0.508	0.525	0.299	107.025	4701	3270
256	0.130	68.741	69.777	1.388	68.453	69.617	0.550	0.318	0.544	0.304	166.737	3240	3289
257	0.112	108.324	70.096	1.329	108.162	69.850	0.318	0.508	0.508	0.281	102.875	5114	3300
258	0.112	104.624	70.171	1.321	104.458	69.956	0.360	0.487	0.490	0.293	59.754	4944	3305
259	0.135	115.721	70.498	1.456	115.570	70.231	0.318	0.572	0.543	0.316	87.793	5466	3318
260	0.121	95.184	70.485	1.341	94.932	70.337	0.508	0.318	0.505	0.304	12.136	4495	3323
261	0.144	34.939	70.587	1.461	34.692	70.379	0.487	0.423	0.553	0.331	142.488	1642	3325
262	0.128	74.059	70.586	1.383	73.808	70.400	0.487	0.360	0.524	0.311	26.428	3500	3326
263	0.113	55.181	70.740	1.304	54.991	70.506	0.360	0.466	0.496	0.290	117.990	2603	3331
264	0.110	55.973	70.714	1.341	55.732	70.548	0.487	0.339	0.530	0.265	28.655	2645	3333
265	0.120	34.233	70.889	1.346	33.994	70.697	0.466	0.381	0.501	0.304	27.647	1622	3340
266	0.137	74.229	70.919	1.466	73.978	70.697	0.487	0.444	0.550	0.316	43.781	3509	3340
267	0.116	43.388	71.267	1.323	43.159	71.099	0.466	0.339	0.497	0.296	28.481	2050	3359
268	0.129	54.840	71.341	1.376	54.631	71.141	0.444	0.423	0.515	0.320	43.136	2591	3361
269	0.113	108.278	71.613	1.316	108.098	71.374	0.381	0.444	0.496	0.291	127.833	5108	3372
270	0.147	11.522	71.908	1.498	11.261	71.713	0.529	0.381	0.554	0.338	24.629	547	3388
271	0.133	72.395	71.889	1.431	72.136	71.713	0.529	0.360	0.522	0.324	165.816	3412	3388
272	0.110	80.633	71.936	1.299	80.454	71.734	0.381	0.423	0.484	0.290	49.606	3816	3389
273	0.128	58.061	72.049	1.401	57.827	71.818	0.444	0.423	0.536	0.304	38.210	2748	3393
274	0.134	64.996	72.145	1.438	64.706	71.988	0.550	0.318	0.546	0.311	178.745	3072	3401
275	0.141	53.466	72.388	1.486	53.298	72.094	0.339	0.572	0.560	0.320	101.034	2526	3406
276	0.135	52.002	72.365	1.436	51.795	72.157	0.444	0.444	0.513	0.336	51.277	2455	3409
277	0.129	85.746	72.452	1.401	85.577	72.200	0.339	0.508	0.521	0.316	77.688	4050	3411
278	0.147	71.391	72.700	1.551	71.120	72.475	0.508	0.466	0.577	0.325	133.961	3365	3424
279	0.107	19.647	72.727	1.276	19.431	72.580	0.444	0.318	0.457	0.297	21.494	926	3429
280	0.159	73.822	73.088	1.545	73.618	72.813	0.402	0.550	0.583	0.348	112.536	3483	3440
281	0.127	100.066	73.077	1.396	99.886	72.834	0.360	0.487	0.533	0.304	63.948	4730	3441
282	0.128	20.437	73.269	1.336	20.193	73.110	0.487	0.318	0.499	0.326	171.571	959	3454
283	0.125	47.058	73.819	1.456	46.778	73.681	0.593	0.275	0.583	0.272	4.317	2218	3481
284	0.101	24.177	74.064	1.226	24.024	73.829	0.318	0.444	0.455	0.282	117.791	1138	3488
285	0.118	45.746	74.126	1.334	45.572	73.893	0.339	0.508	0.516	0.291	112.735	2156	3491
286	0.142	38.208	74.291	1.466	37.994	74.041	0.423	0.508	0.568	0.318	126.085	1798	3498
287	0.130	59.905	74.340	1.459	59.690	74.062	0.423	0.529	0.543	0.306	57.873	2832	3499
288	0.138	112.102	74.350	1.431	111.887	74.126	0.423	0.466	0.563	0.312	129.698	5287	3502
289	0.134	65.871	74.486	1.456	65.617	74.295	0.508	0.381	0.550	0.310	30.976	3113	3510
290	0.142	64.937	74.486	1.498	64.643	74.316	0.572	0.339	0.582	0.311	16.658	3067	3511
291	0.122	117.483	74.679	1.341	117.327	74.422	0.318	0.508	0.500	0.311	77.333	5550	3516
292	0.130	65.350	74.662	1.376	65.130	74.464	0.466	0.402	0.506	0.328	34.097	3089	3518
293	0.130	92.133	74.797	1.413	91.969	74.507	0.318	0.550	0.552	0.300	100.638	4350	3520
294	0.143	77.379	75.001	1.491	77.110	74.824	0.550	0.360	0.564	0.323	162.863	3646	3535
295	0.128	29.930	75.343	1.431	29.718	75.057	0.381	0.508	0.520	0.314	65.835	1416	3546
296	0.115	101.784	75.463	1.334	101.558	75.269	0.444	0.402	0.514	0.284	141.215	4802	3556
297	0.111	87.544	75.958	1.299	87.270	75.819	0.508	0.296	0.486	0.290	178.415	4132	3582
298	0.138	20.772	76.159	1.486	20.595	75.883	0.339	0.550	0.558	0.315	103.837	978	3585
299	0.141	107.954	76.108	1.461	107.717	75.883	0.466	0.444	0.554	0.323	142.457	5092	3585
300	0.148	34.177	76.137	1.551	33.951	75.904	0.487	0.487	0.590	0.320	38.922	1620	3586
301	0.140	20.205	76.332	1.473	20.002	76.073	0.381	0.508	0.550	0.325	61.802	955	3594
302	0.134	68.577	76.326	1.456	68.284	76.158	0.550	0.339	0.563	0.302	15.540	3240	3598
303	0.132	96.193	76.739	1.388	95.991	76.518	0.402	0.466	0.529	0.317	52.861	4545	3615
304	0.132	39.873	76.767	1.418	39.582	76.602	0.550	0.339	0.515	0.326	6.632	1885	3619
305	0.154	66.319	77.211	1.540	66.146	76.920	0.339	0.593	0.593	0.330	80.394	3133	3634
306	0.140	20.492	77.370	1.486	20.320	77.089	0.339	0.550	0.552	0.323	92.963	966	3642
307	0.140	106.972	77.686	1.436	106.786	77.406	0.381	0.529	0.547	0.325	115.727	5050	3657
308	0.136	79.949	77.607	1.431	79.692	77.428	0.529	0.360	0.540	0.321	159.460	3769	3658
309	0.100	125.210	77.676	1.179	125.032	77.491	0.339	0.381	0.387	0.330	64.511	5915	3661
310	0.126	77.479	77.900	1.388	77.237	77.724	0.508	0.360	0.530	0.304	158.097	3652	3672
311	0.109	90.919	77.996	1.264	90.678	77.851	0.487	0.275	0.483	0.287	179.349	4291	3678
312	0.126	17.582	78.120	1.334	17.399	77.893	0.381	0.466	0.469	0.343	115.410	827	3680
313	0.091	88.270	78.143	1.154	88.096	77.957	0.339	0.381	0.433	0.268	134.305	4166	3683
314	0.135	99.288	78.684	1.431	99.102	78.422	0.381	0.508	0.552	0.311	118.360	4685	3705
315	0.138	84.827	78.722	1.478	84.603	78.486	0.466	0.466	0.576	0.306	136.058	3998	3708
316	0.134	42.727	78.920	1.443	42.566	78.634	0.339	0.550	0.563	0.303	106.638	2014	3715
317	0.115	60.217	78.860	1.348	59.965	78.719	0.529	0.275	0.539	0.271	173.094	2837	3719
318	0.129	122.628	78.972	1.436	122.407	78.719	0.423	0.487	0.555	0.296	52.360	5798	3719
319	0.128	36.594	78.900	1.383	36.322	78.740	0.529	0.318	0.522	0.312	173.661	1725	3720
320	0.128	54.671	79.135	1.383	54.441	78.952	0.466	0.381	0.513	0.317	30.802	2583	3730
321	0.141	100.240	79.373	1.486	99.970	79.184	0.529	0.381	0.576	0.311	27.724	4738	3741
322	0.138	46.770	79.411	1.436	46.503	79.227	0.529	0.381	0.529	0.332	21.707	2210	3743
323	0.127	59.431	79.446	1.378	59.161	79.290	0.529	0.296	0.528	0.306	176.551	2802	3746
324	0.113	100.854	79.518	1.304	100.626	79.333	0.444	0.381	0.470	0.307	150.875	4759	3748
325	0.133	55.065	79.599	1.456	54.800	79.396	0.508	0.381	0.570	0.297	26.320	2610	3751
326	0.121	127.959	79.642	1.316	127.720	79.481	0.508	0.318	0.491	0.313	176.517	6042	3755
327	0.135	85.559	79.721	1.424	85.280	79.502	0.508	0.402	0.546	0.315	34.469	4045	3756
328	0.126	17.919	79.742	1.341	17.674	79.587	0.508	0.318	0.514	0.312	168.663	838	3760
329	0.130	80.930	79.997	1.353	80.687	79.820	0.466	0.360	0.489	0.339	18.596	3824	3771
330	0.128	79.125	80.300	1.378	78.867	80.158	0.529	0.296	0.543	0.300	5.530	3733	3787
331	0.144	22.683	80.506	1.450	22.521	80.243	0.318	0.550	0.561	0.326	91.101	1068	3791
332	0.134	94.746	80.516	1.408	94.488	80.349	0.508	0.339	0.521	0.328	17.117	4472	3796
333	0.121	61.591	80.768	1.359	61.320	80.603	0.529	0.318	0.520	0.295	8.241	2911	3808
334	0.116	46.497	80.934	1.316	46.292	80.730	0.423	0.402	0.491	0.301	136.072	2190	3814
335	0.119	109.664	81.001	1.396	109.495	80.730	0.318	0.529	0.537	0.283	99.678	5179	3814
336	0.113	44.674	81.002	1.269	44.450	80.836	0.466	0.318	0.457	0.316	7.250	2107	3819
337	0.138	59.030	81.067	1.401	58.759	80.899	0.529	0.339	0.535	0.330	11.116	2786	3822
338	0.139	31.083	81.357	1.480	30.903	81.090	0.339	0.529	0.552	0.320	76.168	1469	3831
339	0.147	41.725	81.449	1.501	41.487	81.195	0.487	0.487	0.579	0.324	133.067	1964	3836
340	0.116	113.690	81.426	1.329	113.496	81.216	0.402	0.423	0.492	0.300	42.564	5375	3837
341	0.141	84.834	81.456	1.468	84.561	81.280	0.550	0.339	0.556	0.322	169.303	4004	3840
342	0.132	93.282	81.931	1.431	93.091	81.661	0.360	0.529	0.541	0.311	65.939	4409	3858
343	0.145	72.372	82.000	1.475	72.094	81.852	0.550	0.318	0.579	0.318	170.500	3407	3867
344	0.121	28.740	82.077	1.401	28.469	81.894	0.508	0.360	0.555	0.276	30.438	1360	3869
345	0.133	64.838	82.135	1.431	64.580	81.936	0.487	0.381	0.534	0.317	24.646	3067	3871
346	0.105	35.488	82.376	1.269	35.327	82.148	0.318	0.466	0.468	0.285	104.247	1674	3881
347	0.132	55.380	82.414	1.376	55.139	82.232	0.508	0.360	0.506	0.332	13.865	2616	3885
348	0.125	19.428	82.499	1.371	19.240	82.254	0.360	0.487	0.516	0.308	114.158	912	3886
349	0.139	96.681	82.771	1.448	96.499	82.529	0.381	0.529	0.537	0.330	64.387	4568	3899
350	0.108	119.388	82.866	1.264	119.253	82.614	0.275	0.487	0.481	0.286	100.223	5638	3903
351	0.116	23.124	83.359	1.311	22.966	83.122	0.318	0.487	0.489	0.302	74.898	1093	3927
352	0.140	107.393	83.436	1.468	107.252	83.143	0.296	0.593	0.575	0.311	90.043	5072	3928
353	0.136	52.561	83.503	1.453	52.324	83.270	0.466	0.444	0.542	0.319	138.922	2476	3934
354	0.150	57.442	83.581	1.468	57.192	83.397	0.529	0.360	0.542	0.352	9.776	2711	3940
355	0.129	53.727	83.643	1.413	53.488	83.460	0.487	0.381	0.527	0.313	31.306	2538	3943
356	0.126	62.566	83.671	1.394	62.336	83.460	0.487	0.402	0.546	0.293	144.933	2948	3943
357	0.125	50.087	83.847	1.364	49.848	83.672	0.508	0.360	0.514	0.308	160.679	2358	3953
358	0.142	81.446	83.948	1.468	81.174	83.778	0.550	0.339	0.554	0.328	2.455	3845	3958
359	0.121	103.898	84.310	1.366	103.759	84.053	0.296	0.529	0.534	0.288	80.577	4907	3971
360	0.121	106.399	84.440	1.366	106.214	84.201	0.360	0.466	0.523	0.294	63.103	5026	3978
361	0.108	83.370	84.425	1.341	83.100	84.286	0.529	0.296	0.537	0.257	14.705	3939	3982
362	0.118	67.049	84.645	1.316	66.802	84.476	0.487	0.339	0.496	0.304	22.202	3169	3991
363	0.134	59.683	85.276	1.418	59.436	85.069	0.487	0.402	0.547	0.311	31.650	2825	4019
364	0.149	56.191	85.381	1.528	56.028	85.090	0.318	0.614	0.605	0.313	83.995	2654	4020
365	0.138	80.418	85.426	1.394	80.158	85.238	0.508	0.381	0.484	0.364	172.543	3797	4027
366	0.126	50.301	85.583	1.388	50.017	85.408	0.529	0.339	0.519	0.310	20.581	2377	4035
367	0.139	68.657	85.628	1.473	68.368	85.450	0.550	0.360	0.567	0.312	17.793	3246	4037
368	0.137	89.499	85.690	1.461	89.281	85.471	0.444	0.444	0.546	0.320	46.067	4232	4038
369	0.095	110.927	86.126	1.184	110.786	85.894	0.296	0.444	0.443	0.271	84.634	5239	4058
370	0.129	103.784	86.334	1.431	103.568	86.106	0.423	0.466	0.547	0.299	48.480	4905	4068
371	0.129	106.668	86.609	1.366	106.511	86.360	0.318	0.508	0.525	0.314	101.901	5035	4080
372	0.137	94.027	86.690	1.443	93.874	86.424	0.318	0.572	0.556	0.313	82.213	4442	4083
373	0.144	14.816	86.788	1.448	14.626	86.529	0.381	0.529	0.532	0.345	109.626	695	4088
374	0.159	86.879	86.822	1.553	86.593	86.656	0.593	0.339	0.605	0.334	10.625	4103	4094
375	0.143	57.343	87.066	1.421	57.086	86.910	0.508	0.339	0.522	0.349	2.255	2702	4106
376	0.133	84.796	87.184	1.413	84.582	86.953	0.423	0.444	0.528	0.321	44.950	4013	4108
377	0.155	30.325	87.627	1.510	30.141	87.355	0.360	0.550	0.575	0.343	106.516	1428	4127
378	0.141	39.011	87.637	1.426	38.841	87.376	0.339	0.529	0.547	0.327	104.301	1838	4128
379	0.151	43.739	87.717	1.493	43.561	87.461	0.360	0.529	0.548	0.350	74.445	2064	4132
380	0.135	42.244	88.084	1.448	42.016	87.863	0.444	0.466	0.554	0.310	128.733	1989	4151
381	0.137	108.718	88.189	1.426	108.458	88.011	0.529	0.339	0.540	0.324	165.892	5130	4158
382	0.132	77.816	88.462	1.371	77.597	88.244	0.423	0.423	0.508	0.330	45.465	3677	4169
383	0.123	62.795	88.968	1.381	62.590	88.710	0.402	0.487	0.510	0.306	57.099	2970	4191
384	0.111	25.773	89.426	1.304	25.590	89.196	0.381	0.444	0.514	0.275	126.368	1212	4214
385	0.126	57.134	89.550	1.359	56.917	89.344	0.444	0.402	0.521	0.309	38.202	2701	4221
386	0.138	10.140	89.526	1.426	9.885	89.366	0.529	0.339	0.523	0.337	9.996	476	4222
387	0.130	111.493	89.824	1.388	111.252	89.598	0.444	0.423	0.523	0.316	44.275	5268	4233
388	0.132	96.122	90.080	1.438	95.843	89.916	0.550	0.318	0.552	0.304	0.649	4544	4248
389	0.121	102.915	90.450	1.353	102.764	90.191	0.296	0.529	0.515	0.299	97.026	4860	4261
390	0.114	68.507	90.941	1.366	68.347	90.699	0.318	0.508	0.525	0.277	74.190	3237	4285
391	0.131	115.421	91.180	1.388	115.210	90.974	0.444	0.423	0.517	0.323	45.633	5452	4298
392	0.137	58.962	91.264	1.473	58.759	91.017	0.402	0.508	0.564	0.309	116.701	2778	4300
393	0.147	65.059	91.265	1.450	64.791	91.101	0.529	0.339	0.537	0.350	2.854	3068	4304
394	0.155	49.088	91.424	1.521	48.832	91.207	0.508	0.444	0.564	0.351	32.575	2322	4309
395	0.138	33.660	91.596	1.461	33.486	91.313	0.339	0.572	0.564	0.310	104.798	1586	4314
396	0.147	109.515	91.796	1.513	109.284	91.525	0.466	0.508	0.583	0.322	48.095	5180	4324
397	0.129	85.436	91.844	1.394	85.175	91.673	0.529	0.360	0.508	0.325	10.667	4035	4331
398	0.113	52.894	92.155	1.323	52.726	91.948	0.360	0.444	0.485	0.297	61.771	2500	4344
399	0.140	40.822	92.336	1.456	40.640	92.075	0.381	0.508	0.541	0.330	67.315	1928	4350
400	0.085	90.735	92.325	1.069	90.551	92.181	0.360	0.318	0.365	0.297	151.306	4281	4355
401	0.126	100.313	92.450	1.443	100.140	92.181	0.318	0.529	0.522	0.307	85.969	4741	4355
402	0.126	54.827	92.435	1.383	54.589	92.244	0.466	0.381	0.522	0.307	35.252	2590	4358
403	0.133	43.718	92.563	1.408	43.540	92.308	0.339	0.508	0.546	0.309	69.109	2065	4361
404	0.133	52.368	92.704	1.418	52.134	92.498	0.487	0.402	0.535	0.315	147.910	2468	4370
405	0.144	34.127	93.046	1.503	33.951	92.752	0.360	0.572	0.584	0.314	109.980	1608	4382
406	0.112	62.340	92.937	1.323	62.103	92.774	0.466	0.318	0.474	0.302	5.631	2942	4383
407	0.128	50.370	93.211	1.336	50.123	93.049	0.487	0.318	0.495	0.329	175.159	2374	4396
408	0.110	10.045	93.243	1.281	9.800	93.091	0.487	0.296	0.484	0.290	6.384	472	4398
409	0.140	99.448	93.432	1.456	99.166	93.260	0.550	0.339	0.555	0.322	13.447	4697	4406
410	0.135	108.820	93.593	1.461	108.606	93.345	0.423	0.487	0.562	0.305	49.083	5148	4410
411	0.124	90.590	93.885	1.383	90.424	93.641	0.318	0.529	0.519	0.303	100.134	4276	4424
412	0.124	92.569	94.062	1.396	92.308	93.916	0.529	0.296	0.547	0.289	173.383	4366	4437
413	0.128	98.943	94.395	1.359	98.721	94.192	0.423	0.423	0.512	0.319	133.372	4666	4450
414	0.146	14.057	94.704	1.563	13.864	94.424	0.402	0.550	0.594	0.313	65.596	665	4461
415	0.113	85.275	94.871	1.311	85.026	94.721	0.508	0.296	0.518	0.278	166.120	4020	4475
416	0.127	98.459	94.918	1.424	98.192	94.721	0.508	0.402	0.575	0.282	143.481	4641	4475
417	0.118	66.918	94.937	1.311	66.675	94.784	0.487	0.318	0.496	0.304	4.840	3161	4478
418	0.124	115.675	95.212	1.394	115.464	94.996	0.444	0.444	0.552	0.286	48.170	5467	4488
419	0.112	13.481	95.334	1.256	13.314	95.123	0.339	0.444	0.466	0.306	63.074	637	4494
420	0.133	109.448	95.918	1.448	109.262	95.652	0.381	0.529	0.556	0.305	64.035	5172	4519
421	0.138	74.454	95.944	1.515	74.295	95.673	0.318	0.593	0.584	0.302	98.973	3513	4520
422	0.119	106.521	95.932	1.341	106.257	95.779	0.508	0.318	0.505	0.299	14.744	5031	4525
423	0.057	129.135	96.027	0.980	128.968	95.864	0.296	0.318	0.354	0.204	58.152	6099	4529
424	0.115	58.151	96.102	1.316	57.912	95.927	0.487	0.339	0.496	0.296	20.691	2749	4532
425	0.129	68.141	96.244	1.433	68.008	95.970	0.275	0.572	0.570	0.288	88.697	3217	4534
426	0.122	42.235	96.394	1.366	42.079	96.160	0.339	0.487	0.524	0.297	69.393	1995	4543
427	0.145	71.338	96.511	1.498	71.184	96.224	0.318	0.593	0.578	0.319	88.982	3369	4546
428	0.124	86.499	96.477	1.376	86.233	96.308	0.529	0.339	0.530	0.297	160.857	4080	4550
429	0.135	68.796	96.622	1.431	68.622	96.351	0.339	0.550	0.555	0.309	74.167	3251	4552
430	0.122	52.764	96.630	1.388	52.493	96.456	0.529	0.339	0.545	0.285	17.824	2500	4557
431	0.121	41.096	96.619	1.396	40.809	96.478	0.550	0.296	0.549	0.281	165.757	1933	4558
432	0.127	83.916	96.952	1.396	83.651	96.795	0.529	0.318	0.527	0.307	11.028	3963	4573
433	0.141	86.435	97.161	1.473	86.170	96.986	0.550	0.360	0.560	0.321	161.351	4074	4582
434	0.132	104.060	97.253	1.456	103.886	97.007	0.360	0.508	0.556	0.302	112.774	4908	4583
435	0.120	90.855	97.231	1.323	90.614	97.070	0.487	0.318	0.485	0.314	178.571	4290	4586
436	0.133	84.632	97.321	1.433	84.349	97.176	0.550	0.296	0.560	0.302	174.937	3990	4591
437	0.142	41.942	97.642	1.478	41.677	97.430	0.529	0.402	0.560	0.324	29.883	1985	4603
438	0.138	20.173	98.059	1.461	20.002	97.790	0.339	0.572	0.561	0.314	78.393	953	4620
439	0.164	87.941	98.193	1.600	87.630	98.023	0.635	0.339	0.637	0.328	169.547	4145	4631
440	0.125	65.544	98.322	1.388	65.257	98.150	0.529	0.339	0.525	0.302	16.129	3099	4637
441	0.118	33.803	98.445	1.281	33.634	98.234	0.339	0.444	0.470	0.319	113.501	1590	4641
442	0.130	31.069	98.695	1.388	30.882	98.425	0.360	0.508	0.522	0.318	65.065	1470	4650
443	0.132	20.436	98.939	1.421	20.256	98.679	0.339	0.508	0.512	0.327	88.719	966	4662
444	0.125	76.637	98.921	1.329	76.454	98.700	0.360	0.466	0.472	0.339	105.760	3616	4663
445	0.120	88.146	98.994	1.306	87.905	98.827	0.466	0.318	0.488	0.312	172.399	4162	4669
446	0.126	13.695	99.244	1.359	13.526	98.996	0.339	0.508	0.509	0.315	105.854	642	4677
447	0.097	16.912	99.212	1.184	16.764	99.018	0.318	0.423	0.442	0.279	62.489	798	4678
448	0.137	47.401	99.230	1.426	47.138	99.060	0.529	0.339	0.543	0.322	12.219	2242	4680
449	0.123	118.179	99.411	1.366	117.941	99.229	0.466	0.360	0.511	0.306	30.251	5585	4688
450	0.129	19.878	99.712	1.510	19.727	99.399	0.296	0.593	0.592	0.277	82.148	937	4696
451	0.145	47.966	99.763	1.553	47.816	99.441	0.318	0.614	0.615	0.300	96.249	2263	4698
452	0.130	68.268	99.911	1.408	68.072	99.674	0.381	0.466	0.517	0.321	58.957	3225	4709
453	0.123	35.754	99.964	1.353	35.581	99.716	0.339	0.487	0.509	0.307	68.919	1689	4711
454	0.146	71.088	99.902	1.456	70.824	99.716	0.529	0.360	0.537	0.345	13.387	3356	4711
455	0.156	74.319	99.944	1.551	74.020	99.737	0.572	0.402	0.606	0.328	23.591	3515	4712
456	0.142	85.653	100.023	1.461	85.408	99.801	0.487	0.423	0.550	0.329	141.487	4039	4715
457	0.131	34.137	100.097	1.436	33.909	99.864	0.444	0.466	0.568	0.294	133.950	1606	4718
458	0.122	62.655	100.119	1.366	62.505	99.864	0.296	0.529	0.521	0.299	88.000	2959	4718
459	0.149	71.838	100.171	1.515	71.670	99.886	0.339	0.572	0.575	0.329	90.429	3390	4719
460	0.137	29.983	100.134	1.418	29.760	99.907	0.444	0.444	0.535	0.327	134.141	1409	4720
461	0.138	38.216	100.212	1.498	37.931	100.034	0.550	0.339	0.569	0.310	162.128	1798	4726
462	0.116	99.587	100.374	1.329	99.356	100.203	0.466	0.339	0.485	0.306	18.172	4708	4734
463	0.132	82.826	100.639	1.436	82.571	100.436	0.487	0.423	0.556	0.302	143.145	3904	4745
464	0.128	23.149	100.797	1.388	22.966	100.542	0.360	0.508	0.524	0.310	110.208	1090	4750
465	0.124	40.083	100.835	1.408	39.920	100.584	0.318	0.529	0.538	0.294	78.121	1892	4752
466	0.136	105.419	100.872	1.426	105.262	100.605	0.318	0.550	0.545	0.317	98.349	4977	4753
467	0.119	46.323	100.797	1.336	46.101	100.626	0.466	0.339	0.490	0.310	155.169	2178	4754
468	0.109	13.645	101.021	1.351	13.441	100.796	0.402	0.466	0.535	0.260	130.559	639	4762
469	0.138	91.212	100.986	1.436	90.953	100.796	0.529	0.381	0.531	0.330	23.697	4308	4762
470	0.127	120.155	100.975	1.371	119.930	100.796	0.466	0.360	0.503	0.321	24.449	5675	4762
471	0.129	33.260	101.070	1.401	33.020	100.880	0.487	0.381	0.536	0.308	151.440	1564	4766
472	0.113	92.584	101.117	1.316	92.350	100.944	0.466	0.339	0.494	0.292	25.007	4376	4769
473	0.107	60.594	101.156	1.316	60.388	100.965	0.423	0.381	0.480	0.284	36.521	2871	4770
474	0.108	107.708	101.169	1.274	107.463	101.007	0.487	0.318	0.488	0.282	159.185	5082	4772
475	0.139	27.001	101.254	1.461	26.712	101.092	0.572	0.339	0.568	0.312	169.433	1268	4776
476	0.079	57.803	101.246	1.119	57.658	101.092	0.296	0.339	0.347	0.291	79.038	2726	4776
477	0.125	88.309	101.479	1.366	88.159	101.219	0.318	0.508	0.507	0.314	96.575	4169	4782
478	0.112	89.863	101.901	1.371	89.577	101.748	0.550	0.296	0.543	0.264	19.797	4245	4807
479	0.140	9.615	101.931	1.443	9.356	101.769	0.529	0.339	0.537	0.331	170.817	446	4808
480	0.106	48.987	101.954	1.269	48.747	101.812	0.487	0.296	0.481	0.281	10.183	2311	4810
481	0.129	92.293	102.021	1.408	92.033	101.854	0.508	0.339	0.528	0.311	13.434	4360	4812
482	0.122	79.045	102.144	1.371	78.867	101.875	0.360	0.487	0.484	0.321	75.544	3735	4813
483	0.128	54.102	102.240	1.383	53.848	102.066	0.508	0.339	0.530	0.307	160.791	2549	4822
484	0.147	55.955	102.262	1.528	55.668	102.087	0.593	0.339	0.599	0.312	166.008	2634	4823
485	0.140	48.688	102.880	1.498	48.514	102.595	0.339	0.572	0.587	0.304	71.750	2302	4847
486	0.109	34.918	102.912	1.256	34.692	102.743	0.423	0.360	0.469	0.296	146.734	1642	4854
487	0.114	57.910	102.879	1.294	57.658	102.743	0.487	0.296	0.495	0.293	176.973	2728	4854
488	0.129	84.396	102.918	1.396	84.159	102.743	0.487	0.360	0.510	0.321	23.660	3987	4854
489	0.149	26.400	103.219	1.540	26.226	102.934	0.339	0.572	0.585	0.324	84.540	1246	4863
490	0.139	26.871	103.485	1.486	26.585	103.314	0.550	0.339	0.554	0.320	10.130	1269	4881
491	0.131	117.009	103.565	1.418	116.734	103.378	0.529	0.360	0.543	0.307	22.861	5530	4884
492	0.141	44.460	103.939	1.521	44.217	103.717	0.508	0.423	0.566	0.316	151.266	2091	4900
493	0.139	93.688	104.072	1.468	93.430	103.886	0.508	0.381	0.559	0.317	25.239	4430	4908
494	0.046	72.447	104.077	0.775	72.326	103.950	0.233	0.254	0.244	0.238	73.122	3423	4911
495	0.123	55.978	104.215	1.353	55.753	104.034	0.466	0.360	0.498	0.314	153.644	2635	4915
496	0.135	36.599	104.478	1.463	36.449	104.182	0.296	0.572	0.581	0.296	90.724	1726	4922
497	0.112	105.971	104.479	1.408	105.812	104.182	0.296	0.550	0.548	0.261	77.855	5006	4922
498	0.131	117.826	104.350	1.366	117.581	104.182	0.487	0.339	0.492	0.338	15.173	5564	4922
499	0.126	82.430	104.430	1.391	82.169	104.288	0.529	0.296	0.536	0.299	178.773	3887	4927
500	0.113	25.277	104.503	1.359	25.040	104.309	0.466	0.381	0.542	0.265	36.257	1198	4928
501	0.121	44.820	104.998	1.376	44.577	104.775	0.444	0.423	0.527	0.294	44.443	2120	4950
502	0.137	26.295	105.062	1.453	26.098	104.796	0.381	0.550	0.552	0.315	111.826	1238	4951
503	0.130	99.389	105.095	1.431	99.124	104.923	0.550	0.339	0.546	0.303	17.316	4695	4957
504	0.114	67.908	105.150	1.359	67.628	105.008	0.529	0.296	0.507	0.286	7.760	3206	4961
505	0.137	44.223	105.313	1.456	43.942	105.156	0.550	0.339	0.570	0.305	165.970	2081	4968
506	0.136	46.707	105.363	1.431	46.461	105.177	0.529	0.360	0.536	0.323	162.207	2199	4969
507	0.144	79.978	105.568	1.473	79.798	105.283	0.360	0.550	0.553	0.331	105.946	3775	4974
508	0.121	80.720	105.689	1.371	80.560	105.410	0.318	0.529	0.521	0.297	103.654	3812	4980
509	0.141	68.543	105.692	1.453	68.347	105.431	0.423	0.508	0.543	0.330	123.195	3233	4981
510	0.147	66.155	106.330	1.515	65.892	106.130	0.529	0.402	0.579	0.324	153.848	3118	5014
511	0.150	86.958	106.417	1.521	86.656	106.236	0.572	0.381	0.569	0.336	14.189	4109	5019
512	0.138	91.755	106.677	1.424	91.525	106.447	0.444	0.466	0.551	0.319	129.581	4328	5029
513	0.144	106.184	106.715	1.478	105.939	106.511	0.529	0.402	0.552	0.333	151.446	5009	5032
514	0.129	47.922	106.835	1.413	47.688	106.638	0.487	0.381	0.548	0.300	151.378	2255	5038
515	0.155	127.547	106.866	1.508	127.296	106.638	0.508	0.444	0.577	0.343	142.113	6018	5038
516	0.112	64.025	107.159	1.269	63.796	106.998	0.466	0.318	0.467	0.304	9.233	3025	5055
517	0.125	92.559	107.300	1.388	92.350	107.082	0.423	0.444	0.548	0.291	49.253	4375	5059
518	0.124	48.614	107.339	1.359	48.345	107.167	0.508	0.339	0.530	0.297	159.366	2291	5063
519	0.142	66.745	107.476	1.491	66.548	107.209	0.381	0.550	0.584	0.310	114.926	3148	5065
520	0.126	60.932	107.544	1.383	60.706	107.357	0.466	0.381	0.530	0.303	147.476	2869	5072
521	0.118	48.087	107.682	1.323	47.858	107.506	0.466	0.339	0.507	0.296	156.557	2265	5079
522	0.138	98.218	107.767	1.448	97.980	107.527	0.444	0.466	0.556	0.316	50.215	4641	5080
523	0.138	85.941	107.950	1.448	85.746	107.696	0.381	0.529	0.545	0.323	70.731	4060	5088
524	0.115	102.658	107.958	1.299	102.404	107.802	0.487	0.318	0.492	0.298	16.343	4848	5093
525	0.126	67.023	108.257	1.388	66.823	108.035	0.423	0.444	0.532	0.303	135.612	3157	5104
526	0.113	34.533	108.231	1.294	34.290	108.098	0.487	0.296	0.489	0.295	179.473	1625	5107
527	0.136	21.885	108.466	1.426	21.696	108.225	0.381	0.487	0.525	0.330	117.553	1025	5113
528	0.130	114.493	108.865	1.443	114.279	108.627	0.423	0.466	0.545	0.305	55.005	5410	5132
529	0.120	52.131	108.961	1.359	51.901	108.776	0.444	0.402	0.519	0.294	145.407	2455	5139
530	0.116	29.704	109.606	1.383	29.570	109.326	0.275	0.550	0.540	0.273	93.500	1400	5165
531	0.111	45.088	109.614	1.316	44.916	109.368	0.381	0.444	0.498	0.284	129.097	2123	5167
532	0.148	13.855	109.719	1.510	13.674	109.453	0.360	0.550	0.571	0.330	73.644	654	5171
533	0.127	53.580	109.835	1.388	53.298	109.664	0.508	0.360	0.504	0.320	157.045	2527	5181
534	0.127	32.977	110.085	1.436	32.787	109.834	0.402	0.487	0.556	0.290	121.966	1550	5189
535	0.127	77.123	110.018	1.359	76.877	109.834	0.508	0.339	0.484	0.334	177.770	3642	5189
536	0.141	79.480	110.247	1.486	79.248	110.024	0.466	0.444	0.573	0.313	42.420	3758	5198
537	0.131	17.046	110.311	1.456	16.785	110.130	0.487	0.402	0.552	0.302	150.234	797	5203
538	0.121	88.043	110.388	1.361	87.778	110.257	0.529	0.275	0.535	0.288	176.598	4150	5209
539	0.137	15.995	110.591	1.448	15.769	110.363	0.423	0.487	0.545	0.319	127.164	749	5214
540	0.144	115.094	110.835	1.493	114.935	110.554	0.318	0.572	0.584	0.314	81.331	5435	5223
541	0.149	89.077	111.013	1.515	88.900	110.723	0.360	0.572	0.590	0.321	104.637	4204	5231
542	0.098	32.461	110.957	1.219	32.279	110.744	0.360	0.423	0.452	0.275	125.402	1528	5232
543	0.156	31.341	111.109	1.545	31.073	110.892	0.529	0.423	0.575	0.346	149.194	1475	5239
544	0.117	84.053	111.386	1.304	83.841	111.188	0.423	0.402	0.497	0.300	139.469	3963	5253
545	0.113	94.890	111.718	1.274	94.700	111.506	0.381	0.423	0.458	0.315	130.348	4481	5268
546	0.112	76.908	111.871	1.288	76.666	111.718	0.466	0.296	0.481	0.295	169.966	3631	5278
547	0.116	34.753	112.011	1.294	34.544	111.845	0.444	0.339	0.456	0.324	156.990	1633	5284
548	0.144	114.961	113.509	1.503	114.787	113.220	0.360	0.572	0.566	0.324	76.795	5431	5349
549	0.115	117.183	113.996	1.341	117.030	113.750	0.318	0.508	0.536	0.273	67.196	5537	5374
550	0.137	66.538	114.340	1.456	66.294	114.131	0.487	0.402	0.539	0.323	29.625	3148	5392
551	0.139	49.788	114.414	1.478	49.572	114.152	0.444	0.487	0.580	0.306	134.253	2344	5393
552	0.119	54.598	115.037	1.334	54.377	114.829	0.423	0.423	0.526	0.287	135.318	2572	5425
553	0.123	27.760	115.285	1.401	27.580	115.062	0.381	0.487	0.541	0.290	56.196	1312	5436
554	0.137	86.776	115.384	1.443	86.529	115.189	0.508	0.381	0.548	0.319	155.302	4093	5442
555	0.150	24.786	115.527	1.521	24.596	115.252	0.381	0.572	0.584	0.326	66.294	1173	5445
556	0.134	74.140	115.586	1.448	73.872	115.422	0.572	0.339	0.544	0.314	168.173	3495	5453
557	0.128	38.077	115.706	1.406	37.888	115.464	0.381	0.508	0.550	0.296	116.797	1792	5455
558	0.132	95.598	115.928	1.456	95.335	115.718	0.487	0.402	0.526	0.320	23.490	4524	5467
559	0.129	84.970	116.173	1.418	84.773	115.888	0.381	0.508	0.511	0.322	63.993	4018	5475
560	0.147	41.130	116.430	1.466	40.915	116.184	0.444	0.487	0.545	0.342	126.956	1937	5489
561	0.125	39.713	116.815	1.353	39.539	116.565	0.318	0.508	0.500	0.318	86.818	1875	5507
562	0.115	62.653	116.909	1.366	62.526	116.628	0.275	0.550	0.539	0.271	94.303	2957	5510
563	0.116	60.782	117.807	1.353	60.621	117.560	0.318	0.508	0.516	0.287	103.888	2868	5554
564	0.133	86.800	118.003	1.396	86.550	117.835	0.508	0.339	0.514	0.330	13.056	4102	5567
565	0.138	28.683	118.484	1.461	28.406	118.300	0.550	0.360	0.561	0.314	162.006	1351	5589
566	0.144	21.784	118.934	1.438	21.526	118.766	0.529	0.339	0.546	0.335	170.241	1020	5611
567	0.141	92.623	118.933	1.486	92.329	118.766	0.572	0.339	0.571	0.314	16.195	4376	5611
568	0.134	14.668	118.960	1.426	14.393	118.808	0.550	0.318	0.538	0.317	176.973	685	5613
569	0.157	49.099	119.036	1.528	48.810	118.872	0.593	0.339	0.592	0.338	176.751	2312	5616
570	0.134	59.942	119.103	1.431	59.732	118.872	0.402	0.487	0.561	0.303	124.642	2823	5616
571	0.118	44.427	119.395	1.316	44.196	119.211	0.444	0.381	0.506	0.297	144.899	2091	5632
572	0.142	94.215	119.376	1.473	93.938	119.211	0.572	0.339	0.558	0.323	171.642	4443	5632
573	0.120	27.601	119.473	1.316	27.390	119.274	0.444	0.381	0.478	0.319	143.387	1297	5635
574	0.118	31.696	120.053	1.306	31.538	119.824	0.318	0.466	0.492	0.305	106.076	1492	5661
575	0.121	16.943	120.066	1.401	16.700	119.867	0.466	0.402	0.493	0.314	142.189	792	5663
576	0.126	81.223	120.390	1.424	81.005	120.163	0.444	0.466	0.539	0.298	44.346	3842	5677
577	0.125	71.809	121.137	1.383	71.564	120.968	0.487	0.339	0.508	0.312	160.426	3382	5715
578	0.125	53.423	121.433	1.396	53.276	121.158	0.296	0.550	0.543	0.292	97.596	2520	5724
579	0.129	76.819	121.593	1.436	76.560	121.433	0.550	0.339	0.544	0.301	15.798	3627	5737
580	0.125	49.723	121.926	1.388	49.551	121.666	0.339	0.529	0.536	0.297	109.909	2345	5748
581	0.104	83.970	122.529	1.291	83.735	122.343	0.444	0.381	0.500	0.266	140.727	3960	5780
582	0.147	62.296	122.772	1.491	62.018	122.576	0.508	0.423	0.558	0.334	143.864	2935	5791
583	0.149	78.523	123.657	1.480	78.359	123.380	0.339	0.550	0.554	0.342	92.382	3707	5829
584	0.117	38.202	123.656	1.316	38.037	123.423	0.339	0.487	0.496	0.301	111.745	1799	5831
585	0.145	23.070	125.305	1.503	22.881	125.032	0.360	0.572	0.583	0.317	105.433	1085	5907
586	0.126	108.308	126.054	1.359	108.098	125.815	0.402	0.444	0.509	0.316	50.645	5119	5944
587	0.129	55.231	127.304	1.401	55.012	127.064	0.423	0.444	0.508	0.324	47.582	2612	6003
588	0.130	86.408	127.470	1.388	86.212	127.254	0.402	0.466	0.525	0.315	54.267	4082	6012
589	0.113	69.504	127.810	1.271	69.321	127.635	0.360	0.360	0.387	0.371	177.615	3279	6030
590	0.095	30.465	128.041	1.209	30.290	127.847	0.339	0.402	0.473	0.257	123.474	1432	6040
591	0.132	65.859	128.396	1.456	65.680	128.122	0.360	0.529	0.547	0.307	112.581	3108	6053
592	0.110	38.686	128.554	1.341	38.523	128.291	0.318	0.508	0.514	0.272	105.007	1825	6061
593	0.147	53.812	128.968	1.523	53.615	128.715	0.423	0.487	0.581	0.322	124.167	2534	6081
594	0.146	51.445	130.242	1.486	51.266	129.984	0.360	0.529	0.550	0.338	81.978	2428	6141
595	0.113	47.658	131.671	1.334	47.456	131.445	0.402	0.444	0.499	0.289	129.081	2245	6210
596	0.114	60.202	133.027	1.341	60.050	132.757	0.296	0.529	0.520	0.278	82.367	2843	6272
597	0.042	61.643	134.038	0.853	61.532	133.900	0.254	0.275	0.270	0.198	124.496	2909	6326
