 	Area	X	Y	Perim.	BX	BY	Width	Height	Major	Minor	Angle	XStart	YStart
1	0.060	108.618	11.916	0.950	108.500	11.748	0.233	0.360	0.348	0.220	91.200	5130	555
2	0.152	70.578	12.812	1.521	70.358	12.573	0.423	0.508	0.564	0.344	126.019	3327	594
3	0.182	75.957	15.481	1.767	75.734	15.155	0.423	0.614	0.649	0.357	66.257	3592	716
4	0.118	108.506	16.560	1.316	108.331	16.320	0.339	0.487	0.500	0.300	112.620	5124	771
5	0.157	78.269	16.849	1.521	77.999	16.658	0.550	0.381	0.555	0.360	18.284	3696	787
6	0.174	41.944	17.229	1.695	41.698	16.933	0.444	0.593	0.618	0.359	109.012	1976	800
7	0.163	74.690	17.321	1.575	74.401	17.145	0.572	0.360	0.589	0.353	4.499	3526	810
8	0.152	37.283	17.970	1.486	37.020	17.780	0.529	0.381	0.549	0.352	170.530	1756	840
9	0.164	25.284	19.161	1.580	25.019	18.923	0.529	0.466	0.614	0.340	144.563	1185	894
10	0.163	103.909	19.230	1.583	103.738	18.944	0.339	0.614	0.611	0.340	97.045	4905	895
11	0.149	83.299	19.289	1.491	83.016	19.114	0.572	0.360	0.567	0.335	17.794	3934	903
12	0.141	87.389	19.892	1.461	87.186	19.643	0.423	0.487	0.543	0.331	124.421	4124	928
13	0.159	99.593	20.218	1.533	99.356	19.981	0.466	0.487	0.586	0.345	133.194	4697	944
14	0.046	23.991	20.209	0.848	23.834	20.108	0.318	0.212	0.314	0.187	171.650	1129	950
15	0.168	33.869	21.095	1.598	33.655	20.786	0.423	0.593	0.591	0.362	111.589	1597	982
16	0.132	97.273	21.911	1.421	97.134	21.632	0.296	0.550	0.558	0.301	85.614	4594	1022
17	0.143	84.324	22.216	1.473	84.138	21.950	0.381	0.529	0.563	0.324	65.253	3985	1037
18	0.121	50.304	22.212	1.450	50.038	22.077	0.572	0.275	0.573	0.268	178.278	2371	1043
19	0.142	34.845	22.497	1.466	34.650	22.225	0.402	0.529	0.553	0.328	121.300	1641	1050
20	0.129	80.450	22.493	1.394	80.243	22.267	0.423	0.466	0.540	0.303	46.132	3804	1052
21	0.137	84.478	22.604	1.478	84.243	22.373	0.466	0.466	0.573	0.305	42.764	3997	1057
22	0.162	105.291	22.979	1.575	105.008	22.796	0.550	0.381	0.575	0.359	167.339	4968	1077
23	0.122	34.722	23.399	1.371	34.459	23.241	0.529	0.318	0.524	0.296	4.258	1640	1098
24	0.145	103.710	24.507	1.518	103.420	24.363	0.572	0.296	0.597	0.309	5.597	4895	1151
25	0.144	116.066	24.694	1.496	115.803	24.511	0.529	0.423	0.563	0.325	152.696	5473	1158
26	0.168	24.827	25.013	1.613	24.511	24.829	0.614	0.360	0.636	0.336	170.002	1168	1173
27	0.160	49.398	25.049	1.540	49.107	24.871	0.572	0.360	0.586	0.349	169.647	2327	1175
28	0.203	79.587	25.276	1.755	79.290	25.040	0.593	0.487	0.653	0.396	33.842	3760	1183
29	0.161	84.894	25.390	1.580	84.624	25.146	0.529	0.466	0.580	0.353	37.097	4018	1188
30	0.197	47.251	25.859	1.755	46.969	25.590	0.572	0.529	0.687	0.366	139.608	2221	1209
31	0.159	45.361	26.183	1.551	45.148	25.908	0.444	0.529	0.592	0.343	123.903	2138	1224
32	0.161	102.738	26.544	1.583	102.447	26.374	0.572	0.381	0.599	0.342	165.853	4844	1246
33	0.197	81.568	27.207	1.730	81.301	26.924	0.529	0.572	0.631	0.397	49.590	3857	1272
34	0.174	58.371	27.366	1.610	58.145	27.093	0.466	0.550	0.620	0.358	124.950	2750	1280
35	0.122	87.251	27.493	1.436	87.080	27.220	0.339	0.529	0.509	0.305	104.923	4122	1286
36	0.155	23.985	27.541	1.515	23.686	27.368	0.572	0.360	0.577	0.343	11.982	1130	1293
37	0.156	34.907	27.779	1.558	34.713	27.496	0.381	0.572	0.608	0.327	68.745	1649	1299
38	0.159	94.230	27.989	1.521	93.980	27.771	0.508	0.444	0.580	0.348	35.957	4452	1312
39	0.131	48.570	28.122	1.438	48.408	27.855	0.318	0.550	0.556	0.299	77.168	2294	1316
40	0.216	65.421	28.352	1.867	65.109	28.067	0.593	0.572	0.673	0.408	131.896	3082	1326
41	0.146	107.534	28.298	1.463	107.273	28.130	0.529	0.339	0.561	0.330	15.728	5079	1329
42	0.146	103.290	28.543	1.478	103.039	28.321	0.487	0.444	0.568	0.326	38.787	4882	1338
43	0.161	85.059	28.751	1.588	84.751	28.575	0.593	0.360	0.609	0.336	169.387	4011	1350
44	0.152	27.870	28.873	1.563	27.665	28.596	0.402	0.550	0.602	0.321	61.578	1319	1351
45	0.138	43.054	29.259	1.448	42.820	29.062	0.487	0.423	0.558	0.315	35.081	2035	1373
46	0.155	36.098	29.942	1.508	35.878	29.697	0.444	0.508	0.569	0.347	52.124	1706	1403
47	0.098	56.740	29.965	1.299	56.494	29.782	0.466	0.339	0.517	0.240	33.370	2685	1407
48	0.122	13.484	30.219	1.396	13.293	29.972	0.360	0.487	0.534	0.291	62.129	641	1416
49	0.164	67.028	30.201	1.698	66.760	29.972	0.529	0.466	0.575	0.363	142.639	3158	1416
50	0.171	102.438	30.196	1.613	102.129	30.014	0.614	0.360	0.610	0.357	171.309	4833	1418
51	0.163	59.834	30.514	1.558	59.648	30.226	0.381	0.572	0.597	0.348	103.431	2822	1428
52	0.145	38.863	30.778	1.508	38.629	30.544	0.466	0.487	0.585	0.315	128.216	1826	1443
53	0.135	48.644	30.834	1.406	48.450	30.586	0.381	0.508	0.522	0.330	61.621	2300	1445
54	0.181	54.439	31.337	1.685	54.229	31.030	0.402	0.614	0.640	0.361	107.887	2565	1466
55	0.137	81.087	31.661	1.443	80.814	31.475	0.529	0.360	0.545	0.320	159.399	3825	1487
56	0.146	59.832	31.894	1.478	59.584	31.686	0.529	0.402	0.562	0.330	149.943	2818	1497
57	0.159	23.058	32.417	1.521	22.818	32.173	0.466	0.487	0.577	0.350	129.732	1082	1520
58	0.154	52.907	32.488	1.521	52.705	32.216	0.381	0.550	0.540	0.363	95.964	2499	1522
59	0.156	89.208	32.537	1.551	88.985	32.279	0.466	0.508	0.590	0.337	133.023	4206	1525
60	0.177	46.561	33.334	1.623	46.334	33.062	0.466	0.550	0.630	0.358	53.914	2202	1562
61	0.173	38.073	33.562	1.618	37.782	33.359	0.593	0.402	0.619	0.356	161.713	1791	1576
62	0.159	24.926	33.884	1.523	24.638	33.718	0.572	0.339	0.589	0.345	6.510	1174	1593
63	0.136	26.995	34.159	1.431	26.755	33.951	0.487	0.402	0.547	0.316	36.170	1277	1604
64	0.158	34.420	34.493	1.570	34.142	34.311	0.593	0.360	0.584	0.345	0.908	1623	1621
65	0.076	133.143	34.685	1.057	132.990	34.523	0.318	0.339	0.321	0.300	106.373	6288	1631
66	0.154	37.976	34.876	1.528	37.782	34.608	0.402	0.529	0.580	0.338	62.661	1795	1635
67	0.143	113.980	35.569	1.461	113.771	35.327	0.423	0.487	0.567	0.321	125.887	5377	1669
68	0.130	93.502	35.573	1.371	93.282	35.370	0.444	0.402	0.516	0.322	142.826	4409	1671
69	0.150	58.087	35.771	1.515	57.827	35.581	0.529	0.402	0.574	0.332	26.162	2744	1681
70	0.190	66.696	35.936	1.730	66.442	35.645	0.508	0.572	0.623	0.389	53.327	3154	1684
71	0.149	95.628	35.837	1.523	95.335	35.687	0.593	0.318	0.592	0.320	175.790	4508	1686
72	0.146	42.584	36.072	1.491	42.376	35.814	0.423	0.508	0.570	0.326	57.013	2014	1692
73	0.235	76.936	36.269	2.024	76.645	35.962	0.635	0.614	0.609	0.491	34.464	3631	1699
74	0.175	75.969	36.315	1.653	75.756	36.004	0.423	0.593	0.610	0.365	70.203	3591	1701
75	0.150	121.744	36.226	1.448	121.518	36.004	0.444	0.466	0.532	0.358	132.860	5744	1701
76	0.154	104.854	36.430	1.528	104.690	36.132	0.339	0.593	0.589	0.332	83.011	4953	1707
77	0.170	23.625	36.403	1.640	23.326	36.195	0.614	0.381	0.601	0.360	179.660	1117	1710
78	0.151	41.168	36.885	1.503	40.979	36.618	0.381	0.550	0.558	0.343	74.204	1944	1730
79	0.169	101.135	37.019	1.607	100.965	36.724	0.360	0.593	0.616	0.349	100.031	4773	1735
80	0.157	35.355	36.948	1.565	35.073	36.766	0.550	0.381	0.571	0.350	175.266	1666	1737
81	0.163	23.617	37.042	1.605	23.326	36.830	0.572	0.402	0.561	0.369	1.607	1117	1740
82	0.099	110.348	37.108	1.184	110.151	36.936	0.381	0.360	0.448	0.282	141.012	5207	1745
83	0.163	21.299	37.281	1.600	20.997	37.105	0.593	0.360	0.610	0.340	0.218	1004	1753
84	0.159	103.240	38.115	1.570	103.060	37.825	0.360	0.593	0.594	0.342	76.195	4877	1787
85	0.145	56.503	38.147	1.456	56.303	37.910	0.402	0.487	0.542	0.341	57.420	2669	1791
86	0.176	78.176	38.376	1.630	77.978	38.058	0.381	0.614	0.626	0.358	99.229	3690	1798
87	0.112	38.029	38.452	1.256	37.782	38.290	0.466	0.318	0.466	0.305	14.350	1797	1809
88	0.148	43.175	38.524	1.473	42.926	38.333	0.508	0.402	0.544	0.346	26.752	2041	1811
89	0.177	69.043	38.620	1.711	68.770	38.354	0.529	0.529	0.599	0.376	46.962	3265	1812
90	0.173	108.949	38.759	1.600	108.754	38.460	0.381	0.593	0.614	0.359	75.381	5147	1817
91	0.151	41.421	38.845	1.521	41.148	38.629	0.529	0.423	0.574	0.336	31.525	1959	1825
92	0.144	102.604	38.857	1.510	102.341	38.650	0.508	0.402	0.554	0.331	25.371	4857	1826
93	0.141	28.275	39.780	1.426	28.025	39.603	0.508	0.360	0.536	0.334	159.356	1326	1871
94	0.150	51.915	39.809	1.486	51.647	39.624	0.529	0.381	0.561	0.340	25.256	2452	1872
95	0.148	56.084	39.980	1.473	55.880	39.730	0.402	0.508	0.534	0.353	109.106	2644	1877
96	0.166	18.512	40.080	1.610	18.288	39.793	0.444	0.572	0.609	0.348	119.752	869	1880
97	0.131	99.630	40.018	1.388	99.399	39.814	0.466	0.402	0.513	0.326	32.517	4710	1881
98	0.155	67.734	40.114	1.563	67.543	39.836	0.381	0.572	0.588	0.336	111.005	3194	1882
99	0.164	77.046	40.365	1.575	76.750	40.174	0.550	0.402	0.556	0.374	7.012	3638	1898
100	0.143	24.143	40.372	1.456	23.876	40.196	0.550	0.339	0.546	0.334	0.121	1137	1899
101	0.162	44.181	40.505	1.593	43.942	40.259	0.487	0.508	0.610	0.338	46.358	2089	1902
102	0.158	17.675	40.779	1.563	17.378	40.576	0.572	0.402	0.591	0.340	160.855	831	1917
103	0.119	101.349	41.115	1.329	101.113	40.936	0.466	0.360	0.511	0.296	148.515	4779	1934
104	0.166	104.062	41.122	1.613	103.759	40.936	0.614	0.360	0.634	0.334	11.188	4920	1934
105	0.173	40.955	41.295	1.635	40.661	41.084	0.593	0.423	0.632	0.348	23.845	1938	1941
106	0.160	92.812	41.352	1.556	92.562	41.106	0.487	0.508	0.590	0.345	134.966	4380	1942
107	0.128	54.354	41.624	1.406	54.144	41.381	0.402	0.487	0.547	0.298	121.464	2562	1955
108	0.159	89.670	41.733	1.510	89.493	41.466	0.360	0.529	0.553	0.365	83.964	4233	1959
109	0.161	80.210	41.855	1.570	79.925	41.656	0.572	0.381	0.608	0.337	161.136	3781	1968
110	0.129	107.802	42.334	1.413	107.633	42.079	0.339	0.529	0.540	0.303	108.549	5089	1988
111	0.142	58.219	42.423	1.466	57.997	42.185	0.487	0.444	0.548	0.329	139.178	2745	1993
112	0.167	42.756	42.691	1.583	42.460	42.503	0.593	0.360	0.607	0.350	168.221	2013	2008
113	0.142	87.777	42.668	1.421	87.503	42.503	0.529	0.318	0.549	0.328	2.774	4144	2008
114	0.145	63.623	42.974	1.483	63.394	42.736	0.466	0.487	0.563	0.327	48.183	3008	2019
115	0.129	108.845	43.048	1.401	108.585	42.884	0.529	0.339	0.539	0.305	19.009	5141	2026
116	0.159	46.822	43.207	1.563	46.567	42.990	0.529	0.444	0.594	0.342	30.403	2215	2031
117	0.157	57.348	43.181	1.515	57.065	42.990	0.550	0.381	0.584	0.342	21.943	2710	2031
118	0.179	83.512	43.438	1.618	83.227	43.222	0.572	0.423	0.617	0.369	153.157	3936	2042
119	0.162	54.452	44.348	1.556	54.208	44.090	0.487	0.508	0.584	0.352	48.501	2576	2083
120	0.160	54.400	44.939	1.583	54.229	44.640	0.360	0.593	0.602	0.338	89.434	2567	2109
121	0.168	112.332	44.921	1.570	112.035	44.746	0.593	0.360	0.589	0.362	178.821	5301	2114
122	0.150	103.775	44.985	1.508	103.526	44.768	0.508	0.444	0.589	0.323	40.482	4904	2115
123	0.173	55.358	45.171	1.630	55.182	44.852	0.360	0.635	0.629	0.351	96.816	2614	2119
124	0.153	60.217	45.157	1.503	59.944	44.958	0.529	0.402	0.565	0.344	26.018	2845	2124
125	0.171	111.299	45.507	1.648	111.104	45.212	0.402	0.614	0.629	0.347	71.999	5258	2136
126	0.156	34.418	45.814	1.575	34.205	45.530	0.423	0.550	0.595	0.335	62.181	1629	2151
127	0.142	50.909	45.799	1.473	50.673	45.593	0.487	0.423	0.561	0.322	38.232	2407	2154
128	0.145	83.287	45.814	1.473	83.037	45.614	0.508	0.402	0.546	0.338	149.164	3925	2155
129	0.156	117.696	45.987	1.515	117.496	45.720	0.402	0.529	0.581	0.343	117.570	5554	2160
130	0.171	65.164	46.016	1.610	64.939	45.741	0.466	0.529	0.580	0.375	123.952	3074	2161
131	0.152	85.614	46.195	1.486	85.344	46.016	0.529	0.360	0.542	0.358	11.000	4043	2174
132	0.151	61.320	46.505	1.515	61.129	46.228	0.360	0.550	0.558	0.343	101.129	2894	2184
133	0.164	86.815	46.603	1.623	86.614	46.313	0.402	0.593	0.614	0.340	110.055	4097	2188
134	0.110	114.097	46.853	1.359	113.919	46.609	0.360	0.487	0.536	0.262	55.926	5397	2202
135	0.091	55.094	46.940	1.184	54.949	46.715	0.318	0.423	0.463	0.251	116.935	2598	2207
136	0.162	94.914	46.974	1.580	94.678	46.715	0.466	0.529	0.600	0.344	51.031	4488	2207
137	0.143	27.228	46.990	1.483	26.988	46.757	0.508	0.444	0.560	0.326	136.778	1279	2209
138	0.149	22.459	47.235	1.473	22.246	46.990	0.423	0.487	0.542	0.350	120.124	1054	2220
139	0.125	85.288	47.582	1.376	85.069	47.371	0.444	0.423	0.526	0.304	39.733	4033	2238
140	0.156	99.913	47.621	1.503	99.695	47.371	0.423	0.508	0.569	0.350	122.139	4714	2238
141	0.190	69.488	47.637	1.642	69.194	47.434	0.593	0.402	0.597	0.404	10.352	3279	2241
142	0.149	45.881	48.073	1.461	45.635	47.858	0.487	0.423	0.540	0.351	36.544	2169	2261
143	0.164	60.763	48.287	1.533	60.516	48.070	0.508	0.444	0.547	0.380	143.922	2863	2271
144	0.126	30.654	48.370	1.383	30.395	48.196	0.508	0.339	0.516	0.312	9.625	1447	2277
145	0.113	87.973	48.392	1.359	87.736	48.218	0.508	0.339	0.529	0.273	154.952	4149	2278
146	0.164	67.217	48.593	1.648	66.992	48.324	0.444	0.529	0.588	0.354	57.388	3177	2283
147	0.131	40.022	48.631	1.461	39.772	48.408	0.487	0.423	0.577	0.289	37.127	1898	2287
148	0.148	78.070	48.650	1.473	77.809	48.450	0.508	0.402	0.570	0.331	147.891	3680	2289
149	0.155	92.585	48.812	1.538	92.329	48.578	0.508	0.466	0.602	0.328	140.779	4366	2295
150	0.157	72.704	49.321	1.533	72.475	49.064	0.466	0.487	0.555	0.361	129.813	3432	2318
151	0.169	91.716	49.357	1.653	91.482	49.086	0.466	0.529	0.605	0.357	125.880	4325	2319
152	0.156	35.824	49.362	1.510	35.539	49.191	0.550	0.360	0.552	0.360	6.677	1687	2324
153	0.173	77.200	49.382	1.600	76.920	49.191	0.572	0.381	0.580	0.380	179.839	3644	2324
154	0.118	50.661	49.790	1.304	50.482	49.551	0.339	0.466	0.453	0.331	83.741	2392	2341
155	0.169	85.621	49.771	1.583	85.323	49.594	0.593	0.360	0.604	0.356	5.261	4042	2343
156	0.155	56.285	49.956	1.510	56.113	49.678	0.339	0.572	0.576	0.344	88.633	2657	2347
157	0.116	90.104	49.973	1.383	89.958	49.699	0.296	0.550	0.540	0.274	99.657	4254	2348
158	0.143	40.802	49.991	1.493	40.619	49.742	0.381	0.508	0.545	0.334	71.474	1926	2350
159	0.136	104.019	49.926	1.426	103.759	49.742	0.508	0.360	0.546	0.318	23.369	4915	2350
160	0.144	112.849	50.247	1.443	112.649	50.038	0.423	0.444	0.503	0.365	54.984	5329	2364
161	0.161	56.860	50.331	1.540	56.578	50.144	0.572	0.360	0.590	0.348	170.495	2684	2369
162	0.169	16.940	50.680	1.593	16.722	50.398	0.444	0.550	0.571	0.378	117.446	796	2381
163	0.124	113.901	51.004	1.408	113.750	50.715	0.296	0.550	0.540	0.292	93.194	5380	2396
164	0.147	77.012	51.025	1.480	76.750	50.842	0.529	0.360	0.561	0.334	19.798	3638	2402
165	0.170	64.927	51.253	1.623	64.622	51.054	0.614	0.381	0.612	0.353	165.325	3059	2412
166	0.157	91.339	51.440	1.515	91.059	51.244	0.550	0.381	0.579	0.346	20.090	4316	2421
167	0.156	48.147	51.569	1.528	47.879	51.372	0.550	0.381	0.595	0.334	154.965	2265	2427
168	0.173	82.246	51.751	1.630	81.936	51.562	0.614	0.381	0.628	0.352	162.677	3875	2436
169	0.150	56.180	51.918	1.510	56.007	51.647	0.360	0.550	0.576	0.331	75.563	2654	2440
170	0.129	111.660	51.905	1.473	111.379	51.752	0.550	0.318	0.565	0.292	14.786	5272	2445
171	0.154	55.706	52.289	1.535	55.541	51.985	0.318	0.593	0.605	0.324	90.751	2632	2456
172	0.192	77.003	52.355	1.745	76.666	52.155	0.656	0.381	0.661	0.370	175.141	3635	2464
173	0.148	91.707	52.480	1.510	91.419	52.324	0.593	0.318	0.594	0.317	170.984	4323	2472
174	0.172	80.997	52.699	1.628	80.772	52.388	0.444	0.593	0.610	0.358	117.007	3822	2475
175	0.164	31.265	52.611	1.545	31.009	52.409	0.529	0.423	0.559	0.373	26.646	1477	2476
176	0.191	76.173	52.694	1.695	75.883	52.472	0.593	0.444	0.623	0.390	22.739	3600	2479
177	0.168	68.526	52.779	1.653	68.262	52.557	0.529	0.444	0.575	0.372	150.402	3229	2483
178	0.165	104.238	53.191	1.610	103.950	52.980	0.572	0.423	0.607	0.346	154.051	4916	2503
179	0.164	84.319	53.297	1.568	84.074	53.044	0.508	0.487	0.611	0.342	136.963	3976	2506
180	0.172	28.029	53.594	1.600	27.750	53.404	0.572	0.402	0.610	0.358	23.064	1323	2523
181	0.142	58.949	53.581	1.473	58.674	53.404	0.529	0.381	0.575	0.315	154.593	2775	2523
182	0.156	109.105	53.605	1.538	108.818	53.404	0.550	0.423	0.579	0.343	151.278	5147	2523
183	0.166	99.542	53.791	1.575	99.314	53.530	0.444	0.529	0.597	0.354	56.085	4704	2529
184	0.144	77.373	53.744	1.438	77.110	53.573	0.529	0.339	0.543	0.338	170.607	3649	2531
185	0.189	80.973	53.949	1.720	80.666	53.742	0.614	0.423	0.654	0.368	160.842	3817	2539
186	0.168	29.331	53.984	1.563	29.062	53.763	0.529	0.444	0.584	0.366	32.428	1387	2540
187	0.108	98.347	54.151	1.316	98.192	53.890	0.318	0.508	0.511	0.270	68.958	4647	2546
188	0.147	97.469	54.285	1.508	97.240	54.038	0.466	0.487	0.593	0.315	134.047	4596	2553
189	0.174	99.415	54.372	1.625	99.229	54.081	0.381	0.593	0.594	0.374	103.296	4691	2555
190	0.172	86.779	54.447	1.637	86.614	54.144	0.339	0.614	0.633	0.345	84.532	4097	2558
191	0.099	94.425	54.743	1.221	94.192	54.589	0.444	0.296	0.470	0.267	18.139	4463	2579
192	0.164	47.216	55.183	1.623	46.990	54.885	0.444	0.572	0.616	0.339	61.021	2235	2593
193	0.116	26.385	55.383	1.341	26.141	55.224	0.487	0.339	0.496	0.299	9.533	1246	2609
194	0.146	58.526	55.838	1.486	58.335	55.562	0.381	0.529	0.546	0.339	69.297	2767	2625
195	0.102	99.440	55.815	1.316	99.272	55.584	0.339	0.466	0.499	0.259	117.746	4692	2626
196	0.149	93.060	55.988	1.515	92.752	55.795	0.572	0.360	0.587	0.324	20.826	4398	2636
197	0.140	90.724	56.112	1.408	90.466	55.944	0.508	0.339	0.524	0.339	170.079	4279	2643
198	0.125	102.514	56.235	1.406	102.341	55.986	0.339	0.529	0.531	0.301	106.665	4838	2645
199	0.176	30.948	56.296	1.675	30.692	56.007	0.487	0.572	0.639	0.350	52.144	1466	2646
200	0.136	126.879	56.432	1.383	126.640	56.240	0.466	0.381	0.477	0.363	155.431	5989	2657
201	0.119	28.425	56.529	1.418	28.173	56.346	0.508	0.381	0.540	0.280	25.527	1345	2662
202	0.169	81.846	56.781	1.575	81.555	56.578	0.572	0.402	0.601	0.358	161.799	3862	2673
203	0.171	114.693	56.937	1.727	114.512	56.642	0.360	0.635	0.627	0.348	99.698	5414	2676
204	0.166	59.578	57.295	1.595	59.394	57.002	0.360	0.593	0.613	0.345	99.081	2811	2693
205	0.188	64.775	57.312	1.665	64.558	57.023	0.423	0.593	0.590	0.405	103.400	3057	2694
206	0.161	83.524	57.346	1.545	83.227	57.171	0.593	0.360	0.580	0.354	179.201	3941	2701
207	0.149	32.845	57.442	1.483	32.576	57.214	0.508	0.444	0.569	0.334	39.758	1554	2703
208	0.169	72.279	57.922	1.678	72.094	57.616	0.360	0.614	0.621	0.346	96.559	3412	2722
209	0.159	40.848	58.002	1.521	40.598	57.785	0.508	0.444	0.563	0.359	34.614	1932	2730
210	0.180	68.409	58.140	1.702	68.220	57.827	0.381	0.614	0.627	0.366	76.422	3231	2732
211	0.146	39.120	58.241	1.503	38.926	57.954	0.381	0.550	0.573	0.325	68.702	1848	2738
212	0.208	66.247	58.681	1.817	65.913	58.484	0.656	0.402	0.659	0.401	176.952	3125	2763
213	0.164	95.644	59.673	1.600	95.462	59.351	0.360	0.614	0.614	0.341	79.101	4520	2804
214	0.141	11.157	59.599	1.413	10.901	59.436	0.529	0.339	0.517	0.348	174.042	519	2808
215	0.181	66.677	59.749	1.648	66.484	59.436	0.381	0.614	0.613	0.376	101.493	3147	2808
216	0.134	96.184	59.765	1.359	95.970	59.563	0.444	0.402	0.447	0.381	175.103	4541	2814
217	0.181	42.507	60.647	1.680	42.333	60.325	0.360	0.635	0.657	0.351	86.939	2006	2850
218	0.126	110.528	60.653	1.371	110.342	60.410	0.360	0.487	0.532	0.302	115.521	5216	2854
219	0.150	56.127	60.693	1.468	55.922	60.452	0.402	0.487	0.537	0.355	59.072	2651	2856
220	0.163	93.266	60.699	1.558	92.964	60.516	0.593	0.360	0.594	0.350	7.814	4406	2859
221	0.146	96.653	60.871	1.461	96.435	60.621	0.423	0.487	0.549	0.338	56.797	4568	2864
222	0.151	39.735	61.001	1.503	39.539	60.727	0.381	0.550	0.557	0.345	74.178	1878	2869
223	0.175	69.427	61.108	1.635	69.236	60.812	0.381	0.593	0.596	0.374	92.620	3277	2873
224	0.151	40.962	61.132	1.491	40.767	60.854	0.381	0.550	0.550	0.351	71.021	1937	2875
225	0.135	80.560	61.064	1.480	80.285	60.896	0.550	0.339	0.571	0.301	169.131	3795	2877
226	0.074	126.900	61.076	1.040	126.767	60.896	0.275	0.360	0.345	0.275	92.297	5996	2877
227	0.153	98.969	61.222	1.545	98.679	61.024	0.572	0.381	0.590	0.330	15.355	4679	2883
228	0.183	71.748	61.366	1.670	71.480	61.129	0.529	0.487	0.591	0.395	140.161	3381	2888
229	0.180	67.495	61.573	1.653	67.225	61.320	0.529	0.508	0.627	0.365	137.186	3181	2897
230	0.152	57.223	61.727	1.491	57.023	61.468	0.402	0.529	0.559	0.347	63.141	2704	2904
231	0.158	63.220	61.811	1.610	62.992	61.553	0.487	0.529	0.568	0.354	135.600	2979	2908
232	0.129	59.202	61.824	1.383	59.013	61.574	0.360	0.487	0.523	0.313	113.702	2793	2909
233	0.179	114.898	61.996	1.648	114.660	61.722	0.466	0.550	0.628	0.363	122.891	5421	2916
234	0.145	97.772	62.012	1.510	97.600	61.743	0.360	0.550	0.592	0.312	70.099	4618	2917
235	0.148	86.535	62.063	1.521	86.296	61.849	0.529	0.423	0.577	0.327	144.985	4079	2922
236	0.130	78.536	62.805	1.391	78.274	62.653	0.529	0.296	0.536	0.309	177.992	3705	2960
237	0.131	43.506	63.015	1.491	43.307	62.717	0.381	0.550	0.552	0.303	67.851	2058	2963
238	0.136	76.052	63.004	1.453	75.819	62.759	0.444	0.487	0.560	0.309	49.658	3596	2965
239	0.154	112.771	63.191	1.533	112.522	62.971	0.508	0.444	0.595	0.330	143.729	5319	2975
240	0.165	61.325	63.472	1.565	61.150	63.182	0.360	0.572	0.584	0.359	97.896	2894	2985
241	0.169	109.959	63.930	1.593	109.707	63.690	0.508	0.487	0.607	0.355	137.354	5186	3009
242	0.185	65.348	64.341	1.690	65.151	64.029	0.402	0.614	0.628	0.375	73.616	3088	3025
243	0.134	88.728	64.326	1.413	88.456	64.156	0.529	0.339	0.532	0.320	0.054	4190	3031
244	0.135	81.396	64.351	1.421	81.132	64.198	0.529	0.318	0.533	0.323	170.691	3836	3033
245	0.150	105.824	64.740	1.478	105.579	64.516	0.466	0.466	0.557	0.342	134.538	4992	3048
246	0.123	99.210	64.755	1.364	98.996	64.537	0.466	0.402	0.514	0.304	143.535	4681	3049
247	0.158	97.353	64.767	1.553	97.049	64.601	0.593	0.339	0.609	0.330	11.427	4597	3052
248	0.160	70.878	65.163	1.593	70.633	64.918	0.487	0.487	0.588	0.346	129.603	3340	3067
249	0.150	82.570	65.326	1.503	82.338	65.088	0.466	0.466	0.570	0.334	139.553	3892	3075
250	0.136	108.422	65.560	1.491	108.183	65.342	0.487	0.444	0.586	0.296	37.900	5129	3087
251	0.161	77.359	65.689	1.558	77.068	65.490	0.572	0.381	0.605	0.339	19.828	3658	3094
252	0.145	49.597	65.904	1.473	49.318	65.722	0.550	0.360	0.565	0.327	162.685	2337	3105
253	0.159	104.917	65.886	1.535	104.627	65.722	0.572	0.339	0.593	0.340	169.682	4947	3105
254	0.116	90.960	66.301	1.299	90.805	66.061	0.318	0.487	0.492	0.300	105.837	4293	3121
255	0.147	32.143	66.347	1.443	31.919	66.125	0.444	0.444	0.516	0.364	44.446	1519	3124
256	0.155	59.659	66.422	1.508	59.436	66.167	0.444	0.508	0.573	0.344	127.468	2813	3126
257	0.164	43.288	66.675	1.575	43.011	66.463	0.550	0.423	0.604	0.346	29.208	2048	3140
258	0.137	84.952	66.905	1.461	84.709	66.696	0.487	0.423	0.565	0.309	142.957	4006	3151
259	0.144	107.223	67.029	1.456	106.955	66.844	0.529	0.360	0.538	0.340	166.205	5061	3158
260	0.155	120.605	67.174	1.545	120.396	66.908	0.423	0.529	0.599	0.329	58.532	5699	3161
261	0.137	106.759	67.290	1.406	106.553	67.056	0.423	0.466	0.530	0.328	126.853	5037	3168
262	0.159	117.537	67.351	1.515	117.285	67.141	0.508	0.423	0.578	0.349	146.637	5543	3172
263	0.147	62.193	67.316	1.480	61.912	67.162	0.550	0.339	0.545	0.343	1.584	2930	3173
264	0.167	91.301	67.817	1.600	90.996	67.628	0.593	0.381	0.618	0.344	163.307	4306	3195
265	0.166	80.355	68.080	1.588	80.158	67.797	0.402	0.572	0.599	0.353	112.587	3791	3203
266	0.175	117.532	68.220	1.618	117.242	68.008	0.593	0.402	0.615	0.362	159.591	5547	3213
267	0.151	105.967	68.395	1.523	105.812	68.114	0.318	0.593	0.589	0.325	93.487	5003	3218
268	0.140	119.071	68.490	1.443	118.872	68.241	0.423	0.466	0.541	0.329	131.437	5617	3224
269	0.120	96.484	68.610	1.385	96.330	68.347	0.296	0.508	0.537	0.284	74.787	4560	3229
270	0.155	89.823	68.614	1.521	89.556	68.411	0.529	0.423	0.581	0.340	148.385	4233	3232
271	0.110	102.982	68.631	1.304	102.743	68.453	0.444	0.381	0.486	0.288	136.154	4857	3234
272	0.163	88.789	68.961	1.570	88.498	68.770	0.572	0.381	0.606	0.342	161.199	4188	3249
273	0.149	34.839	69.784	1.533	34.650	69.511	0.402	0.550	0.585	0.325	64.166	1649	3284
274	0.130	107.396	69.921	1.431	107.230	69.638	0.339	0.550	0.549	0.301	105.967	5071	3290
275	0.137	84.377	69.937	1.473	84.116	69.744	0.529	0.381	0.571	0.305	156.032	3975	3295
276	0.137	93.730	70.177	1.401	93.472	69.998	0.508	0.360	0.513	0.339	167.540	4424	3307
277	0.158	94.721	70.214	1.551	94.446	69.998	0.550	0.423	0.586	0.343	27.880	4481	3307
278	0.139	76.228	70.427	1.445	76.073	70.168	0.318	0.529	0.556	0.318	78.233	3599	3315
279	0.136	94.975	70.782	1.429	94.742	70.548	0.466	0.466	0.538	0.321	134.892	4481	3333
280	0.140	53.940	70.923	1.456	53.763	70.654	0.360	0.529	0.556	0.321	68.055	2550	3338
281	0.119	103.166	71.016	1.346	102.934	70.802	0.444	0.402	0.504	0.301	42.959	4876	3345
282	0.170	113.853	71.184	1.588	113.559	70.993	0.593	0.381	0.602	0.359	1.032	5379	3354
283	0.069	64.443	71.217	1.034	64.241	71.078	0.360	0.275	0.344	0.253	179.409	3045	3358
284	0.145	76.311	71.718	1.503	76.052	71.501	0.508	0.423	0.579	0.318	34.779	3609	3378
285	0.146	38.331	71.733	1.510	38.037	71.564	0.572	0.339	0.576	0.322	11.266	1810	3381
286	0.155	36.154	72.118	1.528	35.983	71.818	0.339	0.593	0.583	0.337	98.911	1707	3393
287	0.144	76.851	72.091	1.466	76.602	71.861	0.487	0.444	0.535	0.343	38.289	3634	3395
288	0.163	113.513	72.315	1.558	113.220	72.136	0.572	0.381	0.590	0.352	168.374	5356	3408
289	0.105	127.369	72.301	1.179	127.190	72.136	0.381	0.339	0.379	0.354	8.650	6012	3408
290	0.177	70.343	72.831	1.616	70.104	72.559	0.466	0.550	0.592	0.380	122.319	3317	3428
291	0.173	122.604	72.933	1.613	122.322	72.729	0.572	0.402	0.607	0.364	22.877	5793	3436
292	0.158	72.002	73.252	1.568	71.755	73.025	0.550	0.444	0.580	0.347	149.311	3394	3450
293	0.158	90.982	73.556	1.543	90.742	73.300	0.487	0.508	0.582	0.346	132.747	4293	3463
294	0.177	28.849	73.551	1.613	28.554	73.364	0.593	0.381	0.624	0.360	162.857	1353	3466
295	0.150	74.685	73.623	1.480	74.422	73.448	0.529	0.360	0.549	0.347	166.259	3519	3470
296	0.158	80.456	74.247	1.545	80.264	73.978	0.381	0.550	0.557	0.361	98.203	3797	3495
297	0.166	78.389	74.601	1.551	78.105	74.401	0.572	0.402	0.588	0.359	159.503	3696	3515
298	0.148	80.983	75.320	1.478	80.730	75.099	0.508	0.423	0.549	0.343	146.795	3821	3548
299	0.141	85.419	75.517	1.443	85.217	75.269	0.381	0.508	0.535	0.336	115.429	4032	3556
300	0.148	76.345	75.480	1.510	76.052	75.311	0.572	0.339	0.587	0.322	166.672	3600	3558
301	0.157	97.592	75.612	1.528	97.303	75.438	0.572	0.360	0.578	0.345	10.202	4607	3564
302	0.147	107.005	76.165	1.456	106.744	75.988	0.550	0.339	0.540	0.345	179.048	5051	3590
303	0.154	79.241	76.344	1.528	78.952	76.158	0.572	0.360	0.569	0.345	0.197	3742	3598
304	0.131	82.226	76.444	1.431	82.042	76.200	0.381	0.508	0.566	0.294	58.806	3886	3600
305	0.134	97.039	76.726	1.426	96.880	76.454	0.318	0.529	0.538	0.316	91.222	4583	3612
306	0.130	44.759	77.371	1.436	44.556	77.110	0.402	0.508	0.555	0.298	125.736	2108	3643
307	0.153	82.290	77.472	1.533	82.084	77.195	0.402	0.550	0.609	0.320	117.614	3882	3647
308	0.156	91.059	77.596	1.515	90.805	77.385	0.508	0.423	0.588	0.338	145.698	4293	3656
309	0.152	81.083	77.812	1.551	80.857	77.555	0.466	0.508	0.609	0.318	133.893	3823	3664
310	0.159	23.488	77.893	1.575	23.199	77.703	0.593	0.381	0.586	0.347	13.464	1111	3671
311	0.106	108.626	78.281	1.306	108.352	78.147	0.508	0.275	0.496	0.271	1.441	5130	3692
312	0.159	110.764	78.403	1.580	110.490	78.168	0.529	0.466	0.600	0.337	41.640	5234	3693
313	0.167	119.583	78.541	1.600	119.401	78.232	0.360	0.614	0.610	0.349	89.498	5647	3696
314	0.148	100.916	78.552	1.503	100.648	78.359	0.529	0.402	0.573	0.328	150.308	4757	3702
315	0.157	94.226	78.654	1.545	94.022	78.380	0.402	0.550	0.592	0.337	114.726	4445	3703
316	0.160	80.797	78.933	1.533	80.518	78.740	0.572	0.381	0.579	0.352	163.429	3811	3720
317	0.149	105.530	79.422	1.545	105.325	79.163	0.423	0.529	0.596	0.319	57.728	4990	3740
318	0.166	24.316	79.642	1.570	24.130	79.354	0.360	0.593	0.579	0.365	94.056	1147	3749
319	0.166	91.719	79.834	1.545	91.440	79.650	0.572	0.381	0.580	0.364	8.918	4331	3763
320	0.142	120.034	80.180	1.503	119.846	79.883	0.402	0.529	0.531	0.341	112.591	5667	3774
321	0.138	95.472	80.210	1.468	95.314	79.925	0.318	0.572	0.575	0.305	81.333	4511	3776
322	0.164	100.303	80.278	1.570	100.118	79.989	0.381	0.572	0.581	0.359	104.988	4734	3779
323	0.170	121.100	80.495	1.642	120.925	80.200	0.360	0.593	0.619	0.350	101.083	5716	3789
324	0.195	14.014	80.936	1.750	13.737	80.687	0.572	0.487	0.636	0.391	147.897	660	3812
325	0.106	109.469	80.997	1.311	109.241	80.836	0.444	0.360	0.502	0.268	152.408	5164	3819
326	0.142	105.231	81.029	1.468	104.966	80.857	0.550	0.339	0.556	0.325	173.374	4966	3820
327	0.177	53.566	81.271	1.642	53.255	81.090	0.614	0.381	0.627	0.358	8.943	2528	3831
328	0.163	61.834	81.406	1.553	61.553	81.216	0.550	0.381	0.578	0.360	17.942	2921	3837
329	0.151	89.936	81.415	1.533	89.662	81.216	0.572	0.381	0.603	0.318	159.773	4241	3837
330	0.162	126.140	81.587	1.563	125.857	81.407	0.572	0.381	0.568	0.363	4.393	5955	3846
331	0.125	87.872	81.808	1.406	87.651	81.598	0.466	0.423	0.552	0.288	137.329	4143	3855
332	0.151	106.961	81.870	1.503	106.744	81.619	0.423	0.508	0.585	0.329	125.001	5046	3856
333	0.131	82.571	82.179	1.401	82.402	81.915	0.339	0.529	0.537	0.310	110.633	3896	3870
334	0.132	92.377	82.216	1.394	92.139	82.000	0.466	0.423	0.514	0.327	36.843	4367	3874
335	0.148	117.409	82.621	1.515	117.242	82.360	0.360	0.529	0.554	0.340	105.121	5540	3891
336	0.139	74.712	82.805	1.453	74.486	82.571	0.466	0.466	0.569	0.312	135.422	3522	3901
337	0.150	72.954	82.867	1.473	72.750	82.614	0.402	0.508	0.552	0.346	116.312	3441	3903
338	0.164	70.786	83.651	1.575	70.591	83.354	0.381	0.593	0.607	0.345	106.858	3341	3938
339	0.180	114.861	83.677	1.665	114.639	83.376	0.423	0.614	0.640	0.357	112.215	5421	3939
340	0.151	33.214	83.564	1.505	32.935	83.397	0.550	0.339	0.571	0.338	7.221	1566	3940
341	0.169	49.752	83.736	1.580	49.509	83.481	0.466	0.508	0.584	0.369	51.966	2352	3944
342	0.167	81.374	84.745	1.570	81.068	84.561	0.593	0.360	0.590	0.359	5.115	3842	3995
343	0.119	115.737	85.595	1.418	115.528	85.365	0.381	0.508	0.527	0.288	121.946	5463	4033
344	0.135	95.035	85.971	1.448	94.806	85.746	0.466	0.444	0.568	0.304	43.045	4492	4051
345	0.144	125.357	86.280	1.483	125.158	86.021	0.402	0.529	0.546	0.337	119.511	5917	4064
346	0.134	85.193	86.560	1.388	84.963	86.360	0.466	0.402	0.515	0.331	143.614	4017	4080
347	0.108	86.717	86.785	1.316	86.508	86.572	0.423	0.402	0.517	0.265	142.606	4088	4090
348	0.120	90.760	87.148	1.339	90.551	86.932	0.402	0.466	0.524	0.292	128.294	4281	4107
349	0.166	111.990	87.361	1.563	111.760	87.101	0.444	0.529	0.604	0.350	124.035	5283	4115
350	0.143	80.558	87.298	1.491	80.285	87.122	0.550	0.360	0.560	0.326	163.765	3798	4116
351	0.181	121.556	87.357	1.623	121.285	87.122	0.550	0.466	0.621	0.371	146.923	5734	4116
352	0.151	42.500	87.533	1.551	42.249	87.312	0.529	0.444	0.585	0.328	145.987	2000	4125
353	0.148	79.064	87.859	1.480	78.782	87.694	0.550	0.339	0.554	0.340	10.362	3731	4143
354	0.194	100.322	88.137	1.715	100.118	87.820	0.402	0.635	0.651	0.379	100.507	4734	4149
355	0.172	18.138	88.176	1.605	17.865	87.969	0.550	0.423	0.609	0.359	27.023	857	4156
356	0.165	114.940	88.481	1.583	114.766	88.180	0.360	0.593	0.609	0.346	101.823	5426	4166
357	0.164	92.121	88.727	1.553	91.948	88.434	0.339	0.593	0.591	0.353	94.588	4349	4178
358	0.139	101.139	88.752	1.473	100.923	88.498	0.444	0.466	0.559	0.318	135.711	4770	4181
359	0.048	17.165	89.052	0.830	17.060	88.900	0.212	0.296	0.299	0.206	78.434	811	4200
360	0.159	95.229	89.128	1.563	94.932	88.921	0.572	0.402	0.606	0.334	23.574	4503	4201
361	0.168	18.418	89.347	1.613	18.246	89.048	0.360	0.614	0.627	0.340	98.788	866	4207
362	0.159	78.935	89.429	1.598	78.698	89.154	0.466	0.550	0.625	0.323	127.807	3722	4212
363	0.159	38.056	89.618	1.521	37.846	89.344	0.423	0.529	0.571	0.356	57.575	1801	4221
364	0.127	55.618	89.649	1.366	55.372	89.493	0.508	0.318	0.541	0.300	15.624	2626	4228
365	0.119	30.945	90.228	1.334	30.692	90.043	0.487	0.360	0.499	0.304	20.507	1466	4254
366	0.134	97.569	90.351	1.408	97.409	90.085	0.318	0.529	0.535	0.318	99.422	4607	4256
367	0.166	125.716	90.302	1.545	125.434	90.106	0.550	0.402	0.562	0.376	162.468	5932	4257
368	0.168	103.783	90.532	1.605	103.484	90.339	0.593	0.381	0.591	0.361	7.839	4905	4268
369	0.153	82.110	90.657	1.503	81.852	90.445	0.508	0.423	0.575	0.339	146.670	3872	4273
370	0.142	94.496	90.700	1.448	94.298	90.445	0.402	0.508	0.560	0.322	55.102	4467	4273
371	0.143	70.284	90.752	1.443	70.083	90.509	0.402	0.487	0.543	0.336	59.348	3321	4276
372	0.159	84.975	90.779	1.528	84.688	90.593	0.572	0.360	0.585	0.346	12.458	4016	4280
373	0.167	38.842	90.989	1.610	38.544	90.784	0.593	0.402	0.615	0.345	19.957	1839	4289
374	0.172	66.161	91.102	1.600	65.976	90.805	0.381	0.593	0.613	0.357	72.722	3126	4290
375	0.167	57.515	91.880	1.588	57.319	91.588	0.402	0.572	0.600	0.354	110.520	2713	4327
376	0.159	109.047	91.922	1.556	108.797	91.630	0.466	0.529	0.586	0.346	50.520	5156	4329
377	0.147	98.857	91.971	1.523	98.679	91.694	0.339	0.572	0.584	0.321	94.859	4666	4332
378	0.150	81.184	92.058	1.535	81.026	91.758	0.318	0.593	0.612	0.312	99.957	3832	4335
379	0.122	97.005	92.202	1.346	96.774	91.990	0.444	0.402	0.499	0.311	42.259	4584	4346
380	0.135	103.706	92.310	1.443	103.547	92.012	0.318	0.572	0.565	0.305	101.156	4897	4347
381	0.155	74.868	92.406	1.528	74.676	92.139	0.381	0.550	0.561	0.352	72.217	3536	4353
382	0.172	29.624	92.481	1.616	29.358	92.223	0.529	0.508	0.605	0.363	136.132	1396	4357
383	0.147	111.916	92.603	1.510	111.739	92.329	0.360	0.550	0.579	0.324	71.224	5288	4362
384	0.161	22.276	92.566	1.588	21.971	92.392	0.635	0.339	0.612	0.336	175.317	1046	4365
385	0.151	39.485	92.685	1.503	39.201	92.498	0.550	0.360	0.559	0.343	11.239	1867	4370
386	0.149	86.314	92.942	1.486	86.064	92.731	0.487	0.423	0.561	0.337	36.290	4079	4381
387	0.176	101.241	92.985	1.642	100.965	92.774	0.572	0.423	0.599	0.373	17.097	4786	4383
388	0.128	95.045	93.501	1.424	94.806	93.303	0.487	0.423	0.560	0.290	40.375	4491	4408
389	0.138	97.190	93.457	1.450	96.901	93.303	0.550	0.318	0.549	0.321	5.595	4588	4408
390	0.162	98.277	93.807	1.600	98.108	93.493	0.339	0.635	0.625	0.330	86.055	4642	4417
391	0.163	86.166	94.196	1.526	85.916	93.959	0.508	0.466	0.571	0.364	139.158	4064	4439
392	0.147	80.737	94.471	1.498	80.560	94.192	0.360	0.550	0.561	0.332	102.359	3812	4450
393	0.153	106.050	94.422	1.508	105.791	94.192	0.508	0.444	0.594	0.328	36.179	5014	4450
394	0.102	112.425	94.479	1.299	112.204	94.298	0.444	0.360	0.511	0.253	37.838	5315	4455
395	0.125	90.607	94.548	1.359	90.382	94.340	0.423	0.423	0.515	0.308	134.063	4273	4457
396	0.146	50.273	95.038	1.503	50.080	94.763	0.381	0.550	0.577	0.321	111.510	2370	4477
397	0.141	119.185	95.227	1.438	118.914	95.060	0.529	0.339	0.553	0.324	162.309	5622	4491
398	0.132	64.066	95.443	1.418	63.881	95.186	0.360	0.529	0.543	0.309	108.291	3022	4497
399	0.159	82.182	95.484	1.565	82.021	95.186	0.318	0.614	0.625	0.325	95.073	3879	4497
400	0.181	34.141	95.573	1.678	33.846	95.356	0.614	0.423	0.652	0.353	157.520	1605	4505
401	0.157	91.142	95.850	1.523	90.974	95.568	0.339	0.572	0.589	0.339	80.281	4304	4515
402	0.136	42.526	96.041	1.515	42.354	95.758	0.339	0.572	0.588	0.294	73.297	2010	4524
403	0.155	116.840	96.074	1.580	116.586	95.822	0.487	0.508	0.601	0.328	47.703	5524	4527
404	0.157	103.669	96.219	1.540	103.505	95.927	0.339	0.593	0.597	0.335	80.806	4897	4532
405	0.162	85.793	96.287	1.605	85.598	95.991	0.381	0.593	0.624	0.331	107.807	4048	4535
406	0.142	93.734	96.283	1.461	93.451	96.097	0.550	0.360	0.556	0.326	18.634	4428	4540
407	0.148	104.247	96.553	1.503	103.971	96.351	0.550	0.381	0.562	0.336	159.612	4922	4552
408	0.138	69.040	96.681	1.431	68.855	96.435	0.381	0.508	0.526	0.333	64.237	3262	4556
409	0.162	62.257	97.149	1.565	62.082	96.859	0.339	0.593	0.604	0.341	93.807	2938	4576
410	0.165	86.026	97.321	1.595	85.852	97.028	0.360	0.593	0.616	0.341	75.750	4063	4584
411	0.156	31.134	97.698	1.540	30.967	97.409	0.339	0.593	0.588	0.338	96.189	1468	4602
412	0.142	89.082	97.805	1.424	88.836	97.600	0.487	0.423	0.523	0.346	145.128	4203	4611
413	0.168	41.611	97.946	1.595	41.317	97.769	0.593	0.360	0.592	0.362	0.046	1960	4619
414	0.121	105.315	97.935	1.341	105.071	97.769	0.487	0.339	0.478	0.321	5.777	4977	4619
415	0.138	106.539	97.974	1.418	106.299	97.769	0.466	0.423	0.518	0.340	34.577	5036	4619
416	0.167	123.652	97.959	1.660	123.338	97.769	0.614	0.360	0.596	0.357	179.762	5836	4619
417	0.142	60.241	98.186	1.473	59.965	98.002	0.550	0.360	0.563	0.321	15.020	2847	4630
418	0.138	38.456	98.614	1.463	38.290	98.340	0.318	0.550	0.564	0.312	91.353	1814	4646
419	0.145	82.205	98.799	1.486	82.042	98.510	0.339	0.572	0.569	0.324	99.064	3880	4654
420	0.164	41.004	99.349	1.540	40.725	99.166	0.572	0.360	0.589	0.354	170.164	1930	4685
421	0.160	36.233	99.400	1.540	35.941	99.208	0.550	0.381	0.562	0.363	13.463	1713	4687
422	0.164	39.450	99.511	1.618	39.137	99.314	0.614	0.381	0.651	0.322	19.288	1869	4692
423	0.178	119.063	99.759	1.630	118.745	99.568	0.614	0.381	0.613	0.370	170.262	5620	4704
424	0.154	107.545	100.089	1.491	107.336	99.822	0.402	0.529	0.545	0.360	110.220	5077	4716
425	0.139	66.385	100.508	1.478	66.167	100.288	0.466	0.466	0.558	0.317	46.951	3138	4738
426	0.133	90.200	100.606	1.401	90.022	100.351	0.360	0.508	0.519	0.326	70.119	4262	4741
427	0.162	93.716	100.721	1.595	93.536	100.415	0.360	0.593	0.614	0.336	72.312	4432	4744
428	0.155	99.253	100.713	1.563	99.060	100.415	0.381	0.593	0.591	0.333	74.106	4689	4744
429	0.122	40.695	100.751	1.366	40.428	100.584	0.508	0.318	0.521	0.299	15.203	1925	4752
430	0.147	35.909	100.948	1.491	35.708	100.690	0.402	0.529	0.551	0.341	117.809	1692	4757
431	0.141	49.246	101.226	1.473	48.958	101.029	0.529	0.381	0.538	0.334	26.228	2327	4773
432	0.153	72.006	101.278	1.521	71.755	101.050	0.508	0.444	0.579	0.337	37.262	3405	4774
433	0.150	91.606	101.445	1.521	91.398	101.177	0.423	0.529	0.585	0.325	54.851	4332	4780
434	0.164	84.757	101.838	1.565	84.455	101.664	0.593	0.339	0.605	0.346	171.160	3996	4803
435	0.144	36.078	101.998	1.436	35.835	101.769	0.466	0.444	0.540	0.339	42.477	1706	4808
436	0.179	33.645	102.475	1.663	33.380	102.193	0.529	0.550	0.648	0.351	44.654	1596	4828
437	0.164	32.871	102.623	1.553	32.576	102.447	0.572	0.360	0.573	0.364	174.464	1545	4840
438	0.154	90.691	102.702	1.551	90.488	102.447	0.423	0.529	0.575	0.341	60.366	4285	4840
439	0.156	81.960	102.836	1.563	81.767	102.552	0.402	0.572	0.592	0.336	65.365	3875	4845
440	0.161	109.823	103.301	1.565	109.664	103.018	0.339	0.593	0.603	0.340	87.264	5185	4867
441	0.151	85.596	103.865	1.496	85.344	103.653	0.508	0.444	0.562	0.343	141.759	4035	4897
442	0.152	33.176	103.985	1.491	32.935	103.759	0.487	0.444	0.577	0.335	140.327	1558	4902
443	0.164	24.912	104.230	1.558	24.638	104.034	0.550	0.381	0.568	0.368	172.688	1172	4915
444	0.155	60.696	104.655	1.533	60.494	104.394	0.423	0.529	0.564	0.350	60.065	2869	4932
445	0.159	70.727	104.642	1.521	70.506	104.394	0.444	0.508	0.567	0.358	51.382	3343	4932
446	0.161	80.739	104.661	1.545	80.539	104.394	0.402	0.550	0.584	0.352	63.321	3814	4932
447	0.169	33.247	104.773	1.635	33.020	104.479	0.423	0.593	0.607	0.355	108.102	1566	4936
448	0.161	92.394	104.930	1.577	92.223	104.627	0.339	0.593	0.607	0.337	91.024	4362	4943
449	0.176	122.965	105.157	1.600	122.661	104.966	0.593	0.381	0.591	0.378	174.977	5807	4959
450	0.148	63.044	105.223	1.491	62.780	105.029	0.550	0.381	0.552	0.342	167.488	2975	4962
451	0.114	44.594	105.476	1.311	44.450	105.220	0.296	0.508	0.508	0.285	100.593	2104	4971
452	0.149	83.192	105.787	1.496	82.994	105.495	0.402	0.550	0.566	0.335	64.323	3933	4984
453	0.181	92.113	105.815	1.672	91.927	105.495	0.381	0.635	0.631	0.364	97.491	4351	4984
454	0.146	36.055	105.964	1.505	35.899	105.685	0.318	0.572	0.581	0.319	81.764	1701	4993
455	0.151	76.415	106.088	1.528	76.242	105.812	0.360	0.572	0.587	0.328	71.973	3610	4999
456	0.147	84.598	106.037	1.503	84.328	105.833	0.529	0.402	0.575	0.326	29.049	4002	5000
457	0.172	30.312	106.345	1.630	30.120	106.045	0.381	0.614	0.618	0.353	106.749	1428	5010
458	0.133	101.195	106.586	1.401	101.007	106.341	0.381	0.487	0.532	0.317	59.943	4781	5024
459	0.155	117.063	106.967	1.551	116.819	106.701	0.466	0.508	0.585	0.336	50.861	5534	5041
460	0.124	59.214	107.065	1.348	59.076	106.807	0.296	0.508	0.520	0.303	92.805	2793	5046
461	0.148	91.842	107.174	1.468	91.673	106.892	0.339	0.550	0.549	0.344	91.253	4338	5050
462	0.131	98.069	107.372	1.418	97.854	107.124	0.423	0.466	0.528	0.315	130.163	4625	5061
463	0.151	82.013	107.833	1.508	81.788	107.590	0.466	0.487	0.575	0.334	46.143	3877	5083
464	0.149	118.951	107.999	1.510	118.766	107.717	0.360	0.550	0.583	0.326	69.812	5621	5089
465	0.141	18.855	108.131	1.480	18.584	107.971	0.572	0.318	0.573	0.313	170.083	881	5101
466	0.159	45.666	108.388	1.558	45.381	108.204	0.572	0.381	0.593	0.340	162.542	2148	5112
467	0.163	75.391	108.857	1.563	75.099	108.670	0.593	0.381	0.582	0.357	15.651	3559	5134
468	0.126	21.159	109.363	1.401	20.997	109.072	0.318	0.550	0.540	0.297	81.991	998	5153
469	0.124	94.704	109.531	1.396	94.552	109.241	0.296	0.550	0.533	0.296	82.706	4475	5161
470	0.147	50.561	109.841	1.508	50.334	109.601	0.466	0.487	0.599	0.311	130.782	2379	5178
471	0.142	94.587	110.160	1.408	94.403	109.918	0.360	0.487	0.508	0.357	74.480	4466	5193
472	0.098	90.532	110.266	1.311	90.403	109.982	0.275	0.529	0.495	0.251	83.285	4276	5196
473	0.153	14.021	110.307	1.515	13.822	110.046	0.402	0.529	0.571	0.341	117.522	657	5199
474	0.166	103.739	110.242	1.570	103.442	110.067	0.593	0.360	0.615	0.344	12.968	4899	5200
475	0.160	89.656	110.411	1.553	89.493	110.109	0.339	0.593	0.591	0.345	83.061	4238	5202
476	0.150	28.560	110.331	1.528	28.279	110.151	0.572	0.360	0.574	0.333	174.743	1345	5204
477	0.161	104.625	110.486	1.545	104.436	110.194	0.381	0.572	0.584	0.352	109.511	4940	5206
478	0.077	124.642	110.382	1.129	124.502	110.194	0.318	0.381	0.343	0.284	82.699	5886	5206
479	0.160	113.212	110.801	1.580	113.009	110.511	0.423	0.572	0.612	0.334	120.252	5341	5221
480	0.143	41.964	111.107	1.528	41.804	110.808	0.318	0.593	0.591	0.309	89.155	1980	5235
481	0.159	97.092	111.279	1.510	96.922	110.998	0.339	0.572	0.581	0.349	93.311	4584	5244
482	0.162	91.067	111.900	1.598	90.805	111.633	0.508	0.508	0.610	0.338	47.105	4307	5274
483	0.132	86.288	112.096	1.408	86.042	111.929	0.508	0.339	0.523	0.322	165.432	4068	5288
484	0.153	53.531	112.147	1.498	53.255	111.972	0.550	0.360	0.565	0.344	164.383	2520	5290
485	0.168	111.581	112.175	1.565	111.294	111.993	0.572	0.360	0.585	0.366	9.212	5270	5291
486	0.126	18.467	112.633	1.383	18.288	112.395	0.360	0.487	0.534	0.300	118.875	865	5310
487	0.157	43.828	112.649	1.528	43.561	112.458	0.529	0.402	0.584	0.342	153.803	2060	5313
488	0.147	50.010	112.743	1.478	49.784	112.501	0.466	0.466	0.583	0.321	135.914	2354	5315
489	0.150	101.446	112.794	1.521	101.219	112.543	0.444	0.508	0.587	0.324	54.558	4794	5317
490	0.160	92.588	112.858	1.533	92.392	112.586	0.381	0.572	0.575	0.354	109.540	4369	5319
491	0.149	72.032	112.931	1.521	71.776	112.712	0.508	0.444	0.583	0.325	34.568	3409	5325
492	0.173	28.119	113.222	1.640	27.876	112.945	0.487	0.550	0.629	0.350	55.810	1331	5336
493	0.154	92.416	114.664	1.521	92.202	114.406	0.423	0.529	0.567	0.346	118.966	4360	5405
494	0.178	9.689	114.812	1.713	9.377	114.618	0.614	0.381	0.600	0.377	176.786	453	5415
495	0.157	33.510	115.153	1.570	33.338	114.850	0.339	0.614	0.608	0.328	83.010	1583	5426
496	0.159	19.472	115.341	1.551	19.262	115.062	0.402	0.572	0.593	0.342	115.837	916	5436
497	0.138	104.277	115.359	1.461	104.098	115.083	0.360	0.529	0.536	0.327	100.793	4923	5437
498	0.160	45.810	115.381	1.515	45.593	115.147	0.444	0.487	0.525	0.388	50.624	2170	5440
499	0.140	27.726	115.677	1.456	27.559	115.422	0.339	0.550	0.548	0.325	78.479	1309	5453
500	0.148	88.133	115.739	1.486	87.948	115.464	0.381	0.529	0.546	0.345	113.710	4161	5455
501	0.170	83.944	116.209	1.575	83.735	115.909	0.402	0.572	0.587	0.368	69.668	3968	5476
502	0.148	67.322	116.359	1.510	67.162	116.078	0.318	0.593	0.590	0.319	94.307	3177	5484
503	0.149	95.144	116.592	1.540	94.975	116.290	0.339	0.593	0.598	0.317	102.344	4490	5494
504	0.162	35.823	116.761	1.583	35.645	116.459	0.339	0.614	0.619	0.334	89.198	1690	5502
505	0.154	77.050	116.984	1.556	76.793	116.734	0.508	0.487	0.617	0.317	41.481	3645	5515
506	0.145	120.460	117.025	1.480	120.184	116.861	0.550	0.339	0.571	0.324	7.624	5689	5521
507	0.157	38.723	117.496	1.563	38.523	117.179	0.381	0.593	0.607	0.329	67.055	1832	5536
508	0.149	12.361	118.097	1.628	12.107	117.898	0.508	0.466	0.522	0.363	23.887	587	5570
509	0.173	58.698	118.295	1.595	58.399	118.110	0.593	0.360	0.612	0.360	174.891	2768	5580
510	0.151	110.785	118.635	1.515	110.596	118.364	0.381	0.550	0.569	0.339	66.157	5235	5592
511	0.147	44.742	118.957	1.486	44.577	118.682	0.339	0.572	0.558	0.335	84.133	2112	5607
512	0.165	91.610	119.011	1.595	91.440	118.703	0.339	0.614	0.629	0.334	78.989	4328	5608
513	0.159	46.114	119.521	1.533	45.910	119.253	0.423	0.529	0.576	0.353	119.517	2172	5634
514	0.172	44.495	120.447	1.593	44.217	120.227	0.550	0.444	0.600	0.366	26.835	2104	5680
515	0.192	109.599	120.983	1.725	109.368	120.671	0.444	0.614	0.653	0.374	65.295	5180	5701
516	0.168	71.358	121.236	1.605	71.120	120.968	0.466	0.529	0.604	0.353	53.282	3375	5715
517	0.130	99.929	121.639	1.376	99.716	121.412	0.423	0.444	0.523	0.316	44.759	4724	5736
518	0.128	48.559	122.011	1.394	48.366	121.751	0.381	0.508	0.532	0.307	118.089	2289	5752
519	0.177	86.632	122.249	1.640	86.360	122.005	0.550	0.487	0.616	0.365	39.444	4097	5764
520	0.154	91.230	123.681	1.491	90.974	123.465	0.508	0.423	0.548	0.357	31.214	4311	5833
521	0.169	88.556	123.793	1.635	88.328	123.508	0.466	0.550	0.619	0.348	128.323	4176	5835
522	0.178	94.390	124.511	1.642	94.213	124.185	0.360	0.635	0.629	0.361	95.781	4458	5867
523	0.151	109.996	124.975	1.515	109.813	124.672	0.360	0.572	0.558	0.344	82.187	5195	5890
524	0.149	93.442	124.939	1.513	93.154	124.714	0.550	0.423	0.596	0.318	31.544	4419	5892
525	0.176	118.543	126.097	1.683	118.300	125.815	0.487	0.572	0.646	0.347	125.846	5591	5944
526	0.145	96.710	126.460	1.443	96.435	126.280	0.529	0.360	0.553	0.334	160.742	4561	5966
527	0.168	60.829	126.947	1.600	60.664	126.640	0.339	0.635	0.610	0.350	88.591	2873	5983
528	0.156	54.913	127.014	1.510	54.737	126.725	0.339	0.572	0.580	0.343	83.402	2594	5987
529	0.172	43.054	127.149	1.683	42.862	126.831	0.381	0.635	0.630	0.348	78.105	2034	5992
530	0.172	40.936	127.210	1.605	40.746	126.915	0.381	0.593	0.579	0.377	86.433	1934	5996
531	0.136	46.010	127.405	1.383	45.826	127.169	0.360	0.487	0.502	0.344	76.330	2172	6008
532	0.130	47.970	127.484	1.396	47.816	127.212	0.318	0.529	0.527	0.315	83.428	2265	6010
533	0.162	62.320	127.515	1.570	62.145	127.212	0.360	0.593	0.585	0.353	90.853	2943	6010
534	0.146	62.876	127.535	1.468	62.696	127.254	0.360	0.529	0.523	0.355	89.207	2972	6012
535	0.164	89.456	128.060	1.655	89.281	127.720	0.339	0.656	0.627	0.332	85.997	4228	6034
536	0.164	92.686	128.177	1.570	92.498	127.889	0.360	0.593	0.606	0.343	80.288	4378	6042
537	0.138	93.179	128.307	1.468	93.028	127.995	0.318	0.572	0.549	0.319	96.194	4400	6047
538	0.134	94.427	128.335	1.426	94.234	128.080	0.339	0.529	0.529	0.321	86.976	4460	6051
539	0.125	84.954	129.808	1.346	84.773	129.561	0.360	0.487	0.495	0.320	103.531	4010	6121
540	0.134	104.719	132.372	1.401	104.563	132.101	0.318	0.550	0.529	0.321	91.409	4945	6241
