 	Area	X	Y	Perim.	BX	BY	Width	Height	Major	Minor	Angle	XStart	YStart
1	0.153	71.183	14.949	1.563	70.972	14.668	0.402	0.572	0.622	0.313	119.922	3358	693
2	0.142	23.547	15.464	1.491	23.368	15.176	0.360	0.572	0.554	0.328	95.095	1109	717
3	0.159	38.537	16.256	1.558	38.333	15.981	0.402	0.550	0.587	0.346	67.042	1820	755
4	0.144	41.131	16.998	1.466	40.915	16.722	0.402	0.529	0.547	0.335	63.433	1945	790
5	0.186	37.958	17.441	1.707	37.719	17.145	0.487	0.572	0.652	0.364	53.808	1796	810
6	0.152	38.624	18.166	1.466	38.375	17.949	0.487	0.444	0.535	0.362	41.268	1824	848
7	0.137	71.891	18.231	1.394	71.692	17.970	0.402	0.487	0.487	0.358	120.467	3394	849
8	0.115	48.584	18.264	1.306	48.324	18.119	0.487	0.296	0.493	0.298	168.220	2289	856
9	0.175	106.262	18.686	1.640	106.024	18.394	0.466	0.572	0.638	0.349	57.568	5023	869
10	0.173	46.349	18.800	1.623	46.080	18.563	0.550	0.466	0.624	0.354	141.987	2181	877
11	0.113	109.215	19.113	1.291	108.987	18.923	0.444	0.381	0.480	0.300	150.029	5154	894
12	0.147	68.125	19.939	1.478	67.924	19.685	0.402	0.529	0.543	0.346	109.102	3213	930
13	0.168	69.327	20.036	1.593	69.088	19.770	0.466	0.529	0.608	0.351	51.989	3278	934
14	0.153	72.662	20.610	1.473	72.454	20.362	0.402	0.508	0.545	0.357	65.286	3432	962
15	0.188	67.559	22.129	1.700	67.310	21.823	0.487	0.593	0.667	0.359	54.469	3196	1031
16	0.137	30.236	22.371	1.418	30.014	22.140	0.444	0.444	0.533	0.327	46.351	1430	1046
17	0.115	69.412	23.160	1.341	69.257	22.924	0.296	0.529	0.495	0.296	88.029	3278	1083
18	0.150	80.670	23.390	1.486	80.412	23.199	0.529	0.360	0.525	0.364	3.329	3810	1096
19	0.162	31.766	23.487	1.540	31.475	23.304	0.572	0.360	0.582	0.355	3.112	1499	1101
20	0.141	70.529	24.256	1.431	70.337	24.003	0.381	0.508	0.537	0.334	65.194	3333	1134
21	0.171	39.645	25.448	1.605	39.391	25.188	0.487	0.487	0.589	0.369	46.913	1875	1190
22	0.151	67.415	26.403	1.498	67.246	26.120	0.339	0.572	0.578	0.332	97.524	3182	1234
23	0.159	97.697	26.373	1.533	97.451	26.141	0.487	0.466	0.579	0.351	140.168	4608	1235
24	0.179	109.201	26.989	1.667	109.030	26.670	0.339	0.656	0.652	0.349	91.928	5157	1260
25	0.134	24.684	27.073	1.406	24.448	26.861	0.466	0.423	0.500	0.341	41.074	1166	1269
26	0.161	112.726	27.444	1.521	112.480	27.220	0.487	0.466	0.548	0.375	135.454	5319	1286
27	0.180	25.786	27.957	1.678	25.464	27.728	0.614	0.423	0.643	0.357	23.770	1223	1310
28	0.141	40.573	28.201	1.540	40.259	28.046	0.593	0.318	0.580	0.310	6.486	1917	1325
29	0.164	25.823	28.463	1.563	25.612	28.194	0.423	0.550	0.583	0.359	63.139	1220	1332
30	0.173	47.071	29.162	1.605	46.800	28.935	0.529	0.466	0.589	0.374	32.826	2226	1367
31	0.158	81.058	29.151	1.538	80.772	28.956	0.593	0.381	0.563	0.357	1.954	3830	1368
32	0.142	42.629	29.285	1.418	42.376	29.104	0.508	0.381	0.511	0.354	15.512	2013	1375
33	0.148	25.448	29.500	1.486	25.273	29.231	0.360	0.550	0.551	0.342	78.602	1201	1381
34	0.152	69.977	29.553	1.478	69.723	29.358	0.508	0.402	0.521	0.372	158.969	3300	1387
35	0.162	45.382	29.900	1.558	45.106	29.718	0.572	0.381	0.596	0.347	16.457	2143	1404
36	0.127	54.804	30.207	1.388	54.546	30.036	0.529	0.339	0.538	0.301	161.753	2582	1419
37	0.157	32.383	30.367	1.535	32.216	30.078	0.339	0.572	0.588	0.339	96.220	1527	1421
38	0.137	110.035	33.015	1.418	109.855	32.766	0.381	0.508	0.520	0.336	115.504	5193	1548
39	0.114	67.590	33.148	1.334	67.331	32.978	0.508	0.339	0.508	0.286	19.163	3193	1558
40	0.164	52.854	33.607	1.583	52.557	33.443	0.614	0.339	0.607	0.344	177.564	2489	1580
41	0.138	37.454	33.723	1.436	37.211	33.528	0.466	0.444	0.530	0.331	143.275	1760	1584
42	0.145	88.813	34.408	1.473	88.561	34.205	0.508	0.402	0.551	0.335	147.090	4188	1616
43	0.156	24.068	35.067	1.521	23.855	34.819	0.444	0.508	0.570	0.349	51.419	1139	1645
44	0.137	7.575	35.324	1.408	7.366	35.137	0.444	0.402	0.457	0.381	178.035	351	1660
45	0.161	47.482	35.462	1.526	47.223	35.242	0.529	0.444	0.570	0.361	35.896	2244	1665
46	0.153	65.050	36.103	1.533	64.812	35.856	0.466	0.487	0.567	0.343	50.694	3076	1694
47	0.141	36.260	36.253	1.498	36.026	36.004	0.444	0.466	0.543	0.330	50.515	1718	1701
48	0.158	48.879	36.743	1.508	48.620	36.534	0.529	0.423	0.565	0.355	28.482	2311	1726
49	0.131	111.894	37.131	1.401	111.675	36.915	0.444	0.423	0.481	0.348	137.677	5281	1744
50	0.145	111.848	38.475	1.496	111.612	38.227	0.466	0.487	0.575	0.320	131.614	5278	1806
51	0.164	34.596	38.547	1.540	34.417	38.248	0.360	0.572	0.567	0.368	87.183	1634	1807
52	0.199	20.694	38.709	1.822	20.362	38.481	0.635	0.444	0.664	0.382	18.970	982	1818
53	0.146	26.138	38.811	1.496	25.908	38.587	0.487	0.466	0.571	0.325	46.718	1237	1823
54	0.131	106.373	39.058	1.396	106.193	38.820	0.360	0.487	0.498	0.335	69.462	5027	1834
55	0.165	74.686	39.345	1.575	74.380	39.158	0.593	0.381	0.597	0.352	166.994	3521	1850
56	0.143	36.771	39.880	1.508	36.534	39.645	0.466	0.466	0.551	0.330	138.229	1732	1873
57	0.160	36.473	40.314	1.538	36.258	40.068	0.444	0.529	0.566	0.361	53.959	1725	1893
58	0.152	89.375	40.235	1.498	89.090	40.068	0.572	0.339	0.572	0.338	178.666	4216	1893
59	0.193	103.377	40.450	1.782	103.188	40.090	0.360	0.698	0.709	0.346	82.514	4883	1894
60	0.177	72.008	40.586	1.665	71.713	40.365	0.572	0.444	0.627	0.360	27.960	3406	1907
61	0.146	121.934	40.700	1.448	121.687	40.492	0.487	0.423	0.532	0.350	143.689	5754	1913
62	0.177	37.652	41.688	1.683	37.402	41.423	0.529	0.529	0.641	0.352	139.958	1768	1957
63	0.183	33.624	41.765	1.707	33.422	41.444	0.402	0.635	0.666	0.350	69.930	1590	1958
64	0.144	55.106	41.742	1.448	54.864	41.529	0.487	0.423	0.525	0.350	33.877	2606	1962
65	0.115	54.597	41.831	1.299	54.377	41.656	0.466	0.339	0.444	0.329	0.922	2577	1968
66	0.149	45.078	42.680	1.486	44.894	42.397	0.381	0.529	0.557	0.341	116.370	2125	2003
67	0.164	30.201	43.141	1.553	29.908	42.968	0.593	0.339	0.600	0.349	179.524	1421	2030
68	0.154	114.901	43.439	1.568	114.639	43.201	0.529	0.466	0.579	0.339	143.919	5420	2041
69	0.171	120.093	43.424	1.598	119.803	43.201	0.550	0.466	0.588	0.370	146.704	5666	2041
70	0.146	45.381	43.745	1.478	45.170	43.498	0.423	0.508	0.528	0.352	117.700	2137	2055
71	0.185	68.343	43.937	1.710	68.178	43.582	0.339	0.677	0.678	0.347	92.185	3227	2059
72	0.164	52.938	44.301	1.540	52.663	44.111	0.550	0.381	0.564	0.371	15.867	2497	2084
73	0.141	116.632	44.923	1.453	116.396	44.683	0.466	0.466	0.546	0.328	138.613	5503	2111
74	0.152	40.694	45.053	1.515	40.513	44.768	0.360	0.572	0.565	0.342	82.706	1922	2115
75	0.138	97.026	45.744	1.396	96.859	45.487	0.339	0.508	0.519	0.340	75.993	4584	2149
76	0.157	60.230	46.087	1.575	60.029	45.784	0.381	0.593	0.611	0.327	110.345	2842	2163
77	0.157	52.820	46.162	1.583	52.620	45.868	0.381	0.572	0.597	0.335	66.373	2499	2167
78	0.159	119.730	46.116	1.598	119.465	45.889	0.550	0.444	0.605	0.336	149.622	5649	2168
79	0.163	38.195	46.278	1.580	37.952	46.038	0.487	0.508	0.588	0.352	46.558	1806	2175
80	0.159	42.650	46.465	1.575	42.460	46.165	0.402	0.572	0.587	0.346	109.788	2010	2181
81	0.200	50.630	46.931	1.780	50.271	46.715	0.677	0.423	0.687	0.371	17.182	2396	2207
82	0.157	106.596	47.061	1.533	106.405	46.778	0.402	0.550	0.591	0.339	118.505	5029	2210
83	0.159	81.800	47.071	1.580	81.555	46.842	0.508	0.487	0.587	0.344	38.642	3868	2213
84	0.108	114.233	47.357	1.269	114.025	47.180	0.423	0.360	0.491	0.280	147.065	5388	2229
85	0.159	104.884	47.667	1.580	104.669	47.392	0.423	0.572	0.610	0.332	120.379	4950	2239
86	0.187	31.099	47.944	1.737	30.798	47.710	0.614	0.466	0.681	0.350	30.123	1473	2254
87	0.155	90.042	48.297	1.533	89.831	48.006	0.402	0.550	0.560	0.352	66.932	4257	2268
88	0.158	19.621	48.305	1.515	19.410	48.048	0.423	0.508	0.571	0.353	58.853	927	2270
89	0.175	12.111	48.265	1.595	11.832	48.070	0.572	0.381	0.586	0.381	176.787	566	2271
90	0.156	31.557	48.443	1.551	31.306	48.196	0.487	0.487	0.602	0.331	46.124	1493	2277
91	0.179	20.536	48.987	1.635	20.299	48.726	0.487	0.529	0.611	0.372	48.390	972	2302
92	0.155	104.170	50.321	1.510	103.992	50.059	0.381	0.529	0.567	0.349	110.019	4914	2365
93	0.191	14.340	50.315	1.720	14.034	50.080	0.593	0.466	0.660	0.369	33.375	679	2366
94	0.157	101.879	50.517	1.515	101.685	50.250	0.402	0.529	0.570	0.350	114.799	4808	2374
95	0.162	30.426	50.544	1.510	30.226	50.292	0.402	0.508	0.535	0.386	66.658	1436	2376
96	0.173	113.676	50.723	1.598	113.411	50.482	0.508	0.508	0.590	0.373	131.118	5363	2385
97	0.154	29.721	50.821	1.515	29.506	50.567	0.423	0.508	0.558	0.351	62.414	1404	2389
98	0.178	24.881	50.892	1.670	24.596	50.652	0.572	0.487	0.637	0.356	34.945	1179	2393
99	0.138	30.341	51.131	1.413	30.120	50.927	0.444	0.423	0.489	0.360	36.684	1433	2406
100	0.185	39.851	51.715	1.700	39.603	51.435	0.508	0.572	0.663	0.356	127.874	1874	2430
101	0.162	96.033	51.783	1.575	95.843	51.498	0.381	0.593	0.596	0.346	102.496	4532	2433
102	0.170	36.026	51.891	1.575	35.835	51.604	0.381	0.593	0.600	0.361	74.714	1701	2438
103	0.209	56.371	52.441	1.902	56.070	52.197	0.593	0.487	0.643	0.413	21.715	2671	2466
104	0.143	19.490	52.521	1.450	19.240	52.324	0.487	0.381	0.521	0.350	159.342	912	2472
105	0.174	126.431	52.546	1.613	126.132	52.366	0.614	0.360	0.615	0.361	179.289	5969	2474
106	0.145	31.200	52.655	1.466	30.988	52.409	0.423	0.508	0.556	0.333	53.398	1476	2476
107	0.181	51.171	52.907	1.637	50.864	52.726	0.614	0.360	0.630	0.367	5.544	2414	2491
108	0.149	54.866	54.167	1.468	54.610	53.996	0.508	0.360	0.533	0.356	171.163	2587	2551
109	0.138	99.082	54.757	1.478	98.912	54.462	0.360	0.550	0.548	0.322	110.518	4675	2573
110	0.158	32.528	54.861	1.563	32.322	54.589	0.423	0.529	0.567	0.354	61.594	1541	2579
111	0.160	123.994	55.006	1.538	123.719	54.800	0.550	0.423	0.581	0.351	153.973	5851	2589
112	0.192	28.447	55.407	1.737	28.236	55.097	0.444	0.635	0.656	0.373	69.638	1346	2603
113	0.191	30.967	55.466	1.713	30.713	55.182	0.508	0.572	0.675	0.360	50.831	1466	2607
114	0.185	123.551	55.593	1.660	123.254	55.393	0.614	0.402	0.624	0.379	171.761	5831	2617
115	0.173	42.806	55.801	1.610	42.608	55.520	0.423	0.593	0.618	0.356	65.094	2022	2623
116	0.164	85.923	56.208	1.600	85.640	56.007	0.572	0.402	0.620	0.337	27.448	4061	2646
117	0.172	73.935	56.250	1.618	73.660	56.028	0.550	0.444	0.622	0.352	149.911	3482	2647
118	0.160	50.259	56.381	1.521	49.996	56.176	0.550	0.402	0.570	0.359	155.274	2365	2654
119	0.167	67.023	56.604	1.588	66.738	56.409	0.572	0.402	0.598	0.356	155.886	3154	2665
120	0.159	96.125	56.755	1.505	95.948	56.494	0.360	0.529	0.551	0.366	101.275	4536	2669
121	0.153	89.053	56.859	1.538	88.836	56.600	0.444	0.529	0.583	0.333	57.645	4210	2674
122	0.153	70.544	57.095	1.545	70.231	56.917	0.593	0.360	0.575	0.338	168.007	3329	2689
123	0.190	33.554	57.485	1.695	33.274	57.256	0.572	0.487	0.653	0.370	35.343	1586	2705
124	0.123	38.540	57.839	1.316	38.354	57.616	0.381	0.444	0.484	0.324	125.541	1815	2722
125	0.175	59.061	57.888	1.678	58.759	57.700	0.614	0.381	0.612	0.364	5.727	2789	2726
126	0.172	60.256	58.055	1.605	59.986	57.848	0.550	0.423	0.584	0.374	159.662	2840	2733
127	0.163	13.646	58.192	1.610	13.420	57.912	0.487	0.529	0.617	0.336	131.779	637	2736
128	0.197	109.592	59.130	1.780	109.284	58.886	0.614	0.487	0.686	0.365	29.226	5189	2782
129	0.181	126.436	59.075	1.660	126.111	58.886	0.635	0.381	0.638	0.360	176.945	5970	2782
130	0.150	78.986	59.749	1.508	78.719	59.542	0.529	0.423	0.562	0.340	31.097	3733	2813
131	0.134	95.231	60.017	1.413	95.081	59.732	0.318	0.550	0.541	0.314	95.892	4496	2822
132	0.131	20.005	60.239	1.396	19.748	60.071	0.508	0.339	0.520	0.320	160.935	937	2838
133	0.201	16.968	60.387	1.799	16.637	60.198	0.677	0.381	0.698	0.366	174.935	794	2844
134	0.138	84.773	60.414	1.433	84.518	60.262	0.529	0.318	0.546	0.321	9.933	4000	2847
135	0.171	80.889	60.479	1.665	80.560	60.283	0.614	0.423	0.651	0.335	154.278	3809	2848
136	0.164	39.387	60.756	1.570	39.201	60.473	0.381	0.572	0.604	0.346	111.811	1854	2857
137	0.152	90.537	61.885	1.508	90.318	61.637	0.444	0.487	0.544	0.355	134.594	4271	2912
138	0.148	38.378	62.147	1.480	38.185	61.891	0.360	0.529	0.536	0.352	82.620	1811	2924
139	0.172	56.987	62.538	1.586	56.727	62.294	0.529	0.487	0.598	0.367	140.184	2685	2943
140	0.155	126.533	62.935	1.521	126.259	62.759	0.550	0.381	0.537	0.367	5.137	5976	2965
141	0.166	18.403	63.458	1.565	18.098	63.288	0.593	0.339	0.600	0.353	4.640	864	2990
142	0.147	43.985	63.540	1.473	43.794	63.288	0.402	0.508	0.553	0.338	118.926	2071	2990
143	0.165	35.885	63.609	1.575	35.666	63.352	0.444	0.529	0.582	0.361	57.572	1698	2993
144	0.173	45.183	63.681	1.595	44.894	63.500	0.572	0.381	0.592	0.372	166.424	2124	3000
145	0.142	126.634	64.075	1.461	126.365	63.902	0.550	0.360	0.536	0.339	8.334	5982	3019
146	0.154	67.858	64.506	1.508	67.606	64.283	0.529	0.423	0.560	0.351	149.055	3201	3037
147	0.161	42.300	64.709	1.521	42.101	64.431	0.402	0.550	0.564	0.364	66.833	1999	3044
148	0.172	102.454	64.649	1.655	102.129	64.474	0.635	0.360	0.653	0.335	163.548	4831	3046
149	0.147	19.686	64.972	1.456	19.494	64.706	0.381	0.508	0.536	0.350	65.928	932	3057
150	0.179	57.695	65.180	1.683	57.425	64.939	0.550	0.508	0.640	0.356	137.382	2713	3068
151	0.162	77.808	65.509	1.523	77.534	65.320	0.550	0.360	0.566	0.365	170.262	3670	3086
152	0.164	91.233	65.602	1.568	90.974	65.363	0.508	0.487	0.596	0.349	137.984	4302	3088
153	0.146	116.023	65.863	1.480	115.866	65.574	0.318	0.572	0.572	0.324	92.184	5479	3098
154	0.186	54.147	65.978	1.767	53.848	65.765	0.656	0.423	0.649	0.366	161.637	2549	3107
155	0.168	30.845	66.130	1.575	30.628	65.850	0.423	0.550	0.593	0.361	64.861	1458	3111
156	0.133	77.997	66.209	1.383	77.766	66.019	0.466	0.381	0.484	0.349	28.070	3684	3119
157	0.148	62.199	66.362	1.491	61.976	66.104	0.444	0.487	0.559	0.336	131.734	2932	3123
158	0.201	50.039	66.469	1.750	49.720	66.252	0.656	0.423	0.689	0.371	160.873	2355	3130
159	0.186	37.945	66.617	1.660	37.719	66.336	0.466	0.550	0.623	0.380	58.501	1793	3134
160	0.176	116.166	67.230	1.616	115.930	66.929	0.466	0.572	0.596	0.375	121.191	5483	3162
161	0.134	96.853	67.389	1.426	96.689	67.120	0.339	0.508	0.511	0.334	85.209	4575	3171
162	0.118	63.728	67.655	1.294	63.564	67.437	0.339	0.444	0.460	0.327	96.287	3007	3186
163	0.169	56.039	67.847	1.610	55.732	67.628	0.572	0.444	0.606	0.356	149.748	2643	3195
164	0.169	45.728	67.975	1.642	45.424	67.797	0.614	0.360	0.626	0.345	14.598	2160	3203
165	0.146	44.884	68.212	1.491	44.619	68.008	0.529	0.402	0.574	0.324	149.794	2110	3213
166	0.163	71.619	68.366	1.540	71.332	68.199	0.593	0.339	0.595	0.348	1.400	3377	3222
167	0.146	48.563	68.507	1.486	48.302	68.305	0.508	0.402	0.548	0.339	154.712	2289	3227
168	0.171	98.343	68.639	1.600	98.044	68.453	0.614	0.360	0.614	0.354	1.448	4645	3234
169	0.159	91.984	68.890	1.545	91.715	68.686	0.550	0.402	0.593	0.342	154.434	4337	3245
170	0.151	85.406	69.053	1.533	85.196	68.792	0.423	0.529	0.579	0.332	121.585	4029	3250
171	0.153	34.966	69.094	1.528	34.713	68.898	0.529	0.381	0.540	0.361	170.009	1648	3255
172	0.169	29.776	69.225	1.598	29.528	68.982	0.508	0.508	0.615	0.350	42.475	1410	3259
173	0.143	108.549	69.349	1.436	108.310	69.130	0.466	0.444	0.527	0.346	132.036	5121	3266
174	0.122	101.226	69.483	1.304	100.986	69.321	0.487	0.339	0.479	0.324	10.231	4779	3275
175	0.133	96.809	69.604	1.359	96.605	69.384	0.402	0.444	0.493	0.344	53.309	4574	3278
176	0.134	102.667	69.672	1.538	102.404	69.448	0.550	0.423	0.605	0.283	150.904	4840	3281
177	0.167	21.152	69.856	1.635	20.955	69.532	0.381	0.614	0.601	0.354	95.970	999	3285
178	0.146	76.850	69.933	1.533	76.645	69.660	0.402	0.529	0.572	0.325	62.475	3635	3291
179	0.159	55.160	69.918	1.588	54.885	69.702	0.550	0.402	0.586	0.346	157.899	2597	3293
180	0.139	93.306	70.005	1.426	93.091	69.786	0.423	0.444	0.532	0.333	129.946	4401	3297
181	0.142	81.534	70.048	1.426	81.301	69.829	0.444	0.423	0.509	0.356	38.526	3855	3299
182	0.154	11.853	70.162	1.503	11.620	69.935	0.444	0.487	0.553	0.355	130.467	555	3304
183	0.166	28.968	70.590	1.568	28.702	70.379	0.572	0.423	0.579	0.364	22.099	1371	3325
184	0.144	84.743	70.644	1.453	84.540	70.379	0.402	0.529	0.541	0.339	111.053	3999	3325
185	0.116	25.871	71.342	1.334	25.654	71.120	0.423	0.423	0.522	0.282	43.990	1227	3360
186	0.112	34.160	71.378	1.291	33.930	71.184	0.444	0.381	0.492	0.291	35.203	1616	3363
187	0.179	39.872	71.509	1.702	39.688	71.205	0.381	0.635	0.659	0.345	103.011	1877	3364
188	0.167	121.284	71.575	1.610	121.031	71.353	0.529	0.466	0.578	0.367	39.664	5733	3371
189	0.142	9.120	71.824	1.441	8.890	71.586	0.444	0.466	0.523	0.345	49.000	432	3382
190	0.129	26.103	71.907	1.348	25.866	71.755	0.487	0.318	0.501	0.328	177.401	1226	3390
191	0.157	111.614	72.005	1.533	111.358	71.776	0.508	0.444	0.582	0.343	144.934	5264	3391
192	0.129	63.584	72.030	1.346	63.373	71.818	0.402	0.444	0.481	0.343	126.354	2997	3393
193	0.164	46.929	72.053	1.540	46.651	71.861	0.550	0.381	0.557	0.376	2.133	2215	3395
194	0.179	33.284	72.253	1.665	33.084	71.967	0.423	0.614	0.646	0.353	60.547	1574	3400
195	0.139	42.550	72.598	1.406	42.354	72.348	0.381	0.508	0.512	0.346	71.269	2010	3418
196	0.186	117.696	73.035	1.769	117.517	72.665	0.360	0.698	0.703	0.337	100.366	5556	3433
197	0.203	19.203	73.018	1.745	18.986	72.708	0.423	0.635	0.655	0.394	109.168	902	3435
198	0.154	108.433	73.044	1.515	108.183	72.834	0.508	0.423	0.571	0.344	148.358	5114	3441
199	0.164	90.827	73.171	1.610	90.572	72.898	0.487	0.529	0.608	0.344	47.479	4298	3444
200	0.161	52.589	73.528	1.563	52.303	73.342	0.572	0.381	0.579	0.354	164.479	2476	3465
201	0.179	74.071	73.693	1.688	73.808	73.427	0.529	0.529	0.645	0.353	135.569	3492	3469
202	0.155	19.244	73.808	1.498	19.071	73.533	0.360	0.550	0.561	0.352	95.781	905	3474
203	0.185	26.939	73.944	1.683	26.649	73.724	0.593	0.466	0.641	0.367	33.474	1273	3483
204	0.159	80.787	74.038	1.558	80.582	73.766	0.402	0.550	0.584	0.348	64.062	3817	3485
205	0.205	55.722	74.460	1.760	55.414	74.210	0.635	0.487	0.688	0.380	148.136	2623	3506
206	0.104	15.156	74.715	1.211	15.007	74.528	0.296	0.381	0.414	0.320	86.926	711	3521
207	0.179	51.812	74.731	1.625	51.520	74.549	0.593	0.381	0.616	0.369	168.491	2437	3522
208	0.185	37.516	74.860	1.660	37.211	74.655	0.614	0.402	0.626	0.377	171.023	1768	3527
209	0.157	30.791	75.106	1.515	30.607	74.824	0.381	0.550	0.554	0.360	106.653	1452	3535
210	0.171	120.532	75.022	1.565	120.248	74.845	0.572	0.360	0.598	0.364	7.252	5690	3536
211	0.173	95.787	75.385	1.610	95.525	75.142	0.529	0.487	0.623	0.355	140.628	4517	3550
212	0.173	43.891	75.427	1.635	43.603	75.205	0.593	0.423	0.628	0.351	154.811	2066	3553
213	0.156	70.640	75.541	1.523	70.464	75.269	0.360	0.550	0.578	0.343	100.594	3333	3556
214	0.180	108.157	75.536	1.640	107.886	75.290	0.550	0.487	0.625	0.367	138.922	5101	3557
215	0.131	25.123	75.662	1.359	24.913	75.438	0.402	0.444	0.485	0.345	55.573	1186	3564
216	0.173	75.174	76.096	1.625	74.994	75.798	0.360	0.614	0.622	0.354	95.611	3548	3581
217	0.129	95.233	76.065	1.371	94.996	75.883	0.466	0.381	0.497	0.329	30.175	4498	3585
218	0.162	94.199	76.132	1.575	93.916	75.946	0.593	0.360	0.600	0.344	168.747	4443	3588
219	0.151	104.434	76.444	1.531	104.182	76.200	0.508	0.487	0.604	0.317	134.898	4926	3600
220	0.173	18.718	76.585	1.635	18.500	76.285	0.423	0.593	0.620	0.356	63.136	889	3604
221	0.168	90.910	76.541	1.553	90.614	76.369	0.572	0.360	0.584	0.365	4.093	4289	3608
222	0.137	127.422	76.659	1.401	127.190	76.475	0.487	0.381	0.517	0.337	152.889	6010	3613
223	0.173	92.297	76.778	1.595	92.012	76.581	0.572	0.381	0.602	0.366	170.776	4358	3618
224	0.172	84.099	77.339	1.648	83.884	77.026	0.423	0.593	0.625	0.351	67.578	3973	3639
225	0.144	67.829	77.247	1.443	67.564	77.068	0.529	0.360	0.531	0.346	9.173	3203	3641
226	0.151	124.538	77.272	1.510	124.248	77.089	0.550	0.360	0.566	0.339	14.757	5885	3642
227	0.144	119.291	77.468	1.468	119.126	77.195	0.339	0.550	0.549	0.335	96.925	5632	3647
228	0.180	57.605	77.532	1.720	57.319	77.301	0.614	0.444	0.647	0.354	158.567	2710	3652
229	0.163	42.086	77.656	1.540	41.825	77.449	0.529	0.402	0.580	0.358	155.429	1980	3659
230	0.164	102.534	78.197	1.588	102.235	78.020	0.614	0.360	0.597	0.350	178.172	4837	3686
231	0.150	120.226	78.278	1.486	119.973	78.084	0.508	0.402	0.553	0.345	27.775	5680	3689
232	0.166	103.396	78.369	1.580	103.124	78.147	0.572	0.423	0.597	0.355	154.711	4879	3692
233	0.159	97.300	78.631	1.605	97.049	78.380	0.508	0.487	0.593	0.342	38.473	4606	3703
234	0.142	109.724	78.776	1.413	109.474	78.592	0.508	0.360	0.524	0.345	164.132	5177	3713
235	0.150	82.870	79.055	1.466	82.635	78.846	0.487	0.444	0.547	0.348	38.300	3915	3725
236	0.174	31.351	79.063	1.595	31.073	78.867	0.572	0.381	0.591	0.375	14.286	1480	3726
237	0.147	118.886	79.258	1.453	118.660	79.015	0.444	0.487	0.537	0.349	132.765	5612	3733
238	0.143	73.868	79.397	1.483	73.618	79.163	0.466	0.487	0.551	0.331	128.992	3485	3740
239	0.156	42.122	79.406	1.503	41.889	79.184	0.487	0.444	0.527	0.377	144.485	1981	3741
240	0.151	65.046	79.627	1.486	64.770	79.438	0.550	0.360	0.551	0.350	12.216	3072	3753
241	0.159	41.562	79.769	1.600	41.381	79.481	0.360	0.593	0.600	0.338	95.833	1960	3755
242	0.145	40.083	79.779	1.473	39.899	79.523	0.381	0.529	0.554	0.333	113.218	1887	3757
243	0.157	95.004	79.851	1.538	94.806	79.566	0.423	0.550	0.583	0.343	121.386	4482	3759
244	0.159	19.476	80.344	1.553	19.304	80.052	0.339	0.593	0.597	0.340	90.742	918	3782
245	0.159	32.346	80.772	1.545	32.089	80.560	0.508	0.444	0.584	0.346	147.198	1520	3806
246	0.173	82.988	80.922	1.623	82.719	80.687	0.550	0.466	0.621	0.355	34.843	3926	3812
247	0.125	107.758	80.926	1.341	107.506	80.751	0.487	0.339	0.505	0.315	165.869	5088	3815
248	0.189	61.301	81.043	1.720	61.087	80.772	0.444	0.614	0.598	0.401	70.942	2901	3816
249	0.168	71.665	81.090	1.598	71.459	80.793	0.423	0.572	0.596	0.358	64.771	3388	3817
250	0.182	26.939	81.169	1.653	26.712	80.878	0.466	0.572	0.637	0.363	124.781	1264	3821
251	0.139	92.206	81.102	1.473	91.948	80.899	0.508	0.402	0.556	0.318	149.790	4345	3822
252	0.173	103.847	81.140	1.573	103.590	80.899	0.550	0.466	0.563	0.391	148.236	4901	3822
253	0.149	76.323	81.403	1.473	76.136	81.111	0.360	0.550	0.552	0.343	75.631	3608	3832
254	0.180	46.890	81.478	1.665	46.672	81.174	0.444	0.593	0.652	0.351	120.802	2207	3835
255	0.157	36.531	81.433	1.563	36.280	81.195	0.508	0.466	0.588	0.340	145.177	1716	3836
256	0.165	95.086	81.904	1.593	94.806	81.703	0.593	0.402	0.615	0.342	20.123	4495	3860
257	0.113	39.655	82.039	1.264	39.497	81.830	0.318	0.444	0.452	0.318	97.513	1869	3866
258	0.202	92.191	82.102	1.720	91.884	81.873	0.614	0.444	0.622	0.413	18.521	4356	3868
259	0.141	102.058	82.439	1.411	101.812	82.232	0.487	0.423	0.516	0.348	140.571	4814	3885
260	0.150	45.966	82.732	1.498	45.784	82.465	0.381	0.529	0.561	0.340	114.120	2166	3896
261	0.168	103.013	82.762	1.583	102.722	82.571	0.572	0.381	0.593	0.362	168.458	4862	3901
262	0.140	21.039	82.894	1.483	20.786	82.656	0.508	0.444	0.571	0.313	145.214	985	3905
263	0.191	126.960	82.833	1.697	126.619	82.656	0.656	0.360	0.667	0.365	173.822	5990	3905
264	0.150	16.337	82.988	1.491	16.129	82.740	0.423	0.508	0.555	0.344	54.529	773	3909
265	0.153	100.175	83.027	1.503	99.991	82.740	0.381	0.550	0.550	0.354	104.563	4731	3909
266	0.170	14.844	83.759	1.593	14.605	83.502	0.487	0.508	0.598	0.362	129.282	694	3945
267	0.165	35.757	83.747	1.551	35.475	83.545	0.572	0.402	0.590	0.357	155.737	1680	3947
268	0.181	16.760	83.809	1.630	16.468	83.608	0.593	0.402	0.618	0.372	18.134	792	3950
269	0.168	43.688	83.902	1.600	43.370	83.735	0.614	0.360	0.595	0.358	173.882	2057	3956
270	0.184	63.906	84.293	1.695	63.690	83.968	0.423	0.635	0.618	0.379	103.968	3018	3967
271	0.151	76.779	84.217	1.491	76.518	84.011	0.508	0.402	0.525	0.367	25.101	3628	3969
272	0.174	98.964	84.509	1.605	98.764	84.222	0.402	0.593	0.589	0.377	79.987	4673	3979
273	0.176	67.680	84.546	1.642	67.395	84.328	0.572	0.423	0.618	0.362	20.240	3203	3984
274	0.153	84.044	84.809	1.523	83.884	84.540	0.339	0.572	0.576	0.339	83.012	3969	3994
275	0.149	96.098	85.027	1.498	95.822	84.857	0.572	0.339	0.573	0.330	7.967	4541	4009
276	0.175	35.325	85.115	1.610	35.031	84.900	0.572	0.444	0.592	0.376	154.363	1661	4011
277	0.174	122.788	85.117	1.630	122.470	84.942	0.635	0.360	0.618	0.359	176.999	5794	4013
278	0.181	54.135	85.320	1.642	53.827	85.132	0.614	0.381	0.625	0.368	13.384	2557	4022
279	0.166	60.671	85.478	1.598	60.431	85.217	0.487	0.508	0.608	0.348	131.517	2859	4026
280	0.155	113.334	85.508	1.491	113.051	85.323	0.550	0.381	0.535	0.369	170.384	5348	4031
281	0.190	47.249	86.030	1.705	46.969	85.767	0.593	0.508	0.647	0.373	141.760	2225	4052
282	0.135	122.559	85.964	1.366	122.322	85.788	0.466	0.360	0.480	0.358	175.542	5786	4053
283	0.172	126.027	86.397	1.672	125.709	86.233	0.635	0.360	0.634	0.346	10.417	5949	4074
284	0.132	61.080	86.690	1.468	60.896	86.424	0.360	0.529	0.558	0.301	69.460	2886	4083
285	0.157	75.244	86.969	1.486	74.994	86.762	0.508	0.402	0.526	0.381	18.271	3554	4099
286	0.157	26.741	87.052	1.521	26.522	86.804	0.444	0.508	0.562	0.355	125.591	1257	4101
287	0.167	48.707	87.022	1.568	48.429	86.804	0.550	0.444	0.581	0.365	147.919	2294	4101
288	0.155	79.250	87.097	1.583	79.079	86.804	0.339	0.614	0.619	0.318	102.401	3740	4101
289	0.168	119.853	87.953	1.600	119.655	87.672	0.402	0.572	0.600	0.357	105.902	5657	4142
290	0.138	30.423	88.136	1.453	30.205	87.884	0.444	0.487	0.538	0.325	128.592	1431	4152
291	0.157	78.728	88.374	1.510	78.444	88.202	0.550	0.360	0.565	0.354	168.097	3711	4167
292	0.203	104.892	88.656	1.767	104.542	88.456	0.677	0.423	0.677	0.382	161.418	4945	4179
293	0.150	117.919	88.822	1.486	117.729	88.561	0.381	0.529	0.540	0.354	66.649	5572	4184
294	0.151	62.423	88.912	1.486	62.230	88.646	0.381	0.529	0.557	0.346	71.273	2949	4188
295	0.090	84.442	88.922	1.112	84.243	88.773	0.381	0.318	0.385	0.296	163.932	3985	4194
296	0.151	80.441	89.078	1.461	80.243	88.815	0.402	0.508	0.537	0.357	120.028	3796	4196
297	0.173	42.082	89.123	1.623	41.804	88.921	0.593	0.423	0.610	0.361	28.887	1986	4201
298	0.148	88.654	89.201	1.526	88.456	88.921	0.423	0.550	0.585	0.322	121.839	4182	4201
299	0.147	52.154	89.233	1.456	51.880	89.048	0.529	0.360	0.530	0.352	11.205	2463	4207
300	0.155	102.453	89.302	1.521	102.193	89.090	0.508	0.444	0.570	0.346	142.103	4831	4209
301	0.173	87.143	89.582	1.625	86.847	89.408	0.614	0.360	0.616	0.358	175.682	4108	4224
302	0.157	103.463	89.791	1.588	103.272	89.493	0.402	0.572	0.628	0.319	118.456	4880	4228
303	0.159	51.525	89.830	1.583	51.350	89.514	0.339	0.614	0.625	0.323	80.295	2433	4229
304	0.157	67.071	89.803	1.538	66.823	89.556	0.487	0.487	0.597	0.336	41.658	3173	4231
305	0.175	66.483	90.039	1.613	66.273	89.768	0.423	0.550	0.618	0.361	61.809	3140	4241
306	0.148	57.095	90.135	1.486	56.896	89.874	0.381	0.529	0.559	0.337	65.041	2699	4246
307	0.198	67.162	90.315	1.794	66.844	90.128	0.635	0.381	0.655	0.384	7.654	3171	4258
308	0.171	52.425	90.463	1.648	52.155	90.234	0.550	0.466	0.621	0.350	35.516	2480	4263
309	0.162	123.283	90.623	1.551	123.000	90.424	0.550	0.423	0.571	0.360	151.268	5816	4272
310	0.145	90.587	90.849	1.486	90.424	90.572	0.339	0.550	0.550	0.336	93.719	4279	4279
311	0.105	41.156	90.810	1.239	40.936	90.657	0.466	0.296	0.482	0.277	159.274	1936	4283
312	0.149	64.202	90.964	1.551	64.029	90.657	0.360	0.593	0.554	0.342	88.151	3031	4283
313	0.174	52.731	90.957	1.600	52.430	90.763	0.593	0.381	0.618	0.359	16.200	2491	4288
314	0.149	49.824	91.225	1.521	49.615	90.974	0.423	0.508	0.574	0.331	124.133	2345	4298
315	0.197	75.438	91.603	1.757	75.248	91.271	0.381	0.677	0.682	0.368	99.618	3561	4312
316	0.151	22.454	91.753	1.491	22.246	91.504	0.423	0.508	0.542	0.354	120.926	1055	4323
317	0.158	42.643	91.703	1.528	42.354	91.525	0.572	0.360	0.569	0.353	6.395	2012	4324
318	0.190	58.427	91.857	1.702	58.124	91.630	0.593	0.444	0.621	0.389	26.877	2763	4329
319	0.159	103.157	92.221	1.533	102.891	92.012	0.529	0.423	0.590	0.342	150.979	4865	4347
320	0.151	82.348	92.263	1.510	82.106	92.054	0.487	0.423	0.551	0.348	149.062	3883	4349
321	0.161	77.459	92.507	1.523	77.280	92.223	0.360	0.550	0.572	0.359	76.017	3660	4357
322	0.142	127.411	92.476	1.431	127.148	92.308	0.550	0.339	0.538	0.336	6.196	6015	4361
323	0.128	124.364	92.552	1.401	124.100	92.371	0.529	0.339	0.524	0.310	167.119	5870	4364
324	0.137	96.346	92.631	1.406	96.118	92.414	0.444	0.444	0.517	0.336	133.645	4544	4366
325	0.178	108.822	92.937	1.702	108.500	92.752	0.656	0.360	0.669	0.338	169.150	5133	4382
326	0.185	59.295	93.242	1.707	59.076	92.943	0.444	0.614	0.653	0.360	63.794	2803	4391
327	0.124	79.966	93.193	1.401	79.777	92.943	0.360	0.508	0.545	0.290	121.111	3773	4391
328	0.158	17.226	93.320	1.515	17.039	93.028	0.360	0.572	0.553	0.363	89.113	814	4395
329	0.152	104.069	93.341	1.553	103.907	93.028	0.318	0.614	0.608	0.318	94.744	4914	4395
330	0.112	85.484	93.401	1.279	85.280	93.197	0.423	0.402	0.491	0.291	132.497	4032	4403
331	0.167	18.810	94.089	1.618	18.627	93.768	0.360	0.614	0.615	0.346	99.090	886	4430
332	0.141	73.843	94.326	1.461	73.681	94.044	0.339	0.572	0.560	0.321	77.195	3489	4443
333	0.140	78.025	94.355	1.413	77.788	94.170	0.487	0.381	0.524	0.341	24.996	3685	4449
334	0.199	26.995	94.535	1.762	26.670	94.340	0.656	0.402	0.674	0.377	168.336	1266	4457
335	0.138	45.907	94.561	1.418	45.656	94.340	0.466	0.423	0.512	0.343	41.226	2170	4457
336	0.156	44.158	94.651	1.508	43.921	94.403	0.466	0.487	0.561	0.355	45.746	2089	4460
337	0.178	91.284	94.786	1.665	91.059	94.488	0.466	0.572	0.638	0.356	124.117	4304	4464
338	0.157	36.190	94.973	1.503	36.004	94.700	0.381	0.550	0.574	0.349	67.984	1711	4474
339	0.168	71.330	95.077	1.590	71.162	94.784	0.339	0.593	0.611	0.350	84.997	3368	4478
340	0.163	76.806	95.137	1.625	76.645	94.806	0.339	0.635	0.631	0.328	87.841	3628	4479
341	0.136	54.172	95.164	1.401	53.954	94.954	0.444	0.423	0.524	0.330	43.358	2560	4486
342	0.147	74.630	95.824	1.513	74.422	95.546	0.444	0.529	0.587	0.320	125.713	3521	4514
343	0.167	117.667	95.980	1.598	117.433	95.716	0.466	0.529	0.602	0.353	124.964	5552	4522
344	0.147	111.152	96.179	1.493	110.871	95.991	0.550	0.339	0.555	0.338	5.307	5251	4535
345	0.152	123.463	96.374	1.510	123.190	96.202	0.550	0.360	0.583	0.332	165.889	5825	4545
346	0.184	24.043	96.438	1.660	23.749	96.224	0.593	0.423	0.625	0.375	160.593	1129	4546
347	0.194	12.133	96.460	1.745	11.811	96.266	0.677	0.381	0.668	0.370	7.111	569	4548
348	0.172	70.253	96.675	1.637	70.083	96.372	0.339	0.614	0.636	0.343	91.190	3315	4553
349	0.162	124.701	96.768	1.570	124.396	96.584	0.593	0.360	0.599	0.344	171.552	5887	4563
350	0.168	76.249	96.941	1.605	76.010	96.668	0.466	0.529	0.576	0.371	56.447	3605	4567
351	0.141	56.118	97.372	1.413	55.944	97.113	0.360	0.508	0.508	0.353	75.989	2651	4588
352	0.143	72.981	97.539	1.456	72.792	97.282	0.360	0.529	0.532	0.343	79.224	3446	4596
353	0.177	111.341	97.591	1.655	110.998	97.409	0.635	0.360	0.631	0.357	178.700	5258	4602
354	0.147	119.656	97.676	1.461	119.422	97.451	0.466	0.444	0.557	0.337	138.759	5644	4604
355	0.165	47.482	97.796	1.565	47.308	97.515	0.360	0.572	0.586	0.358	90.662	2239	4607
356	0.153	110.417	97.945	1.480	110.151	97.769	0.529	0.360	0.543	0.359	170.816	5209	4619
357	0.150	47.958	98.089	1.478	47.752	97.854	0.444	0.487	0.566	0.337	53.891	2266	4623
358	0.145	112.763	98.100	1.486	112.501	97.917	0.529	0.360	0.557	0.332	17.805	5329	4626
359	0.152	70.208	98.808	1.510	70.040	98.531	0.339	0.572	0.567	0.341	81.694	3316	4655
360	0.149	69.336	99.033	1.480	69.173	98.764	0.339	0.550	0.552	0.344	88.000	3274	4666
361	0.171	64.231	99.108	1.630	64.050	98.806	0.360	0.635	0.632	0.345	101.231	3030	4668
362	0.175	73.708	99.132	1.655	73.533	98.827	0.360	0.614	0.620	0.360	96.852	3476	4669
363	0.177	37.840	99.233	1.642	37.656	98.933	0.381	0.614	0.629	0.359	78.113	1786	4674
364	0.154	93.134	99.244	1.513	92.901	98.996	0.487	0.487	0.553	0.354	133.136	4395	4677
365	0.158	34.469	99.392	1.523	34.290	99.124	0.360	0.550	0.569	0.354	94.284	1623	4683
366	0.167	119.163	99.469	1.588	118.872	99.272	0.572	0.402	0.604	0.352	156.472	5621	4690
367	0.141	56.811	99.706	1.498	56.642	99.399	0.339	0.572	0.563	0.318	84.528	2683	4696
368	0.160	56.061	99.810	1.563	55.838	99.547	0.444	0.529	0.572	0.357	56.576	2654	4703
369	0.170	111.448	100.366	1.628	111.167	100.140	0.572	0.466	0.631	0.343	145.946	5256	4731
370	0.157	24.579	100.520	1.628	24.363	100.224	0.423	0.572	0.615	0.326	60.867	1167	4735
371	0.156	66.020	100.517	1.523	65.850	100.245	0.360	0.550	0.561	0.354	92.265	3116	4736
372	0.141	97.487	100.517	1.473	97.261	100.288	0.444	0.466	0.553	0.324	127.021	4596	4738
373	0.157	17.619	100.537	1.528	17.357	100.330	0.508	0.423	0.557	0.359	152.938	826	4740
374	0.165	101.611	100.626	1.593	101.410	100.330	0.402	0.593	0.604	0.348	109.283	4797	4740
375	0.156	42.788	100.626	1.551	42.545	100.394	0.508	0.466	0.597	0.333	39.451	2026	4743
376	0.156	81.520	100.870	1.491	81.280	100.648	0.487	0.444	0.556	0.358	143.657	3843	4755
377	0.166	58.672	101.455	1.595	58.505	101.156	0.339	0.614	0.619	0.341	85.268	2770	4779
378	0.157	106.071	101.477	1.521	105.876	101.198	0.381	0.572	0.569	0.352	108.090	5009	4781
379	0.152	41.783	101.543	1.538	41.550	101.240	0.423	0.550	0.569	0.340	60.138	1978	4783
380	0.150	23.234	101.566	1.443	23.029	101.325	0.402	0.487	0.507	0.377	67.477	1096	4787
381	0.152	80.619	101.493	1.480	80.349	101.325	0.550	0.339	0.567	0.342	9.776	3806	4787
382	0.145	92.229	101.672	1.491	92.012	101.431	0.423	0.487	0.550	0.335	123.580	4351	4792
383	0.155	111.235	102.049	1.498	111.040	101.790	0.402	0.508	0.564	0.350	117.294	5249	4809
384	0.137	52.383	102.128	1.418	52.197	101.854	0.360	0.529	0.529	0.330	74.329	2474	4812
385	0.175	102.066	102.675	1.672	101.896	102.341	0.360	0.656	0.657	0.339	102.240	4817	4835
386	0.176	11.533	102.797	1.665	11.261	102.552	0.529	0.487	0.603	0.372	36.058	550	4845
387	0.155	40.655	103.072	1.521	40.407	102.828	0.487	0.466	0.572	0.345	39.577	1926	4858
388	0.126	125.112	103.268	1.329	124.883	103.082	0.466	0.360	0.465	0.344	11.874	5912	4870
389	0.168	19.201	103.437	1.605	18.986	103.166	0.444	0.550	0.630	0.340	56.683	908	4874
390	0.193	12.619	103.560	1.713	12.361	103.272	0.508	0.572	0.656	0.374	55.210	598	4879
391	0.171	37.681	103.585	1.593	37.423	103.357	0.529	0.466	0.599	0.364	34.531	1782	4883
392	0.156	56.838	103.717	1.558	56.642	103.442	0.381	0.550	0.573	0.348	77.645	2684	4887
393	0.160	42.415	103.876	1.563	42.206	103.611	0.423	0.529	0.553	0.370	64.394	2005	4895
394	0.167	68.284	103.959	1.623	68.072	103.653	0.423	0.593	0.615	0.345	62.925	3229	4897
395	0.181	37.205	104.097	1.640	36.936	103.865	0.550	0.487	0.624	0.369	39.542	1758	4907
396	0.143	38.639	104.510	1.473	38.396	104.309	0.487	0.402	0.548	0.332	30.655	1826	4928
397	0.139	41.906	104.636	1.388	41.698	104.394	0.402	0.466	0.501	0.353	56.434	1981	4932
398	0.136	78.553	105.171	1.418	78.338	104.944	0.423	0.466	0.528	0.327	124.238	3704	4958
399	0.148	111.546	105.639	1.473	111.358	105.368	0.381	0.529	0.543	0.347	71.056	5270	4978
400	0.145	10.297	105.835	1.431	10.054	105.643	0.487	0.402	0.538	0.343	150.870	477	4991
401	0.139	39.360	105.944	1.431	39.095	105.749	0.508	0.381	0.513	0.345	24.546	1860	4996
402	0.175	49.319	106.154	1.605	49.064	105.918	0.529	0.466	0.601	0.371	36.719	2332	5004
403	0.150	69.855	106.213	1.473	69.596	106.024	0.529	0.381	0.544	0.351	13.782	3304	5009
404	0.132	72.437	106.563	1.366	72.200	106.384	0.466	0.360	0.484	0.346	22.853	3421	5026
405	0.041	20.012	107.124	0.740	19.918	106.998	0.190	0.254	0.267	0.197	101.512	942	5055
406	0.133	126.599	107.258	1.396	126.428	106.998	0.339	0.508	0.528	0.321	69.786	5983	5055
407	0.169	78.035	107.311	1.583	77.851	107.019	0.381	0.572	0.585	0.368	86.604	3684	5056
408	0.154	127.854	107.237	1.498	127.593	107.040	0.529	0.381	0.559	0.351	18.866	6043	5057
409	0.145	48.958	107.300	1.448	48.704	107.082	0.487	0.423	0.532	0.347	37.501	2314	5059
410	0.163	37.235	107.409	1.558	36.957	107.209	0.550	0.402	0.594	0.348	22.658	1761	5065
411	0.151	23.732	107.552	1.498	23.558	107.273	0.360	0.550	0.544	0.353	89.842	1122	5068
412	0.132	85.904	107.569	1.376	85.683	107.357	0.466	0.402	0.521	0.322	143.407	4052	5072
413	0.149	89.205	107.700	1.466	88.964	107.484	0.508	0.423	0.554	0.343	144.561	4207	5078
414	0.150	46.969	108.222	1.486	46.715	108.014	0.508	0.402	0.526	0.363	25.922	2220	5103
415	0.164	57.525	108.321	1.575	57.340	108.035	0.381	0.572	0.588	0.355	75.767	2716	5104
416	0.159	54.689	108.580	1.600	54.504	108.268	0.381	0.593	0.609	0.333	108.401	2578	5115
417	0.147	20.111	108.557	1.431	19.918	108.310	0.381	0.508	0.496	0.378	84.260	948	5117
418	0.192	63.482	108.720	1.730	63.225	108.395	0.487	0.614	0.645	0.378	62.775	3001	5121
419	0.161	94.536	108.841	1.543	94.298	108.585	0.487	0.508	0.589	0.348	130.187	4459	5130
420	0.141	46.044	108.846	1.413	45.784	108.670	0.508	0.360	0.503	0.356	179.582	2172	5134
421	0.197	65.503	109.010	1.760	65.214	108.754	0.593	0.529	0.668	0.375	37.606	3099	5138
422	0.162	55.222	109.010	1.593	54.970	108.776	0.529	0.466	0.585	0.353	140.219	2601	5139
423	0.173	62.165	109.209	1.665	61.912	108.966	0.529	0.487	0.611	0.360	141.999	2926	5148
424	0.172	120.422	109.193	1.630	120.142	108.966	0.550	0.444	0.617	0.356	31.827	5693	5148
425	0.171	124.536	109.550	1.623	124.227	109.347	0.593	0.423	0.616	0.353	154.897	5876	5166
426	0.156	109.358	110.186	1.588	109.157	109.897	0.402	0.572	0.600	0.331	67.414	5169	5192
427	0.146	49.025	110.595	1.443	48.768	110.384	0.487	0.402	0.501	0.371	21.640	2321	5215
428	0.139	33.556	111.224	1.448	33.359	110.956	0.381	0.529	0.568	0.312	64.871	1586	5242
429	0.113	118.774	111.283	1.304	118.554	111.083	0.423	0.402	0.501	0.288	43.065	5613	5248
430	0.190	34.416	111.596	1.690	34.226	111.273	0.381	0.656	0.655	0.370	78.228	1626	5257
431	0.141	60.528	111.560	1.431	60.346	111.316	0.381	0.508	0.497	0.362	85.705	2857	5259
432	0.167	57.562	111.770	1.570	57.383	111.464	0.360	0.593	0.601	0.353	98.703	2717	5266
433	0.165	56.624	111.980	1.593	56.409	111.696	0.423	0.572	0.624	0.337	118.455	2669	5277
434	0.130	77.023	112.186	1.388	76.835	111.950	0.381	0.487	0.510	0.325	56.160	3640	5289
435	0.157	34.382	112.470	1.523	34.184	112.204	0.381	0.529	0.569	0.352	69.218	1624	5301
436	0.178	121.615	112.551	1.635	121.306	112.332	0.593	0.423	0.622	0.365	23.831	5748	5307
437	0.169	29.251	113.693	1.580	29.041	113.390	0.423	0.572	0.582	0.370	112.641	1378	5357
438	0.110	73.177	113.903	1.274	72.983	113.686	0.381	0.423	0.446	0.313	54.902	3457	5371
439	0.148	118.441	113.931	1.478	118.174	113.686	0.487	0.444	0.523	0.361	36.581	5598	5371
440	0.139	60.962	114.039	1.413	60.770	113.792	0.381	0.487	0.533	0.332	59.849	2882	5376
441	0.123	102.886	114.025	1.304	102.658	113.856	0.466	0.360	0.455	0.345	167.122	4855	5379
442	0.154	86.514	114.250	1.498	86.233	114.088	0.572	0.339	0.568	0.345	173.390	4078	5390
443	0.189	37.522	114.451	1.720	37.317	114.131	0.402	0.635	0.642	0.375	80.873	1773	5392
444	0.134	69.970	114.720	1.431	69.744	114.512	0.466	0.423	0.529	0.323	36.723	3308	5410
445	0.135	30.791	115.068	1.436	30.607	114.787	0.381	0.529	0.532	0.323	63.987	1458	5423
446	0.167	10.800	115.326	1.593	10.478	115.126	0.614	0.381	0.626	0.339	18.555	514	5439
447	0.167	116.305	115.509	1.660	116.120	115.189	0.381	0.635	0.642	0.330	71.427	5497	5442
448	0.114	33.408	115.794	1.306	33.232	115.570	0.339	0.444	0.471	0.307	69.645	1581	5460
449	0.111	42.521	115.978	1.239	42.333	115.782	0.381	0.381	0.433	0.325	139.022	2005	5470
450	0.177	91.122	116.018	1.665	90.805	115.824	0.656	0.381	0.635	0.355	168.027	4296	5472
451	0.163	19.136	116.050	1.540	18.860	115.866	0.550	0.381	0.587	0.352	160.726	894	5474
452	0.174	15.047	116.453	1.635	14.753	116.247	0.614	0.402	0.618	0.359	160.078	703	5492
453	0.153	53.083	116.564	1.508	52.853	116.311	0.466	0.487	0.556	0.350	47.288	2512	5495
454	0.135	59.827	116.975	1.418	59.605	116.755	0.444	0.444	0.518	0.333	40.183	2830	5516
455	0.180	34.329	117.236	1.642	34.142	116.925	0.360	0.635	0.634	0.361	90.437	1620	5524
456	0.139	61.126	117.290	1.436	60.896	117.073	0.466	0.444	0.537	0.329	139.244	2880	5531
457	0.155	106.355	117.473	1.515	106.172	117.200	0.360	0.572	0.566	0.348	81.303	5023	5537
458	0.158	56.904	117.633	1.491	56.642	117.433	0.550	0.381	0.550	0.365	166.690	2683	5548
459	0.212	79.346	117.674	1.899	79.015	117.433	0.677	0.487	0.759	0.356	28.693	3756	5548
460	0.147	23.247	117.754	1.448	23.050	117.496	0.402	0.508	0.511	0.367	110.305	1095	5551
461	0.159	35.983	117.902	1.580	35.793	117.602	0.381	0.614	0.610	0.333	110.319	1695	5556
462	0.144	85.356	118.010	1.478	85.111	117.771	0.466	0.466	0.562	0.326	134.908	4027	5564
463	0.190	12.780	118.408	1.767	12.510	118.152	0.550	0.529	0.649	0.374	136.464	595	5582
464	0.152	77.532	118.492	1.496	77.301	118.258	0.466	0.487	0.561	0.345	131.394	3656	5587
465	0.147	86.340	118.624	1.498	86.064	118.449	0.572	0.339	0.574	0.325	179.435	4079	5596
466	0.157	106.075	118.875	1.533	105.854	118.618	0.444	0.508	0.566	0.353	57.782	5012	5604
467	0.181	94.036	118.854	1.667	93.726	118.682	0.635	0.360	0.653	0.354	171.864	4432	5607
468	0.141	121.362	119.125	1.468	121.094	118.957	0.550	0.339	0.540	0.332	6.498	5733	5620
469	0.143	74.792	119.430	1.461	74.528	119.232	0.529	0.381	0.547	0.333	22.484	3537	5633
470	0.195	44.705	119.525	1.745	44.365	119.338	0.677	0.381	0.685	0.362	12.795	2110	5638
471	0.153	46.800	119.515	1.545	46.482	119.338	0.593	0.360	0.588	0.332	169.852	2207	5638
472	0.152	94.752	119.528	1.475	94.488	119.359	0.529	0.339	0.556	0.348	6.527	4473	5639
473	0.195	54.437	119.672	1.769	54.081	119.486	0.677	0.381	0.689	0.360	169.163	2566	5645
474	0.156	19.992	119.932	1.515	19.706	119.740	0.550	0.381	0.545	0.364	170.483	938	5657
475	0.092	67.947	120.125	1.179	67.797	119.930	0.318	0.402	0.388	0.303	69.096	3212	5666
476	0.147	121.364	120.170	1.456	121.116	119.973	0.487	0.402	0.514	0.363	22.116	5734	5668
477	0.153	77.599	120.621	1.528	77.406	120.354	0.381	0.550	0.570	0.342	103.090	3661	5686
478	0.190	89.541	120.718	1.745	89.175	120.544	0.698	0.360	0.672	0.360	174.034	4224	5695
479	0.154	76.711	121.062	1.540	76.539	120.756	0.360	0.572	0.587	0.333	99.234	3620	5705
480	0.162	37.890	122.018	1.580	37.613	121.793	0.550	0.444	0.610	0.339	148.258	1783	5754
481	0.153	122.295	122.989	1.503	122.047	122.767	0.487	0.444	0.552	0.353	33.803	5782	5800
482	0.168	44.789	123.461	1.577	44.492	123.296	0.593	0.339	0.609	0.352	177.458	2107	5825
483	0.163	88.109	123.511	1.535	87.820	123.338	0.572	0.339	0.588	0.352	2.346	4157	5827
484	0.126	46.076	123.904	1.311	45.847	123.740	0.466	0.339	0.476	0.338	168.533	2170	5846
485	0.131	112.012	123.920	1.436	111.739	123.762	0.550	0.318	0.532	0.314	0.104	5288	5847
486	0.138	121.919	124.078	1.418	121.666	123.889	0.508	0.381	0.510	0.343	24.120	5759	5853
487	0.179	79.388	124.383	1.690	79.100	124.164	0.593	0.423	0.639	0.356	23.617	3754	5866
488	0.147	110.770	124.808	1.600	110.596	124.460	0.339	0.635	0.611	0.307	79.867	5235	5880
489	0.101	127.588	124.897	1.196	127.444	124.693	0.296	0.444	0.434	0.297	79.792	6027	5891
490	0.172	111.259	125.205	1.613	110.956	125.010	0.593	0.381	0.618	0.354	18.123	5258	5906
491	0.121	123.523	125.223	1.334	123.275	125.032	0.466	0.381	0.485	0.316	31.109	5837	5907
492	0.156	120.464	125.258	1.480	120.206	125.074	0.529	0.360	0.542	0.367	0.921	5687	5909
493	0.195	57.412	125.404	1.713	57.171	125.116	0.487	0.572	0.643	0.387	123.746	2706	5911
494	0.163	20.274	125.415	1.538	20.002	125.201	0.550	0.423	0.556	0.372	155.679	952	5915
495	0.152	32.329	125.596	1.493	32.068	125.413	0.508	0.381	0.552	0.352	19.740	1528	5925
496	0.157	103.152	126.072	1.503	102.891	125.878	0.529	0.402	0.560	0.356	22.900	4873	5947
497	0.165	30.645	126.972	1.575	30.459	126.682	0.381	0.572	0.563	0.373	98.142	1447	5985
498	0.168	121.248	126.968	1.588	120.968	126.788	0.593	0.381	0.586	0.364	174.140	5721	5990
499	0.152	92.222	127.036	1.510	91.948	126.852	0.550	0.360	0.577	0.335	17.828	4357	5993
500	0.159	69.055	127.264	1.558	68.855	126.979	0.402	0.550	0.606	0.334	116.218	3257	5999
501	0.150	49.386	127.587	1.443	49.128	127.402	0.529	0.360	0.540	0.353	13.006	2331	6019
502	0.181	53.936	128.514	1.653	53.721	128.206	0.444	0.593	0.619	0.373	115.370	2544	6057
503	0.127	29.984	128.923	1.366	29.824	128.672	0.339	0.487	0.521	0.310	108.778	1411	6079
504	0.155	107.597	128.880	1.533	107.336	128.672	0.529	0.423	0.595	0.333	149.002	5073	6079
505	0.137	53.582	129.007	1.413	53.404	128.757	0.381	0.487	0.536	0.325	119.692	2524	6083
506	0.150	83.875	129.526	1.483	83.651	129.265	0.444	0.508	0.556	0.344	53.969	3965	6107
507	0.162	106.304	130.391	1.600	106.003	130.196	0.593	0.381	0.608	0.339	21.681	5023	6151
508	0.141	107.285	130.611	1.456	107.019	130.429	0.529	0.360	0.557	0.321	161.362	5064	6162
509	0.154	94.169	131.029	1.533	93.895	130.810	0.529	0.423	0.564	0.348	29.834	4451	6180
510	0.169	96.457	131.177	1.648	96.181	130.937	0.550	0.466	0.628	0.342	34.328	4566	6186
511	0.144	35.390	131.389	1.443	35.200	131.128	0.360	0.529	0.526	0.349	98.425	1668	6195
512	0.172	105.021	131.497	1.610	104.754	131.233	0.508	0.508	0.599	0.366	41.771	4968	6200
513	0.198	118.587	131.565	1.815	118.322	131.276	0.529	0.593	0.701	0.359	130.690	5592	6202
514	0.161	106.836	131.778	1.600	106.638	131.487	0.381	0.593	0.629	0.326	110.056	5042	6212
515	0.199	58.615	131.876	1.755	58.314	131.636	0.614	0.487	0.681	0.372	31.751	2773	6219
516	0.159	106.344	132.156	1.508	106.087	131.932	0.487	0.466	0.552	0.368	135.605	5017	6233
517	0.140	110.468	132.160	1.394	110.257	131.932	0.402	0.487	0.505	0.354	118.152	5213	6233
518	0.091	75.852	132.948	1.239	75.713	132.715	0.296	0.466	0.472	0.247	101.933	3581	6270
519	0.166	107.004	133.513	1.553	106.828	133.223	0.360	0.572	0.585	0.361	82.559	5055	6294
520	0.146	54.705	133.840	1.461	54.483	133.604	0.423	0.487	0.538	0.345	121.723	2578	6312
521	0.173	58.504	133.909	1.533	58.272	133.646	0.444	0.508	0.516	0.427	74.134	2762	6314
522	0.158	28.272	133.963	1.540	28.088	133.668	0.381	0.550	0.574	0.351	106.713	1331	6315
523	0.165	30.774	134.107	1.588	30.586	133.816	0.381	0.593	0.588	0.358	95.240	1451	6322
524	0.193	66.742	134.148	1.720	66.421	133.922	0.614	0.444	0.656	0.375	25.952	3156	6327
525	0.148	40.795	134.740	1.486	40.619	134.472	0.360	0.550	0.559	0.337	104.549	1924	6353
526	0.119	67.599	136.071	1.311	67.437	135.826	0.339	0.466	0.468	0.323	72.798	3194	6417
