 	Area	X	Y	Perim.	BX	BY	Width	Height	Major	Minor	Angle	XStart	YStart
1	0.113	70.803	12.968	1.256	70.633	12.764	0.339	0.444	0.441	0.327	79.175	3342	603
2	0.044	103.204	12.977	0.865	103.060	12.869	0.318	0.212	0.339	0.165	156.875	4869	608
3	0.103	104.630	13.253	1.179	104.458	13.060	0.339	0.381	0.413	0.318	120.355	4939	617
4	0.114	54.748	15.466	1.274	54.589	15.219	0.318	0.487	0.456	0.318	95.528	2586	719
5	0.121	46.028	15.736	1.304	45.847	15.494	0.360	0.466	0.460	0.336	70.626	2176	732
6	0.086	58.988	19.445	1.069	58.801	19.283	0.360	0.318	0.372	0.296	30.056	2786	911
7	0.119	107.969	21.320	1.316	107.781	21.082	0.360	0.466	0.484	0.312	117.750	5096	996
8	0.136	57.658	23.428	1.401	57.489	23.156	0.339	0.529	0.519	0.334	100.561	2723	1094
9	0.134	42.280	23.415	1.381	42.058	23.220	0.487	0.402	0.496	0.344	150.380	1990	1097
10	0.120	62.644	23.750	1.371	62.421	23.558	0.444	0.381	0.493	0.309	148.045	2949	1113
11	0.110	58.316	24.083	1.294	58.145	23.855	0.318	0.466	0.495	0.282	110.126	2751	1127
12	0.133	20.459	24.193	1.383	20.214	24.024	0.508	0.339	0.503	0.337	179.665	962	1135
13	0.142	53.572	24.943	1.426	53.361	24.723	0.423	0.444	0.517	0.350	47.325	2531	1168
14	0.122	61.668	24.958	1.311	61.447	24.765	0.423	0.381	0.456	0.341	36.828	2912	1170
15	0.151	56.263	26.413	1.461	56.028	26.183	0.466	0.444	0.528	0.364	42.174	2659	1237
16	0.132	28.368	26.746	1.371	28.194	26.480	0.339	0.508	0.492	0.341	83.184	1341	1251
17	0.127	45.322	27.237	1.346	45.106	27.030	0.423	0.423	0.498	0.325	135.404	2134	1277
18	0.095	34.917	27.987	1.142	34.734	27.813	0.360	0.360	0.405	0.299	139.563	1644	1314
19	0.153	69.548	28.930	1.493	69.363	28.660	0.360	0.529	0.550	0.355	101.156	3282	1354
20	0.142	68.632	29.430	1.466	68.453	29.146	0.381	0.529	0.539	0.336	114.364	3239	1377
21	0.153	84.553	29.897	1.498	84.370	29.612	0.360	0.550	0.560	0.349	75.525	3996	1399
22	0.126	93.099	30.351	1.359	92.922	30.099	0.339	0.508	0.502	0.321	98.409	4396	1422
23	0.144	35.719	31.418	1.456	35.539	31.157	0.360	0.529	0.549	0.334	107.699	1683	1472
24	0.141	72.035	31.458	1.413	71.797	31.263	0.466	0.402	0.515	0.349	30.628	3403	1477
25	0.134	49.595	32.242	1.401	49.424	31.983	0.360	0.508	0.513	0.331	110.347	2338	1511
26	0.154	90.504	32.226	1.486	90.234	32.046	0.550	0.360	0.549	0.357	172.819	4269	1514
27	0.155	66.264	32.522	1.498	66.040	32.300	0.444	0.466	0.545	0.361	45.670	3131	1526
28	0.108	23.415	33.076	1.221	23.241	32.872	0.339	0.402	0.412	0.334	98.165	1103	1553
29	0.139	100.359	33.260	1.376	100.140	33.062	0.466	0.402	0.462	0.383	163.743	4737	1562
30	0.126	21.254	33.636	1.353	21.103	33.359	0.318	0.508	0.494	0.325	94.319	1003	1576
31	0.119	62.599	33.660	1.334	62.357	33.486	0.487	0.360	0.495	0.306	157.078	2952	1582
32	0.136	66.489	33.772	1.401	66.252	33.570	0.466	0.402	0.515	0.336	144.496	3135	1586
33	0.137	36.675	34.276	1.401	36.491	34.036	0.360	0.487	0.493	0.353	81.004	1731	1608
34	0.119	24.462	34.650	1.286	24.257	34.459	0.423	0.381	0.458	0.331	146.068	1149	1628
35	0.137	25.434	34.750	1.418	25.252	34.502	0.381	0.508	0.515	0.339	67.343	1202	1630
36	0.145	70.449	35.839	1.468	70.273	35.560	0.339	0.550	0.559	0.329	97.204	3325	1680
37	0.146	76.532	36.441	1.466	76.306	36.216	0.466	0.444	0.540	0.343	136.293	3609	1711
38	0.131	28.260	36.634	1.371	28.088	36.364	0.339	0.508	0.499	0.335	77.764	1337	1718
39	0.132	96.781	36.886	1.371	96.605	36.640	0.360	0.487	0.505	0.332	69.780	4572	1731
40	0.146	44.044	37.275	1.456	43.857	36.999	0.360	0.529	0.538	0.344	76.476	2083	1748
41	0.147	52.675	37.527	1.438	52.493	37.274	0.360	0.508	0.529	0.354	74.392	2487	1761
42	0.124	63.906	37.618	1.329	63.669	37.444	0.487	0.339	0.485	0.326	170.272	3014	1769
43	0.125	107.131	37.736	1.316	106.892	37.571	0.466	0.360	0.458	0.346	173.054	5056	1775
44	0.145	84.395	37.868	1.468	84.116	37.698	0.550	0.339	0.541	0.341	175.905	3983	1781
45	0.136	66.543	38.580	1.413	66.379	38.312	0.339	0.529	0.540	0.321	103.769	3140	1810
46	0.141	44.825	39.335	1.448	44.556	39.158	0.508	0.381	0.513	0.349	13.492	2116	1850
47	0.153	76.749	39.578	1.503	76.475	39.391	0.550	0.381	0.553	0.352	160.690	3617	1861
48	0.136	89.344	40.722	1.406	89.112	40.492	0.444	0.444	0.506	0.343	40.325	4224	1913
49	0.106	40.883	41.431	1.226	40.725	41.212	0.318	0.444	0.453	0.297	69.301	1931	1947
50	0.124	33.276	41.436	1.341	33.020	41.275	0.487	0.339	0.489	0.322	170.834	1566	1950
51	0.124	97.540	41.863	1.321	97.303	41.656	0.444	0.402	0.491	0.320	41.051	4609	1968
52	0.169	49.555	42.058	1.700	49.297	41.804	0.508	0.572	0.597	0.361	131.958	2334	1975
53	0.118	94.663	41.975	1.286	94.446	41.804	0.466	0.339	0.468	0.321	17.015	4471	1975
54	0.153	108.002	42.327	1.498	107.738	42.143	0.529	0.381	0.553	0.352	161.888	5095	1991
55	0.159	112.929	42.519	1.523	112.649	42.354	0.572	0.339	0.582	0.349	178.636	5327	2001
56	0.114	32.934	42.713	1.323	32.702	42.524	0.466	0.339	0.473	0.308	12.806	1559	2009
57	0.146	115.612	42.994	1.426	115.358	42.820	0.508	0.360	0.527	0.352	170.138	5455	2023
58	0.133	75.803	43.686	1.388	75.607	43.434	0.402	0.466	0.503	0.337	126.322	3575	2052
59	0.113	50.956	44.255	1.269	50.736	44.069	0.423	0.360	0.460	0.314	32.055	2408	2082
60	0.134	53.624	44.562	1.364	53.404	44.344	0.444	0.423	0.484	0.352	41.077	2536	2095
61	0.138	54.955	44.966	1.424	54.695	44.746	0.487	0.423	0.530	0.331	144.417	2591	2114
62	0.131	53.765	45.707	1.341	53.573	45.487	0.381	0.444	0.476	0.350	57.724	2540	2149
63	0.124	100.197	45.944	1.346	99.970	45.741	0.444	0.402	0.493	0.320	38.812	4736	2161
64	0.118	20.865	46.023	1.294	20.701	45.784	0.318	0.466	0.461	0.325	84.048	987	2163
65	0.109	43.648	46.375	1.256	43.413	46.207	0.444	0.339	0.449	0.310	25.272	2061	2183
66	0.125	68.025	46.727	1.341	67.860	46.482	0.339	0.487	0.501	0.319	73.551	3214	2196
67	0.127	104.752	47.474	1.341	104.563	47.265	0.381	0.444	0.476	0.339	57.737	4947	2233
68	0.115	18.502	47.589	1.299	18.267	47.434	0.487	0.318	0.490	0.299	165.771	868	2241
69	0.121	48.652	47.833	1.383	48.493	47.562	0.339	0.508	0.525	0.292	106.367	2294	2247
70	0.132	53.855	47.917	1.341	53.636	47.731	0.444	0.381	0.493	0.340	32.589	2543	2255
71	0.121	32.584	48.355	1.321	32.385	48.133	0.381	0.466	0.477	0.322	117.231	1535	2274
72	0.138	41.141	50.029	1.388	40.894	49.848	0.487	0.381	0.506	0.348	157.403	1937	2355
73	0.146	37.657	51.838	1.461	37.402	51.668	0.508	0.360	0.519	0.357	2.975	1774	2441
74	0.133	23.660	53.696	1.431	23.474	53.425	0.360	0.529	0.550	0.308	111.416	1115	2524
75	0.129	40.639	53.697	1.371	40.471	53.425	0.339	0.508	0.489	0.336	91.645	1919	2524
76	0.136	22.274	54.064	1.406	22.056	53.848	0.444	0.444	0.522	0.331	43.275	1054	2544
77	0.104	69.461	54.287	1.244	69.278	54.081	0.381	0.402	0.433	0.306	130.522	3276	2555
78	0.121	89.988	54.530	1.346	89.789	54.314	0.402	0.444	0.499	0.310	48.737	4254	2566
79	0.127	113.822	54.717	1.376	113.623	54.483	0.402	0.466	0.504	0.321	128.276	5371	2574
80	0.157	23.639	56.378	1.498	23.453	56.113	0.381	0.529	0.562	0.356	109.116	1110	2651
81	0.123	30.384	56.526	1.334	30.141	56.346	0.466	0.381	0.499	0.313	147.776	1428	2662
82	0.137	19.408	56.607	1.353	19.177	56.430	0.466	0.360	0.474	0.368	178.237	911	2666
83	0.143	93.522	57.646	1.598	93.282	57.404	0.466	0.487	0.550	0.332	131.645	4413	2712
84	0.100	21.571	57.847	1.184	21.421	57.637	0.318	0.423	0.419	0.305	94.585	1017	2723
85	0.131	34.675	58.140	1.341	34.438	57.976	0.487	0.339	0.488	0.341	2.982	1634	2739
86	0.117	22.290	58.243	1.311	22.077	58.039	0.402	0.402	0.479	0.312	135.357	1048	2742
87	0.122	62.274	58.402	1.299	62.040	58.230	0.444	0.360	0.462	0.336	19.020	2940	2751
88	0.136	43.528	58.645	1.413	43.265	58.484	0.529	0.339	0.520	0.333	7.231	2052	2763
89	0.103	37.771	58.670	1.269	37.528	58.526	0.487	0.296	0.475	0.276	2.064	1783	2765
90	0.155	53.153	59.001	1.473	52.938	58.759	0.423	0.487	0.548	0.360	123.933	2504	2776
91	0.181	112.976	59.101	1.672	112.776	58.801	0.423	0.593	0.570	0.404	108.549	5333	2778
92	0.120	53.761	59.000	1.299	53.509	58.843	0.487	0.318	0.481	0.318	170.599	2534	2780
93	0.161	27.808	59.224	1.540	27.622	58.949	0.381	0.550	0.562	0.365	79.348	1311	2785
94	0.096	44.313	59.596	1.191	44.132	59.415	0.360	0.360	0.429	0.286	48.598	2094	2807
95	0.126	74.757	59.940	1.371	74.591	59.690	0.339	0.487	0.488	0.330	95.650	3530	2820
96	0.116	112.358	59.924	1.281	112.183	59.690	0.339	0.444	0.462	0.320	69.715	5309	2820
97	0.140	114.673	60.226	1.491	114.490	59.986	0.360	0.550	0.519	0.343	101.913	5412	2834
98	0.134	41.808	60.241	1.381	41.571	60.050	0.466	0.402	0.472	0.360	148.698	1970	2837
99	0.129	112.334	60.429	1.329	112.162	60.198	0.360	0.466	0.456	0.359	98.978	5303	2844
100	0.127	40.458	60.891	1.364	40.259	60.642	0.381	0.487	0.495	0.326	66.901	1912	2865
101	0.121	36.958	60.881	1.311	36.724	60.706	0.466	0.339	0.455	0.340	11.494	1744	2868
102	0.121	101.501	61.046	1.311	101.261	60.875	0.466	0.339	0.483	0.320	20.464	4794	2876
103	0.116	55.535	61.301	1.299	55.351	61.087	0.360	0.444	0.487	0.304	120.989	2617	2886
104	0.120	63.216	61.361	1.306	63.056	61.129	0.318	0.466	0.486	0.314	102.605	2982	2888
105	0.132	75.257	61.385	1.348	75.036	61.214	0.444	0.360	0.453	0.372	5.611	3551	2892
106	0.126	56.143	62.219	1.359	55.922	62.018	0.444	0.402	0.483	0.332	40.531	2652	2930
107	0.106	36.373	62.585	1.214	36.216	62.357	0.318	0.444	0.430	0.313	90.411	1717	2946
108	0.113	78.113	62.609	1.274	77.893	62.421	0.423	0.381	0.471	0.305	141.065	3684	2949
109	0.105	111.893	63.004	1.214	111.696	62.823	0.381	0.381	0.428	0.312	141.049	5282	2968
110	0.116	30.005	63.083	1.304	29.782	62.886	0.423	0.402	0.467	0.318	43.753	1417	2971
111	0.150	51.737	63.321	1.526	51.498	63.077	0.466	0.487	0.542	0.353	48.599	2447	2980
112	0.114	121.531	63.347	1.286	121.348	63.098	0.339	0.466	0.475	0.305	68.746	5742	2981
113	0.125	117.320	63.354	1.341	117.158	63.119	0.339	0.487	0.480	0.332	82.600	5540	2982
114	0.147	51.220	63.537	1.461	51.033	63.288	0.381	0.508	0.513	0.364	101.699	2416	2990
115	0.142	42.829	63.574	1.436	42.608	63.352	0.444	0.444	0.521	0.348	40.834	2025	2993
116	0.123	52.343	64.041	1.346	52.155	63.818	0.381	0.466	0.498	0.314	120.193	2467	3015
117	0.130	102.510	64.114	1.401	102.341	63.860	0.339	0.508	0.504	0.329	95.814	4841	3017
118	0.142	121.469	64.221	1.448	121.285	63.966	0.381	0.529	0.542	0.333	64.650	5740	3022
119	0.127	64.428	64.374	1.401	64.262	64.114	0.339	0.529	0.521	0.311	99.044	3042	3029
120	0.142	124.093	64.518	1.480	123.825	64.347	0.529	0.339	0.532	0.340	7.617	5860	3040
121	0.141	55.518	64.618	1.456	55.266	64.431	0.508	0.360	0.533	0.337	169.640	2620	3044
122	0.159	123.345	65.149	1.498	123.084	64.960	0.529	0.381	0.548	0.369	162.785	5819	3069
123	0.103	31.201	65.214	1.256	31.052	64.982	0.318	0.466	0.478	0.275	114.320	1469	3070
124	0.133	45.192	65.327	1.371	45.000	65.088	0.381	0.466	0.500	0.338	118.125	2131	3075
125	0.134	78.204	65.263	1.426	77.957	65.088	0.487	0.360	0.527	0.325	154.028	3683	3075
126	0.151	72.815	65.405	1.486	72.580	65.193	0.487	0.423	0.550	0.349	31.531	3443	3080
127	0.121	45.782	65.428	1.299	45.551	65.257	0.466	0.339	0.464	0.333	170.689	2159	3083
128	0.152	65.747	65.618	1.510	65.574	65.342	0.339	0.572	0.567	0.341	89.910	3103	3087
129	0.147	22.246	65.716	1.443	22.013	65.511	0.466	0.423	0.527	0.354	37.267	1049	3095
130	0.146	81.204	65.714	1.443	80.962	65.511	0.487	0.402	0.517	0.359	159.477	3834	3095
131	0.145	21.348	65.973	1.426	21.167	65.722	0.360	0.508	0.515	0.358	102.036	1005	3105
132	0.137	56.425	66.021	1.401	56.240	65.786	0.381	0.466	0.504	0.345	64.634	2665	3108
133	0.137	81.251	66.189	1.394	81.047	65.955	0.423	0.466	0.524	0.332	124.921	3832	3116
134	0.127	77.638	66.183	1.346	77.428	65.976	0.423	0.423	0.491	0.329	44.499	3669	3117
135	0.147	76.164	66.239	1.456	75.904	66.061	0.529	0.360	0.526	0.357	15.459	3596	3121
136	0.125	34.382	66.628	1.371	34.205	66.379	0.360	0.487	0.488	0.325	72.726	1625	3136
137	0.129	18.190	66.673	1.371	18.013	66.442	0.360	0.466	0.468	0.352	101.897	856	3139
138	0.139	99.149	66.782	1.533	98.933	66.506	0.381	0.572	0.542	0.326	87.203	4683	3142
139	0.147	78.509	67.072	1.473	78.296	66.823	0.423	0.487	0.539	0.346	57.260	3710	3157
140	0.148	63.628	67.123	1.491	63.436	66.844	0.381	0.550	0.525	0.360	84.534	3007	3158
141	0.107	51.775	67.600	1.274	51.604	67.374	0.339	0.444	0.464	0.294	58.882	2449	3183
142	0.147	73.672	67.886	1.486	73.491	67.628	0.360	0.529	0.543	0.344	98.820	3476	3195
143	0.125	127.363	68.011	1.353	127.169	67.797	0.381	0.444	0.485	0.327	123.982	6011	3203
144	0.113	62.224	68.415	1.316	62.040	68.178	0.360	0.466	0.491	0.293	116.261	2936	3221
145	0.110	56.616	68.725	1.256	56.388	68.559	0.444	0.318	0.449	0.313	6.416	2674	3239
146	0.151	61.016	69.177	1.508	60.812	68.898	0.402	0.550	0.554	0.346	112.602	2878	3255
147	0.144	54.985	69.188	1.478	54.695	69.003	0.550	0.381	0.532	0.344	161.220	2592	3260
148	0.144	70.177	70.015	1.448	69.956	69.786	0.466	0.444	0.526	0.348	136.330	3309	3297
149	0.144	61.444	70.083	1.491	61.256	69.829	0.381	0.550	0.543	0.337	112.106	2898	3299
150	0.137	28.219	70.112	1.431	28.004	69.871	0.423	0.466	0.519	0.336	50.193	1337	3301
151	0.127	48.553	70.251	1.329	48.324	70.062	0.444	0.381	0.471	0.344	31.187	2293	3310
152	0.142	88.373	70.322	1.473	88.096	70.146	0.529	0.360	0.526	0.344	171.689	4171	3314
153	0.142	33.645	70.407	1.443	33.380	70.210	0.508	0.381	0.538	0.335	26.971	1591	3317
154	0.122	76.695	70.658	1.316	76.518	70.422	0.360	0.466	0.452	0.343	89.170	3622	3327
155	0.158	44.946	70.992	1.491	44.704	70.781	0.508	0.423	0.530	0.379	25.990	2123	3344
156	0.185	17.064	71.091	1.790	16.828	70.802	0.466	0.593	0.579	0.408	87.539	804	3345
157	0.134	32.030	71.316	1.383	31.771	71.141	0.487	0.360	0.485	0.353	11.396	1511	3361
158	0.140	102.991	71.346	1.443	102.743	71.162	0.529	0.360	0.516	0.345	155.622	4858	3362
159	0.123	93.483	71.963	1.341	93.282	71.755	0.402	0.402	0.465	0.336	138.319	4412	3390
160	0.128	124.541	72.197	1.359	124.375	71.946	0.339	0.508	0.490	0.332	96.085	5882	3399
161	0.177	56.595	72.239	1.605	56.346	71.988	0.487	0.508	0.596	0.377	46.787	2675	3401
162	0.148	34.215	72.674	1.466	33.994	72.432	0.444	0.487	0.530	0.355	47.073	1619	3422
163	0.111	98.291	72.679	1.274	98.108	72.454	0.360	0.444	0.471	0.300	123.311	4641	3423
164	0.172	63.886	73.281	1.575	63.690	73.004	0.402	0.572	0.571	0.382	93.760	3015	3449
165	0.107	78.044	73.638	1.269	77.893	73.385	0.318	0.466	0.474	0.287	109.900	3682	3467
166	0.152	51.992	73.814	1.478	51.795	73.554	0.402	0.529	0.538	0.361	67.014	2457	3475
167	0.164	38.349	73.769	1.545	38.058	73.575	0.572	0.381	0.558	0.373	6.811	1813	3476
168	0.130	73.184	74.591	1.376	73.004	74.337	0.360	0.508	0.502	0.331	110.517	3454	3512
169	0.128	107.195	74.805	1.371	106.934	74.634	0.508	0.339	0.507	0.322	8.529	5066	3526
170	0.121	75.377	74.933	1.299	75.184	74.740	0.402	0.402	0.479	0.320	44.558	3561	3531
171	0.142	45.897	75.024	1.446	45.656	74.803	0.466	0.444	0.509	0.356	40.286	2169	3534
172	0.102	35.708	75.634	1.202	35.496	75.459	0.402	0.360	0.458	0.283	140.355	1680	3565
173	0.146	50.150	75.763	1.461	49.869	75.586	0.550	0.360	0.541	0.344	164.254	2362	3571
174	0.129	73.685	76.537	1.346	73.470	76.327	0.423	0.423	0.504	0.325	136.184	3475	3606
175	0.148	47.630	76.639	1.461	47.392	76.433	0.508	0.402	0.537	0.351	149.910	2242	3611
176	0.149	48.169	76.961	1.438	47.921	76.772	0.487	0.381	0.516	0.367	161.895	2269	3627
177	0.106	91.606	76.998	1.196	91.440	76.793	0.339	0.402	0.435	0.310	121.025	4323	3628
178	0.122	79.130	77.246	1.323	78.888	77.089	0.487	0.318	0.488	0.319	173.707	3732	3642
179	0.153	91.039	77.414	1.508	90.805	77.174	0.466	0.487	0.555	0.352	136.548	4297	3646
180	0.138	46.100	77.792	1.388	45.868	77.597	0.466	0.402	0.499	0.351	27.686	2177	3666
181	0.138	74.490	77.943	1.406	74.232	77.745	0.487	0.402	0.516	0.340	144.810	3513	3673
182	0.150	79.432	78.105	1.443	79.184	77.914	0.508	0.381	0.539	0.354	21.026	3753	3681
183	0.151	82.434	78.273	1.491	82.190	78.042	0.487	0.444	0.523	0.369	144.073	3891	3687
184	0.138	76.935	78.322	1.436	76.729	78.063	0.402	0.508	0.521	0.336	61.057	3637	3688
185	0.134	66.828	78.625	1.443	66.633	78.401	0.402	0.466	0.505	0.339	55.207	3164	3704
186	0.108	78.236	78.663	1.234	78.084	78.444	0.296	0.444	0.449	0.308	91.350	3694	3706
187	0.106	90.485	79.495	1.196	90.297	79.312	0.381	0.360	0.409	0.331	141.929	4271	3747
188	0.133	70.547	79.669	1.359	70.337	79.460	0.423	0.423	0.498	0.339	136.429	3326	3754
189	0.139	76.698	79.863	1.413	76.454	79.671	0.487	0.381	0.529	0.335	24.374	3626	3764
190	0.136	98.516	80.097	1.396	98.256	79.925	0.508	0.339	0.504	0.343	179.435	4650	3776
191	0.108	114.130	80.201	1.244	113.919	80.010	0.423	0.360	0.456	0.303	151.190	5389	3780
192	0.140	70.276	80.405	1.401	70.062	80.200	0.444	0.423	0.507	0.352	39.786	3319	3789
193	0.137	83.394	80.970	1.413	83.185	80.751	0.423	0.444	0.527	0.331	48.041	3940	3815
194	0.140	88.607	81.465	1.406	88.392	81.238	0.444	0.444	0.494	0.360	130.103	4182	3838
195	0.122	98.754	82.139	1.371	98.573	81.894	0.360	0.487	0.507	0.307	67.452	4668	3869
196	0.131	105.752	82.458	1.371	105.579	82.211	0.339	0.487	0.496	0.337	88.680	4993	3884
197	0.074	64.453	82.610	0.997	64.304	82.444	0.318	0.318	0.318	0.296	72.024	3043	3895
198	0.117	74.482	82.775	1.294	74.316	82.550	0.318	0.466	0.467	0.320	79.834	3517	3900
199	0.119	118.124	83.073	1.286	117.898	82.889	0.444	0.360	0.438	0.346	1.107	5580	3916
200	0.129	89.801	84.260	1.388	89.535	84.095	0.508	0.339	0.500	0.330	8.528	4240	3973
201	0.141	79.843	84.672	1.401	79.629	84.455	0.423	0.444	0.526	0.342	132.468	3764	3990
202	0.149	65.797	84.727	1.466	65.574	84.497	0.466	0.466	0.531	0.357	43.800	3112	3992
203	0.134	84.925	84.740	1.376	84.730	84.497	0.402	0.466	0.488	0.351	121.909	4008	3992
204	0.145	64.572	84.884	1.486	64.389	84.603	0.360	0.550	0.536	0.345	74.902	3054	3997
205	0.155	122.497	84.924	1.480	122.238	84.751	0.529	0.360	0.540	0.365	10.146	5783	4004
206	0.124	95.062	85.150	1.316	94.848	84.963	0.444	0.381	0.459	0.343	29.267	4490	4014
207	0.114	119.720	85.736	1.281	119.486	85.577	0.466	0.318	0.459	0.317	173.989	5650	4043
208	0.139	39.727	86.179	1.388	39.497	85.979	0.466	0.402	0.509	0.347	32.421	1877	4062
209	0.145	41.311	86.225	1.461	41.106	85.979	0.402	0.508	0.541	0.341	61.309	1952	4062
210	0.140	97.821	86.332	1.421	97.642	86.085	0.360	0.487	0.531	0.335	67.227	4620	4067
211	0.156	78.470	86.633	1.563	78.274	86.339	0.381	0.572	0.586	0.340	72.391	3708	4079
212	0.153	93.626	86.779	1.503	93.345	86.572	0.529	0.402	0.546	0.357	23.729	4425	4090
213	0.114	115.450	86.943	1.281	115.231	86.783	0.466	0.318	0.458	0.318	6.468	5452	4100
214	0.138	67.749	87.264	1.406	67.543	87.037	0.423	0.466	0.500	0.353	47.908	3203	4112
215	0.134	86.972	87.286	1.376	86.741	87.080	0.444	0.423	0.510	0.333	141.439	4103	4114
216	0.133	55.835	87.514	1.413	55.626	87.291	0.402	0.444	0.456	0.370	67.228	2637	4124
217	0.110	41.841	87.735	1.226	41.656	87.545	0.381	0.381	0.388	0.362	124.551	1973	4136
218	0.145	34.876	88.137	1.443	34.692	87.884	0.381	0.508	0.525	0.351	109.747	1643	4152
219	0.133	76.529	88.138	1.401	76.348	87.884	0.360	0.508	0.530	0.318	65.177	3617	4152
220	0.155	77.242	88.176	1.493	76.962	88.011	0.550	0.339	0.564	0.349	179.930	3643	4158
221	0.121	94.142	88.323	1.294	93.980	88.096	0.339	0.444	0.471	0.327	106.741	4443	4162
222	0.126	66.431	88.483	1.336	66.273	88.244	0.318	0.487	0.487	0.329	92.402	3136	4169
223	0.140	50.135	88.714	1.431	49.932	88.477	0.402	0.487	0.528	0.338	59.701	2368	4180
224	0.107	98.885	88.690	1.221	98.679	88.519	0.402	0.339	0.450	0.302	32.377	4671	4182
225	0.136	72.719	89.101	1.418	72.496	88.900	0.466	0.402	0.500	0.347	34.038	3436	4200
226	0.159	97.699	89.261	1.533	97.409	89.069	0.572	0.381	0.565	0.358	14.024	4617	4208
227	0.096	82.719	89.281	1.129	82.550	89.090	0.339	0.381	0.398	0.309	116.079	3904	4209
228	0.133	89.171	90.306	1.401	88.942	90.106	0.466	0.402	0.537	0.316	143.422	4203	4257
229	0.141	21.993	90.385	1.418	21.759	90.170	0.466	0.423	0.519	0.345	143.255	1033	4260
230	0.139	77.543	91.075	1.461	77.364	90.784	0.360	0.550	0.536	0.331	106.211	3659	4289
231	0.053	53.871	91.025	0.937	53.700	90.911	0.360	0.233	0.345	0.195	166.638	2541	4295
232	0.134	28.292	91.226	1.378	28.067	91.038	0.444	0.381	0.491	0.348	31.103	1335	4301
233	0.145	87.370	91.246	1.461	87.122	91.059	0.508	0.381	0.540	0.342	159.811	4120	4302
234	0.127	107.275	92.048	1.383	107.019	91.884	0.487	0.339	0.478	0.339	176.828	5063	4341
235	0.129	81.944	92.170	1.366	81.788	91.906	0.318	0.508	0.508	0.325	84.115	3871	4342
236	0.148	120.268	92.250	1.443	120.015	92.054	0.508	0.381	0.533	0.354	19.699	5683	4349
237	0.124	76.826	92.511	1.341	76.666	92.266	0.318	0.508	0.507	0.312	103.763	3626	4359
238	0.157	26.457	93.815	1.473	26.204	93.620	0.508	0.402	0.535	0.375	20.774	1248	4423
239	0.114	91.552	94.280	1.336	91.377	94.044	0.339	0.466	0.502	0.290	69.874	4326	4443
240	0.146	52.678	94.356	1.436	52.451	94.128	0.466	0.444	0.504	0.368	42.231	2491	4447
241	0.135	86.821	95.445	1.383	86.656	95.186	0.339	0.508	0.517	0.333	104.905	4098	4497
242	0.151	57.062	95.936	1.486	56.896	95.652	0.339	0.572	0.565	0.341	95.575	2693	4519
243	0.112	17.540	95.887	1.226	17.336	95.716	0.423	0.339	0.416	0.341	6.532	825	4522
244	0.134	28.342	96.329	1.406	28.109	96.118	0.466	0.423	0.532	0.320	140.005	1333	4541
245	0.136	41.499	96.921	1.438	41.275	96.710	0.444	0.423	0.515	0.337	48.096	1960	4569
246	0.169	118.488	97.082	1.605	118.237	96.838	0.487	0.487	0.576	0.374	45.715	5598	4575
247	0.141	87.067	97.380	1.478	86.889	97.092	0.360	0.572	0.556	0.323	103.626	4111	4587
248	0.136	18.967	97.344	1.371	18.732	97.155	0.466	0.381	0.484	0.358	24.609	894	4590
249	0.113	62.040	97.547	1.256	61.849	97.346	0.381	0.402	0.459	0.313	48.586	2931	4599
250	0.149	68.259	97.764	1.501	68.008	97.536	0.487	0.487	0.498	0.381	39.851	3228	4608
251	0.147	119.745	97.952	1.456	119.507	97.748	0.487	0.402	0.528	0.353	29.386	5658	4618
252	0.107	16.796	98.256	1.209	16.595	98.086	0.402	0.339	0.391	0.349	173.550	789	4634
253	0.167	23.530	98.380	1.588	23.326	98.108	0.402	0.550	0.573	0.372	108.750	1107	4635
254	0.167	54.312	98.447	1.556	54.081	98.192	0.444	0.529	0.570	0.374	123.668	2559	4639
255	0.138	52.421	98.472	1.436	52.218	98.234	0.402	0.487	0.507	0.345	65.565	2475	4641
256	0.154	22.600	98.471	1.486	22.331	98.298	0.550	0.360	0.546	0.359	173.337	1060	4644
257	0.108	71.803	98.634	1.251	71.649	98.404	0.318	0.444	0.461	0.297	68.111	3393	4649
258	0.135	64.540	98.765	1.388	64.326	98.552	0.444	0.423	0.512	0.335	43.345	3049	4656
259	0.139	77.065	99.201	1.406	76.835	98.975	0.444	0.444	0.516	0.343	133.948	3634	4676
260	0.172	38.167	99.622	1.580	37.910	99.378	0.508	0.487	0.605	0.363	41.893	1806	4695
261	0.121	119.729	99.741	1.316	119.549	99.526	0.381	0.444	0.464	0.334	60.550	5656	4702
262	0.125	21.954	99.942	1.341	21.759	99.737	0.402	0.423	0.470	0.338	50.333	1036	4712
263	0.139	58.572	101.187	1.396	58.357	100.986	0.444	0.402	0.509	0.349	32.554	2768	4771
264	0.124	37.226	101.299	1.436	37.020	101.071	0.423	0.444	0.494	0.320	48.219	1763	4775
265	0.142	73.181	101.682	1.473	73.004	101.410	0.360	0.529	0.532	0.341	85.694	3454	4791
266	0.136	119.514	101.707	1.413	119.253	101.536	0.508	0.360	0.524	0.330	162.153	5639	4797
267	0.130	68.189	102.182	1.359	68.030	101.918	0.339	0.508	0.499	0.331	98.628	3218	4815
268	0.139	65.750	102.604	1.426	65.511	102.404	0.466	0.402	0.522	0.340	35.393	3106	4838
269	0.153	113.127	102.943	1.491	112.840	102.743	0.529	0.402	0.535	0.364	157.196	5342	4854
270	0.133	64.479	103.039	1.364	64.262	102.806	0.423	0.444	0.504	0.335	45.281	3049	4857
271	0.139	26.375	103.918	1.431	26.120	103.717	0.487	0.402	0.529	0.334	146.694	1238	4900
272	0.135	105.317	104.232	1.396	105.156	103.992	0.339	0.487	0.496	0.346	85.378	4973	4913
273	0.136	41.052	104.547	1.401	40.873	104.309	0.360	0.508	0.495	0.350	97.616	1936	4928
274	0.154	51.090	104.590	1.486	50.885	104.330	0.402	0.508	0.547	0.358	63.338	2414	4929
275	0.091	40.767	104.891	1.154	40.640	104.669	0.275	0.444	0.427	0.271	88.520	1925	4945
276	0.138	57.620	105.217	1.406	57.383	105.008	0.466	0.423	0.511	0.345	35.852	2724	4961
277	0.125	99.859	105.285	1.311	99.695	105.050	0.339	0.466	0.478	0.333	99.415	4714	4963
278	0.131	124.251	106.471	1.371	124.058	106.236	0.381	0.466	0.481	0.346	72.439	5868	5019
279	0.131	102.376	106.775	1.413	102.193	106.532	0.360	0.508	0.510	0.327	77.392	4835	5033
280	0.051	9.955	107.174	0.872	9.800	107.061	0.318	0.212	0.310	0.208	8.832	468	5058
281	0.151	103.597	107.911	1.491	103.399	107.654	0.402	0.529	0.557	0.344	60.439	4895	5086
282	0.155	37.725	108.766	1.538	37.528	108.479	0.402	0.550	0.558	0.352	111.783	1778	5125
283	0.132	92.016	108.757	1.371	91.842	108.500	0.360	0.487	0.515	0.327	114.295	4343	5126
284	0.130	19.522	108.942	1.341	19.325	108.712	0.381	0.444	0.473	0.350	64.678	921	5136
285	0.125	89.963	109.594	1.341	89.789	109.347	0.360	0.466	0.494	0.322	118.837	4244	5166
286	0.151	60.836	110.373	1.480	60.579	110.194	0.529	0.360	0.548	0.352	162.719	2865	5206
287	0.147	54.308	110.535	1.461	54.060	110.321	0.487	0.423	0.521	0.359	26.669	2569	5212
288	0.116	73.888	111.013	1.299	73.724	110.786	0.339	0.466	0.467	0.318	80.430	3489	5234
289	0.136	87.506	110.987	1.401	87.249	110.808	0.508	0.360	0.520	0.333	158.691	4127	5235
290	0.154	49.492	111.382	1.491	49.276	111.125	0.423	0.508	0.545	0.360	58.499	2338	5250
291	0.154	113.260	111.536	1.533	113.072	111.252	0.402	0.550	0.567	0.346	108.428	5346	5256
292	0.124	25.583	111.929	1.323	25.400	111.718	0.381	0.423	0.475	0.332	125.783	1203	5278
293	0.137	100.710	112.048	1.431	100.520	111.781	0.381	0.508	0.531	0.329	65.288	4761	5281
294	0.114	49.942	111.985	1.261	49.742	111.802	0.423	0.381	0.445	0.326	36.787	2358	5282
295	0.121	123.910	112.176	1.299	123.719	111.972	0.402	0.402	0.473	0.325	131.122	5848	5290
296	0.148	60.974	112.622	1.508	60.706	112.437	0.529	0.381	0.537	0.352	18.092	2880	5312
297	0.138	35.434	112.719	1.406	35.242	112.458	0.381	0.508	0.513	0.343	67.850	1674	5313
298	0.138	30.565	112.849	1.426	30.374	112.607	0.381	0.487	0.517	0.341	118.997	1439	5320
299	0.099	29.338	113.070	1.237	29.146	112.861	0.381	0.423	0.471	0.269	123.879	1381	5332
300	0.178	47.067	113.157	1.648	46.821	112.924	0.508	0.466	0.505	0.450	9.748	2218	5335
301	0.109	96.096	113.259	1.261	95.927	113.030	0.339	0.466	0.449	0.309	74.350	4542	5340
302	0.143	57.466	113.264	1.431	57.214	113.072	0.508	0.381	0.523	0.349	22.385	2716	5342
303	0.148	88.646	114.258	1.461	88.413	114.046	0.487	0.423	0.541	0.349	143.845	4179	5388
304	0.148	73.784	114.640	1.515	73.533	114.427	0.508	0.402	0.534	0.353	153.713	3487	5406
305	0.137	89.798	114.768	1.394	89.577	114.554	0.466	0.423	0.505	0.345	144.175	4236	5412
306	0.077	90.896	115.997	1.124	90.720	115.845	0.339	0.318	0.346	0.283	2.149	4293	5473
307	0.131	68.736	116.411	1.376	68.538	116.184	0.402	0.466	0.509	0.327	121.624	3241	5489
308	0.130	62.906	116.746	1.366	62.738	116.501	0.339	0.487	0.508	0.327	72.523	2972	5504
309	0.133	58.234	116.937	1.346	58.039	116.713	0.402	0.444	0.488	0.347	50.198	2752	5514
310	0.170	25.313	117.253	1.600	25.019	117.073	0.593	0.360	0.602	0.359	172.355	1188	5531
311	0.127	53.719	117.428	1.388	53.488	117.200	0.444	0.423	0.516	0.313	46.350	2540	5537
312	0.153	60.628	117.850	1.503	60.431	117.581	0.402	0.529	0.561	0.347	113.315	2859	5555
313	0.150	33.316	117.862	1.438	33.062	117.687	0.508	0.360	0.533	0.359	167.085	1566	5560
314	0.149	38.033	118.273	1.498	37.846	118.004	0.360	0.529	0.545	0.349	99.609	1792	5575
315	0.163	123.370	118.533	1.568	123.105	118.322	0.550	0.423	0.546	0.381	26.602	5827	5590
316	0.147	91.775	119.879	1.456	91.504	119.698	0.529	0.360	0.524	0.358	7.495	4335	5655
317	0.187	123.443	120.159	1.702	123.148	119.952	0.593	0.423	0.584	0.408	14.068	5832	5667
318	0.140	51.793	121.056	1.418	51.562	120.840	0.466	0.423	0.535	0.333	140.680	2439	5709
319	0.155	24.593	121.418	1.473	24.384	121.179	0.444	0.466	0.536	0.369	132.986	1154	5725
320	0.162	123.689	121.447	1.551	123.444	121.243	0.508	0.423	0.527	0.392	18.978	5842	5728
321	0.155	73.999	122.198	1.503	73.745	121.984	0.508	0.423	0.560	0.351	150.157	3489	5763
322	0.123	82.292	122.415	1.323	82.127	122.174	0.318	0.487	0.502	0.312	99.348	3884	5772
323	0.148	64.803	122.466	1.473	64.622	122.195	0.360	0.550	0.537	0.351	91.618	3059	5773
324	0.155	40.980	123.170	1.498	40.725	122.978	0.529	0.381	0.548	0.361	157.487	1928	5810
325	0.147	32.790	123.260	1.480	32.533	123.084	0.487	0.381	0.507	0.369	12.417	1547	5815
326	0.116	66.680	123.886	1.249	66.484	123.677	0.402	0.402	0.414	0.358	44.425	3151	5843
327	0.164	42.451	123.967	1.543	42.185	123.762	0.550	0.423	0.544	0.382	158.066	1998	5847
328	0.116	35.843	124.166	1.316	35.602	123.973	0.444	0.381	0.465	0.318	32.705	1694	5857
329	0.107	63.667	124.797	1.226	63.500	124.566	0.318	0.444	0.448	0.305	79.849	3007	5885
330	0.136	64.734	125.335	1.418	64.558	125.074	0.360	0.508	0.502	0.344	77.313	3059	5909
331	0.147	40.323	125.694	1.443	40.132	125.434	0.381	0.508	0.532	0.351	110.080	1900	5926
332	0.143	54.526	125.742	1.436	54.314	125.497	0.423	0.487	0.551	0.331	129.287	2569	5929
333	0.127	67.784	126.255	1.323	67.628	126.005	0.318	0.487	0.494	0.328	85.223	3200	5953
334	0.112	65.859	126.533	1.251	65.701	126.323	0.339	0.423	0.438	0.325	108.459	3106	5968
335	0.143	38.774	126.599	1.461	38.587	126.344	0.381	0.529	0.537	0.340	106.170	1827	5969
336	0.135	40.284	127.030	1.401	40.111	126.767	0.360	0.508	0.514	0.334	105.470	1901	5989
337	0.129	93.013	128.385	1.406	92.774	128.185	0.466	0.402	0.499	0.328	143.122	4389	6056
338	0.146	24.887	128.549	1.491	24.638	128.334	0.487	0.423	0.549	0.338	34.838	1182	6063
339	0.127	72.918	129.490	1.353	72.750	129.244	0.339	0.487	0.507	0.318	107.959	3441	6106
340	0.125	60.563	129.502	1.353	60.410	129.265	0.318	0.487	0.487	0.328	88.664	2858	6107
341	0.109	81.796	129.912	1.281	81.640	129.688	0.318	0.466	0.456	0.304	88.009	3862	6127
342	0.141	28.300	131.205	1.456	28.130	130.937	0.339	0.529	0.530	0.339	91.643	1337	6186
343	0.146	106.678	131.477	1.521	106.490	131.212	0.381	0.529	0.550	0.337	73.122	5039	6199
