 	Area	X	Y	Perim.	BX	BY	Width	Height	Major	Minor	Angle	XStart	YStart
1	0.066	118.986	10.092	0.932	118.851	9.948	0.275	0.296	0.303	0.277	69.749	5619	470
2	0.120	93.031	14.483	1.336	92.879	14.224	0.296	0.508	0.512	0.298	101.576	4393	672
3	0.096	68.931	14.599	1.196	68.792	14.372	0.275	0.466	0.449	0.273	83.789	3256	679
4	0.044	44.038	14.753	0.842	43.878	14.668	0.339	0.169	0.332	0.168	171.115	2073	693
5	0.054	90.047	14.983	0.932	89.895	14.859	0.275	0.275	0.310	0.222	137.320	4251	702
6	0.147	74.312	15.690	1.478	74.083	15.452	0.444	0.487	0.551	0.341	129.242	3505	730
7	0.125	84.673	15.770	1.341	84.518	15.515	0.318	0.508	0.504	0.316	95.840	3997	733
8	0.113	78.144	15.864	1.281	77.957	15.663	0.360	0.423	0.466	0.310	125.340	3687	740
9	0.115	22.755	16.177	1.299	22.542	15.981	0.423	0.381	0.471	0.311	40.736	1075	755
10	0.116	115.915	16.996	1.294	115.739	16.785	0.360	0.423	0.468	0.314	60.419	5476	793
11	0.114	49.518	17.593	1.281	49.297	17.420	0.423	0.360	0.463	0.313	28.120	2340	823
12	0.047	8.287	17.616	0.877	8.170	17.484	0.233	0.275	0.304	0.197	55.190	392	826
13	0.115	76.680	18.079	1.269	76.454	17.928	0.466	0.318	0.457	0.319	171.230	3615	847
14	0.101	59.205	19.564	1.179	59.013	19.410	0.402	0.318	0.405	0.318	16.069	2793	917
15	0.127	102.525	21.146	1.336	102.298	20.976	0.466	0.339	0.478	0.337	4.128	4843	991
16	0.130	111.296	21.614	1.376	111.125	21.378	0.360	0.508	0.526	0.315	64.859	5258	1010
17	0.119	81.204	21.999	1.311	80.962	21.844	0.466	0.339	0.461	0.328	169.396	3832	1032
18	0.129	74.836	22.547	1.353	74.591	22.373	0.487	0.339	0.493	0.334	2.947	3535	1057
19	0.134	59.557	23.882	1.396	59.288	23.728	0.529	0.318	0.522	0.328	179.384	2808	1121
20	0.139	120.794	24.518	1.371	120.586	24.299	0.423	0.423	0.492	0.359	136.836	5701	1148
21	0.132	25.211	25.049	1.376	24.998	24.829	0.444	0.423	0.491	0.342	135.130	1185	1173
22	0.126	58.409	25.770	1.359	58.166	25.590	0.487	0.360	0.498	0.323	160.698	2752	1209
23	0.125	19.361	25.835	1.329	19.156	25.633	0.423	0.402	0.499	0.319	138.385	906	1211
24	0.113	97.658	26.227	1.286	97.430	26.056	0.466	0.339	0.471	0.306	163.660	4608	1231
25	0.141	101.584	26.765	1.396	101.325	26.606	0.508	0.339	0.513	0.350	174.180	4791	1257
26	0.139	72.966	28.117	1.413	72.750	27.898	0.402	0.466	0.515	0.345	123.476	3441	1318
27	0.116	56.234	28.885	1.256	56.028	28.723	0.444	0.339	0.440	0.334	175.922	2650	1357
28	0.121	65.374	29.251	1.323	65.214	28.998	0.318	0.487	0.504	0.307	104.602	3086	1370
29	0.122	43.144	29.231	1.334	42.947	29.020	0.381	0.466	0.495	0.315	121.209	2032	1371
30	0.141	23.710	29.696	1.461	23.453	29.506	0.550	0.360	0.540	0.333	13.174	1121	1394
31	0.119	55.796	29.730	1.276	55.626	29.528	0.339	0.423	0.447	0.339	104.913	2631	1395
32	0.124	75.346	30.405	1.359	75.163	30.162	0.381	0.466	0.496	0.318	123.971	3555	1425
33	0.136	36.039	30.802	1.401	35.814	30.586	0.444	0.423	0.517	0.335	39.395	1704	1445
34	0.135	15.681	31.372	1.396	15.515	31.115	0.339	0.508	0.510	0.338	81.569	739	1470
35	0.143	90.022	31.464	1.503	89.831	31.178	0.402	0.529	0.539	0.339	117.074	4248	1473
36	0.119	69.836	31.401	1.294	69.638	31.200	0.402	0.381	0.466	0.326	136.330	3294	1474
37	0.141	94.559	31.853	1.450	94.298	31.686	0.529	0.339	0.556	0.323	164.878	4459	1497
38	0.134	76.181	32.002	1.383	75.946	31.814	0.487	0.360	0.515	0.330	156.882	3591	1503
39	0.135	107.203	32.143	1.413	107.040	31.877	0.339	0.529	0.511	0.337	94.350	5061	1506
40	0.125	91.114	32.167	1.331	90.953	31.940	0.318	0.466	0.485	0.327	86.443	4301	1509
41	0.124	69.823	32.789	1.346	69.617	32.554	0.402	0.444	0.488	0.323	124.225	3297	1538
42	0.131	24.547	32.949	1.394	24.299	32.745	0.487	0.402	0.527	0.316	34.409	1163	1547
43	0.130	58.895	33.172	1.364	58.674	32.956	0.444	0.423	0.524	0.316	140.252	2775	1557
44	0.138	120.317	34.299	1.396	120.078	34.121	0.487	0.360	0.509	0.346	164.999	5677	1612
45	0.124	18.097	35.829	1.346	17.907	35.624	0.423	0.423	0.474	0.332	46.226	855	1683
46	0.130	47.796	36.444	1.401	47.604	36.195	0.381	0.487	0.519	0.320	62.214	2261	1710
47	0.129	105.863	36.468	1.366	105.706	36.216	0.318	0.508	0.514	0.320	83.689	5000	1711
48	0.129	104.011	36.533	1.391	103.844	36.280	0.318	0.508	0.528	0.312	95.085	4910	1714
49	0.126	86.002	36.745	1.346	85.810	36.512	0.381	0.466	0.486	0.331	65.971	4062	1725
50	0.116	87.325	36.931	1.299	87.101	36.766	0.466	0.339	0.472	0.312	21.971	4124	1737
51	0.134	100.351	37.294	1.396	100.097	37.126	0.508	0.339	0.514	0.330	7.570	4741	1754
52	0.117	107.530	37.464	1.286	107.315	37.296	0.444	0.339	0.462	0.323	160.263	5073	1762
53	0.150	54.920	37.698	1.478	54.652	37.486	0.508	0.423	0.534	0.358	25.919	2599	1771
54	0.138	85.944	37.893	1.431	85.704	37.677	0.466	0.423	0.551	0.320	39.679	4063	1780
55	0.098	82.164	38.278	1.209	81.978	38.079	0.360	0.381	0.454	0.275	44.417	3885	1799
56	0.132	76.965	38.639	1.401	76.772	38.396	0.381	0.487	0.506	0.332	117.814	3632	1814
57	0.131	12.534	38.924	1.388	12.319	38.693	0.423	0.444	0.502	0.333	49.534	594	1828
58	0.126	119.071	39.059	1.316	118.851	38.862	0.444	0.381	0.478	0.335	148.850	5620	1836
59	0.129	38.716	39.311	1.418	38.523	39.052	0.423	0.466	0.524	0.313	132.935	1821	1845
60	0.127	122.699	39.557	1.376	122.470	39.349	0.466	0.402	0.500	0.323	147.222	5791	1859
61	0.126	85.863	39.719	1.371	85.662	39.476	0.381	0.466	0.507	0.316	58.328	4059	1865
62	0.121	20.136	39.735	1.323	19.897	39.560	0.466	0.339	0.489	0.316	163.566	947	1869
63	0.145	24.843	39.879	1.418	24.617	39.666	0.444	0.444	0.525	0.351	136.405	1166	1874
64	0.125	22.564	39.878	1.334	22.331	39.688	0.466	0.381	0.493	0.322	150.000	1060	1875
65	0.143	106.524	39.959	1.473	106.257	39.730	0.487	0.423	0.531	0.344	33.794	5036	1877
66	0.136	41.338	40.112	1.396	41.169	39.857	0.360	0.487	0.501	0.345	75.035	1951	1883
67	0.138	108.566	40.072	1.394	108.331	39.857	0.444	0.444	0.507	0.348	132.769	5122	1883
68	0.118	85.570	40.220	1.316	85.386	39.984	0.360	0.466	0.477	0.314	65.191	4044	1889
69	0.115	117.464	40.398	1.299	117.242	40.238	0.444	0.339	0.451	0.325	168.235	5543	1901
70	0.127	59.594	40.842	1.371	59.415	40.598	0.360	0.487	0.516	0.314	114.885	2809	1918
71	0.139	58.345	41.493	1.431	58.102	41.275	0.466	0.423	0.519	0.341	40.408	2758	1950
72	0.125	27.900	41.491	1.329	27.707	41.296	0.423	0.402	0.470	0.339	38.163	1317	1951
73	0.115	59.075	41.883	1.269	58.886	41.656	0.360	0.423	0.455	0.321	57.519	2793	1968
74	0.155	21.756	42.158	1.503	21.569	41.868	0.381	0.550	0.566	0.348	110.232	1024	1978
75	0.125	114.847	42.116	1.376	114.639	41.889	0.423	0.444	0.505	0.314	135.178	5418	1979
76	0.133	37.210	43.023	1.401	37.020	42.757	0.360	0.508	0.519	0.326	68.542	1760	2020
77	0.136	13.944	43.179	1.436	13.716	42.968	0.444	0.444	0.512	0.339	42.739	660	2030
78	0.125	49.611	43.707	1.371	49.424	43.455	0.360	0.487	0.492	0.324	66.371	2343	2053
79	0.134	62.819	43.960	1.408	62.548	43.815	0.529	0.318	0.538	0.316	1.336	2961	2070
80	0.130	100.849	44.583	1.366	100.605	44.408	0.466	0.360	0.484	0.342	18.593	4764	2098
81	0.145	75.424	44.618	1.456	75.163	44.429	0.508	0.381	0.531	0.347	157.883	3556	2099
82	0.116	42.630	44.898	1.336	42.482	44.662	0.318	0.487	0.507	0.293	71.893	2013	2110
83	0.123	20.039	44.903	1.306	19.812	44.746	0.466	0.318	0.481	0.325	2.738	942	2114
84	0.141	12.292	45.025	1.448	12.086	44.789	0.423	0.466	0.524	0.343	55.306	581	2116
85	0.125	100.623	45.205	1.366	100.436	44.979	0.381	0.444	0.512	0.312	55.348	4754	2125
86	0.132	105.426	45.171	1.364	105.177	44.979	0.487	0.381	0.496	0.338	28.682	4980	2125
87	0.120	70.650	45.195	1.299	70.422	45.022	0.466	0.339	0.488	0.312	154.621	3330	2127
88	0.124	40.842	45.259	1.323	40.619	45.085	0.444	0.339	0.467	0.339	6.071	1927	2130
89	0.133	72.438	45.466	1.401	72.263	45.191	0.360	0.508	0.514	0.330	112.026	3419	2135
90	0.139	59.337	45.558	1.448	59.076	45.360	0.508	0.381	0.528	0.335	23.812	2806	2143
91	0.130	54.952	45.623	1.359	54.737	45.424	0.444	0.402	0.506	0.328	38.903	2597	2146
92	0.140	30.394	45.771	1.431	30.205	45.508	0.381	0.508	0.540	0.330	64.097	1437	2150
93	0.138	24.921	45.943	1.438	24.659	45.784	0.529	0.339	0.532	0.331	176.632	1171	2163
94	0.134	56.372	46.645	1.413	56.134	46.418	0.444	0.423	0.518	0.329	45.428	2664	2193
95	0.129	78.425	46.718	1.396	78.253	46.461	0.339	0.508	0.514	0.320	101.272	3704	2195
96	0.129	57.164	47.053	1.371	56.960	46.842	0.423	0.423	0.508	0.323	46.424	2701	2213
97	0.130	105.630	47.152	1.353	105.389	46.990	0.487	0.339	0.491	0.338	175.450	4986	2220
98	0.124	108.036	47.209	1.306	107.802	47.054	0.466	0.318	0.482	0.328	175.854	5098	2223
99	0.132	118.713	47.309	1.348	118.470	47.138	0.466	0.339	0.478	0.352	4.221	5604	2227
100	0.122	65.296	47.413	1.316	65.066	47.223	0.466	0.360	0.459	0.339	162.054	3083	2231
101	0.125	30.295	47.436	1.401	30.036	47.265	0.529	0.339	0.532	0.300	163.934	1426	2233
102	0.130	53.810	47.509	1.388	53.552	47.308	0.487	0.381	0.522	0.318	27.785	2546	2235
103	0.110	34.461	47.929	1.264	34.269	47.731	0.360	0.402	0.436	0.322	58.698	1629	2255
104	0.125	78.098	48.446	1.348	77.851	48.302	0.508	0.296	0.524	0.304	175.077	3682	2282
105	0.132	121.115	48.477	1.383	120.862	48.324	0.508	0.339	0.498	0.337	3.993	5716	2283
106	0.120	33.661	48.923	1.311	33.486	48.704	0.360	0.444	0.479	0.319	62.806	1589	2301
107	0.159	43.176	49.011	1.551	42.947	48.747	0.466	0.508	0.582	0.349	52.804	2042	2303
108	0.125	18.835	49.439	1.366	18.669	49.191	0.339	0.487	0.486	0.329	71.702	893	2324
109	0.160	89.311	49.847	1.533	89.069	49.615	0.487	0.466	0.580	0.351	40.529	4222	2344
110	0.146	105.650	49.951	1.473	105.452	49.678	0.381	0.529	0.530	0.350	69.826	4991	2347
111	0.117	61.691	50.243	1.299	61.468	50.059	0.444	0.360	0.455	0.327	24.742	2915	2365
112	0.143	38.656	50.383	1.468	38.481	50.123	0.360	0.529	0.547	0.332	74.124	1827	2368
113	0.141	71.141	50.296	1.438	70.866	50.123	0.529	0.339	0.540	0.333	12.134	3360	2368
114	0.112	39.717	50.734	1.279	39.518	50.525	0.381	0.444	0.444	0.321	119.271	1874	2387
115	0.125	40.381	50.898	1.366	40.132	50.758	0.508	0.296	0.520	0.307	5.546	1901	2398
116	0.120	27.183	51.103	1.304	26.988	50.885	0.402	0.423	0.469	0.326	49.586	1286	2404
117	0.110	38.607	51.443	1.251	38.460	51.223	0.296	0.466	0.466	0.301	83.261	1822	2420
118	0.149	85.428	51.686	1.498	85.154	51.498	0.529	0.381	0.552	0.343	15.435	4038	2433
119	0.128	13.373	52.027	1.366	13.144	51.816	0.423	0.402	0.467	0.349	37.639	633	2448
120	0.123	37.954	52.145	1.341	37.761	51.943	0.402	0.423	0.496	0.315	47.552	1794	2454
121	0.120	45.779	52.323	1.311	45.614	52.091	0.339	0.466	0.468	0.326	97.993	2160	2461
122	0.120	97.642	52.535	1.316	97.388	52.345	0.466	0.360	0.476	0.320	27.191	4614	2473
123	0.153	106.010	52.964	1.503	105.749	52.726	0.487	0.444	0.556	0.351	38.325	5011	2491
124	0.149	53.227	53.487	1.466	53.022	53.234	0.423	0.508	0.543	0.350	56.978	2518	2515
125	0.121	41.145	53.791	1.323	40.979	53.552	0.339	0.466	0.471	0.326	85.394	1941	2530
126	0.133	22.716	53.833	1.396	22.542	53.573	0.339	0.508	0.514	0.329	98.248	1071	2531
127	0.134	77.278	53.801	1.371	77.026	53.636	0.508	0.339	0.515	0.331	171.345	3645	2534
128	0.121	49.857	53.936	1.336	49.615	53.763	0.466	0.339	0.486	0.317	22.178	2356	2540
129	0.149	37.807	54.078	1.456	37.571	53.869	0.466	0.423	0.538	0.353	143.478	1779	2545
130	0.112	42.819	54.065	1.316	42.630	53.869	0.402	0.423	0.482	0.297	50.769	2023	2545
131	0.130	116.906	54.143	1.383	116.734	53.869	0.339	0.508	0.508	0.327	72.072	5525	2545
132	0.118	54.552	54.135	1.329	54.356	53.912	0.381	0.444	0.473	0.317	57.746	2578	2547
133	0.126	31.141	54.434	1.401	30.903	54.250	0.508	0.360	0.541	0.296	153.557	1462	2563
134	0.095	43.456	54.482	1.154	43.286	54.293	0.339	0.381	0.387	0.314	64.725	2052	2565
135	0.109	72.206	54.494	1.269	71.967	54.335	0.466	0.318	0.455	0.305	172.535	3409	2567
136	0.124	103.507	54.529	1.316	103.293	54.335	0.402	0.423	0.470	0.336	134.858	4884	2567
137	0.121	19.850	55.110	1.294	19.622	54.949	0.444	0.339	0.456	0.339	166.526	931	2596
138	0.138	40.089	55.267	1.431	39.857	55.033	0.444	0.444	0.530	0.331	41.962	1899	2600
139	0.136	46.025	55.707	1.431	45.784	55.499	0.487	0.402	0.517	0.335	29.253	2181	2622
140	0.126	89.080	55.680	1.371	88.836	55.499	0.487	0.360	0.490	0.328	21.193	4210	2622
141	0.109	22.458	55.824	1.299	22.288	55.584	0.339	0.466	0.454	0.305	75.885	1062	2626
142	0.146	23.814	55.855	1.448	23.580	55.647	0.487	0.423	0.551	0.337	37.109	1126	2629
143	0.146	74.110	56.094	1.468	73.829	55.922	0.550	0.339	0.550	0.338	6.040	3497	2642
144	0.112	46.689	56.178	1.269	46.461	56.028	0.466	0.318	0.457	0.312	175.361	2199	2647
145	0.124	101.624	56.187	1.353	101.367	56.028	0.508	0.318	0.496	0.319	2.092	4797	2647
146	0.113	97.048	56.413	1.269	96.838	56.240	0.423	0.360	0.443	0.325	151.632	4579	2657
147	0.122	82.170	56.485	1.334	81.936	56.282	0.466	0.381	0.487	0.320	30.615	3885	2659
148	0.104	27.424	56.598	1.209	27.263	56.388	0.318	0.423	0.430	0.309	106.323	1293	2664
149	0.130	96.869	56.835	1.376	96.647	56.600	0.423	0.444	0.511	0.324	46.976	4579	2674
150	0.099	94.005	57.474	1.179	93.853	57.277	0.318	0.402	0.411	0.308	81.594	4439	2706
151	0.132	101.184	57.666	1.383	100.944	57.510	0.487	0.339	0.493	0.340	178.565	4773	2717
152	0.122	77.396	58.094	1.316	77.152	57.933	0.487	0.339	0.475	0.328	170.451	3650	2737
153	0.121	77.991	58.091	1.329	77.745	57.933	0.487	0.339	0.494	0.313	165.312	3677	2737
154	0.105	17.426	58.352	1.226	17.208	58.187	0.423	0.339	0.445	0.300	30.628	822	2749
155	0.125	66.431	58.436	1.366	66.188	58.272	0.487	0.339	0.492	0.324	160.816	3128	2753
156	0.144	21.216	58.584	1.426	20.955	58.420	0.508	0.360	0.506	0.363	2.335	996	2760
157	0.120	36.511	58.793	1.341	36.343	58.568	0.318	0.508	0.489	0.311	95.614	1721	2767
158	0.144	25.593	58.905	1.471	25.358	58.653	0.466	0.487	0.543	0.337	46.903	1212	2771
159	0.128	37.205	58.927	1.341	36.999	58.716	0.402	0.423	0.483	0.338	50.125	1758	2774
160	0.114	56.480	59.228	1.244	56.261	59.055	0.444	0.339	0.440	0.330	166.592	2663	2790
161	0.140	46.546	59.964	1.421	46.355	59.732	0.360	0.487	0.502	0.354	78.482	2197	2822
162	0.139	55.344	60.034	1.448	55.097	59.817	0.487	0.423	0.539	0.329	36.925	2619	2826
163	0.109	41.961	60.056	1.269	41.783	59.838	0.360	0.423	0.475	0.292	128.366	1977	2827
164	0.113	86.190	60.021	1.256	85.979	59.859	0.444	0.339	0.449	0.321	159.653	4064	2828
165	0.123	91.648	60.139	1.323	91.398	59.986	0.487	0.318	0.497	0.314	175.156	4324	2834
166	0.125	82.520	60.240	1.336	82.275	60.071	0.466	0.339	0.480	0.333	13.536	3897	2838
167	0.128	44.145	60.386	1.329	43.963	60.156	0.360	0.466	0.474	0.343	70.495	2085	2842
168	0.136	59.948	60.445	1.408	59.690	60.283	0.508	0.339	0.530	0.327	11.796	2830	2848
169	0.096	103.909	60.594	1.179	103.738	60.410	0.339	0.381	0.406	0.302	62.329	4908	2854
170	0.141	86.206	60.847	1.413	85.979	60.642	0.466	0.402	0.527	0.340	147.361	4065	2865
171	0.129	49.764	60.986	1.401	49.572	60.748	0.381	0.466	0.516	0.317	58.665	2352	2870
172	0.123	38.863	61.178	1.316	38.672	60.939	0.381	0.444	0.478	0.328	56.350	1837	2879
173	0.142	22.187	61.220	1.436	21.950	61.002	0.466	0.444	0.528	0.344	42.868	1049	2882
174	0.151	103.103	61.230	1.448	102.870	61.002	0.466	0.444	0.541	0.356	138.852	4864	2882
175	0.121	52.634	61.347	1.334	52.451	61.087	0.381	0.466	0.464	0.333	65.163	2488	2886
176	0.124	52.109	61.667	1.359	51.922	61.447	0.381	0.466	0.488	0.323	121.945	2455	2903
177	0.125	42.691	62.275	1.394	42.503	62.018	0.381	0.487	0.485	0.327	67.083	2017	2930
178	0.152	69.120	62.193	1.528	68.834	62.018	0.593	0.339	0.582	0.333	170.703	3258	2930
179	0.129	55.319	62.428	1.359	55.139	62.188	0.360	0.487	0.492	0.335	109.297	2610	2938
180	0.133	61.754	62.836	1.353	61.510	62.653	0.466	0.360	0.487	0.348	161.167	2912	2960
181	0.140	108.335	62.933	1.418	108.140	62.674	0.381	0.508	0.517	0.344	111.436	5116	2961
182	0.126	104.950	63.381	1.359	104.733	63.182	0.444	0.402	0.524	0.307	38.228	4960	2985
183	0.109	48.599	63.865	1.244	48.408	63.669	0.402	0.381	0.437	0.317	134.858	2291	3008
184	0.144	118.290	63.937	1.436	118.068	63.712	0.444	0.466	0.527	0.347	134.943	5582	3010
185	0.113	65.334	64.055	1.304	65.109	63.881	0.487	0.339	0.473	0.304	163.773	3082	3018
186	0.139	78.068	64.443	1.413	77.830	64.241	0.466	0.402	0.504	0.352	148.160	3683	3035
187	0.117	71.182	64.831	1.323	70.951	64.664	0.466	0.339	0.478	0.311	24.482	3362	3055
188	0.134	75.051	64.918	1.401	74.866	64.664	0.381	0.487	0.517	0.331	115.886	3543	3055
189	0.142	90.597	64.856	1.448	90.339	64.664	0.529	0.381	0.533	0.340	22.429	4283	3055
190	0.128	92.818	64.968	1.376	92.625	64.706	0.402	0.466	0.509	0.320	126.846	4380	3057
191	0.123	25.398	65.068	1.316	25.188	64.855	0.402	0.423	0.486	0.322	48.632	1201	3064
192	0.069	51.161	65.058	0.950	51.033	64.897	0.275	0.318	0.324	0.271	109.078	2413	3066
193	0.128	76.181	65.308	1.353	75.946	65.151	0.487	0.339	0.488	0.334	8.807	3594	3078
194	0.127	87.320	65.466	1.388	87.080	65.299	0.529	0.339	0.507	0.319	167.281	4117	3085
195	0.139	93.380	65.948	1.436	93.154	65.722	0.466	0.444	0.542	0.328	140.255	4404	3105
196	0.153	99.363	66.090	1.528	99.187	65.807	0.360	0.572	0.579	0.337	91.399	4692	3109
197	0.117	52.039	66.110	1.318	51.880	65.892	0.339	0.444	0.465	0.320	66.749	2456	3113
198	0.047	61.504	66.374	0.810	61.383	66.230	0.254	0.275	0.268	0.223	47.789	2905	3129
199	0.122	120.464	66.550	1.359	120.227	66.358	0.444	0.402	0.495	0.314	138.014	5685	3135
200	0.140	47.681	66.556	1.443	47.413	66.379	0.529	0.360	0.532	0.335	16.468	2252	3136
201	0.120	41.309	66.612	1.321	41.106	66.421	0.444	0.402	0.485	0.315	37.323	1951	3138
202	0.116	127.531	66.831	1.281	127.339	66.633	0.381	0.402	0.453	0.327	49.759	6025	3148
203	0.153	104.501	66.929	1.523	104.309	66.675	0.381	0.529	0.559	0.348	70.096	4938	3150
204	0.114	66.270	66.902	1.274	66.082	66.696	0.381	0.423	0.444	0.328	122.492	3127	3151
205	0.149	96.712	66.985	1.498	96.435	66.823	0.572	0.339	0.556	0.341	179.103	4562	3157
206	0.103	42.143	67.302	1.239	41.952	67.098	0.360	0.402	0.433	0.305	53.607	1992	3170
207	0.146	81.543	67.424	1.443	81.259	67.268	0.550	0.339	0.532	0.349	176.198	3844	3178
208	0.127	82.428	67.482	1.351	82.211	67.268	0.444	0.423	0.512	0.316	137.137	3887	3178
209	0.140	28.189	67.494	1.436	27.919	67.310	0.529	0.381	0.543	0.329	154.140	1325	3180
210	0.124	69.512	67.643	1.359	69.278	67.437	0.444	0.402	0.479	0.329	36.097	3289	3186
211	0.145	55.611	67.990	1.443	55.436	67.733	0.360	0.529	0.537	0.344	105.409	2622	3200
212	0.110	56.115	67.905	1.239	55.901	67.733	0.423	0.339	0.432	0.324	18.105	2650	3200
213	0.109	82.516	68.108	1.239	82.360	67.882	0.318	0.444	0.447	0.310	94.082	3896	3207
214	0.117	68.244	68.536	1.311	68.008	68.368	0.466	0.339	0.470	0.317	15.688	3224	3230
215	0.140	49.485	68.884	1.436	49.276	68.644	0.423	0.487	0.528	0.337	127.071	2333	3243
216	0.142	98.231	69.128	1.453	98.002	68.898	0.466	0.466	0.546	0.330	136.290	4633	3255
217	0.143	58.334	69.110	1.431	58.081	68.919	0.508	0.381	0.523	0.348	156.724	2749	3256
218	0.133	83.329	69.541	1.371	83.143	69.300	0.381	0.466	0.497	0.340	117.122	3932	3274
219	0.150	69.524	69.646	1.510	69.257	69.469	0.529	0.360	0.554	0.345	10.260	3284	3282
220	0.134	101.972	69.853	1.426	101.790	69.596	0.360	0.508	0.513	0.331	105.400	4812	3288
221	0.113	121.269	69.788	1.281	121.031	69.638	0.487	0.296	0.485	0.297	171.990	5723	3290
222	0.122	79.276	69.888	1.329	79.036	69.723	0.487	0.339	0.487	0.320	19.961	3745	3294
223	0.119	45.102	70.094	1.316	44.916	69.871	0.381	0.444	0.447	0.339	59.495	2129	3301
224	0.116	105.546	70.198	1.281	105.389	69.956	0.318	0.466	0.463	0.320	92.702	4984	3305
225	0.121	90.071	70.337	1.311	89.831	70.168	0.466	0.339	0.485	0.319	159.505	4248	3315
226	0.129	63.679	70.549	1.346	63.436	70.379	0.508	0.339	0.497	0.331	170.566	3003	3325
227	0.134	112.376	70.741	1.396	112.204	70.485	0.339	0.508	0.514	0.333	104.300	5306	3330
228	0.135	69.106	70.831	1.401	68.919	70.591	0.381	0.487	0.499	0.346	115.505	3259	3335
229	0.127	36.945	70.864	1.341	36.766	70.612	0.339	0.487	0.483	0.334	76.659	1747	3336
230	0.112	46.377	70.943	1.251	46.228	70.718	0.296	0.466	0.469	0.304	86.501	2189	3341
231	0.134	79.618	70.895	1.401	79.375	70.718	0.508	0.360	0.520	0.327	162.652	3753	3341
232	0.120	128.461	70.970	1.311	128.249	70.802	0.444	0.360	0.448	0.342	24.175	6063	3345
233	0.128	85.128	71.512	1.376	84.900	71.310	0.466	0.402	0.501	0.326	34.704	4023	3369
234	0.143	104.806	71.588	1.473	104.627	71.310	0.360	0.550	0.540	0.338	98.821	4947	3369
235	0.138	105.461	72.061	1.426	105.283	71.797	0.360	0.508	0.517	0.341	107.155	4979	3392
236	0.140	59.153	72.207	1.406	58.928	71.988	0.466	0.423	0.518	0.344	140.283	2787	3401
237	0.133	86.279	72.224	1.424	86.064	71.988	0.402	0.508	0.535	0.317	120.871	4070	3401
238	0.131	89.345	72.286	1.383	89.175	72.030	0.339	0.508	0.518	0.323	74.101	4219	3403
239	0.134	80.979	72.311	1.376	80.772	72.072	0.423	0.444	0.490	0.347	130.275	3822	3405
240	0.138	48.278	72.382	1.424	48.048	72.157	0.444	0.466	0.535	0.330	131.643	2274	3409
241	0.126	80.488	72.438	1.353	80.264	72.263	0.487	0.339	0.489	0.328	168.606	3795	3414
242	0.125	65.044	72.724	1.401	64.855	72.475	0.402	0.466	0.526	0.304	129.499	3066	3424
243	0.129	85.120	72.676	1.378	84.878	72.496	0.466	0.360	0.508	0.323	25.270	4023	3425
244	0.142	50.776	72.854	1.441	50.546	72.623	0.466	0.444	0.532	0.339	136.440	2392	3431
245	0.132	64.702	72.890	1.359	64.474	72.686	0.444	0.402	0.479	0.350	145.836	3052	3434
246	0.132	59.353	73.000	1.388	59.140	72.771	0.423	0.444	0.516	0.326	132.922	2798	3438
247	0.115	92.097	73.112	1.274	91.906	72.898	0.402	0.402	0.446	0.329	138.719	4346	3444
248	0.128	108.942	73.227	1.383	108.776	72.962	0.318	0.529	0.526	0.309	98.701	5145	3447
249	0.111	76.277	73.343	1.281	76.115	73.110	0.318	0.466	0.484	0.292	67.634	3605	3454
250	0.131	121.403	73.561	1.376	121.158	73.364	0.487	0.381	0.503	0.331	28.623	5736	3466
251	0.142	78.537	73.633	1.448	78.296	73.427	0.487	0.423	0.538	0.335	146.175	3702	3469
252	0.118	99.412	73.656	1.294	99.250	73.427	0.318	0.466	0.474	0.316	100.591	4693	3469
253	0.129	87.794	73.929	1.383	87.630	73.681	0.339	0.508	0.514	0.321	76.737	4147	3481
254	0.134	70.213	74.193	1.371	69.998	73.999	0.444	0.402	0.500	0.340	35.928	3316	3496
255	0.131	33.281	74.530	1.371	33.084	74.295	0.402	0.444	0.499	0.333	50.402	1575	3510
256	0.109	17.040	74.697	1.276	16.870	74.507	0.339	0.381	0.416	0.335	93.160	800	3520
257	0.143	60.854	74.814	1.443	60.642	74.591	0.423	0.466	0.534	0.342	124.760	2866	3524
258	0.131	62.578	74.836	1.408	62.336	74.676	0.508	0.339	0.508	0.329	19.606	2954	3528
259	0.120	84.301	74.925	1.311	84.138	74.697	0.339	0.466	0.479	0.319	67.561	3982	3529
260	0.134	70.217	74.954	1.383	69.977	74.761	0.466	0.381	0.500	0.341	23.681	3319	3532
261	0.133	55.646	75.061	1.406	55.436	74.824	0.444	0.444	0.521	0.324	137.885	2624	3535
262	0.133	86.719	75.045	1.388	86.466	74.866	0.508	0.360	0.495	0.341	15.207	4100	3537
263	0.115	89.712	75.059	1.299	89.493	74.888	0.444	0.360	0.444	0.330	163.529	4234	3538
264	0.104	11.948	75.211	1.239	11.726	75.036	0.423	0.339	0.413	0.320	162.323	564	3545
265	0.118	100.560	75.332	1.316	100.394	75.078	0.339	0.487	0.483	0.312	110.401	4748	3547
266	0.134	70.056	75.390	1.388	69.850	75.163	0.423	0.444	0.493	0.346	50.651	3310	3551
267	0.133	67.643	75.450	1.396	67.437	75.248	0.423	0.423	0.510	0.332	43.343	3196	3555
268	0.109	102.672	75.479	1.269	102.489	75.269	0.381	0.402	0.462	0.301	137.488	4844	3556
269	0.129	62.023	76.006	1.359	61.828	75.777	0.402	0.444	0.500	0.328	124.276	2925	3580
270	0.160	22.782	76.192	1.545	22.585	75.904	0.402	0.550	0.578	0.352	112.527	1073	3586
271	0.110	11.477	76.226	1.239	11.261	76.052	0.423	0.339	0.452	0.309	155.468	537	3593
272	0.127	64.141	76.588	1.371	63.881	76.433	0.508	0.339	0.502	0.321	5.699	3026	3611
273	0.120	87.414	76.743	1.299	87.249	76.496	0.318	0.487	0.487	0.313	103.779	4128	3614
274	0.094	105.311	76.896	1.142	105.114	76.729	0.402	0.318	0.395	0.303	5.046	4977	3625
275	0.135	26.608	77.191	1.406	26.416	76.941	0.381	0.508	0.489	0.351	109.685	1252	3635
276	0.116	45.554	77.188	1.299	45.381	76.962	0.360	0.444	0.473	0.311	122.927	2145	3636
277	0.130	75.083	77.121	1.366	74.824	76.962	0.508	0.318	0.501	0.330	4.020	3543	3636
278	0.121	40.910	77.192	1.346	40.682	77.004	0.487	0.360	0.498	0.310	155.584	1927	3638
279	0.125	57.308	77.320	1.383	57.150	77.047	0.318	0.529	0.527	0.303	104.765	2704	3640
280	0.123	70.914	77.767	1.359	70.718	77.534	0.402	0.444	0.495	0.317	130.523	3347	3663
281	0.121	74.237	77.719	1.311	74.020	77.534	0.444	0.360	0.449	0.343	166.893	3506	3663
282	0.134	72.516	77.854	1.406	72.326	77.597	0.402	0.487	0.526	0.324	123.161	3422	3666
283	0.121	111.566	77.929	1.348	111.421	77.682	0.296	0.508	0.522	0.295	81.190	5268	3670
284	0.138	97.535	77.970	1.418	97.324	77.724	0.423	0.466	0.513	0.342	129.892	4603	3672
285	0.132	81.640	78.214	1.388	81.407	77.999	0.444	0.423	0.508	0.331	39.535	3859	3685
286	0.108	85.245	78.261	1.306	84.984	78.126	0.508	0.275	0.501	0.275	169.557	4020	3691
287	0.125	107.321	78.578	1.341	107.146	78.338	0.339	0.487	0.487	0.327	71.996	5071	3701
288	0.126	82.813	78.672	1.346	82.635	78.422	0.360	0.487	0.500	0.321	65.529	3913	3705
289	0.126	84.720	78.602	1.359	84.497	78.422	0.466	0.381	0.487	0.331	154.783	3993	3705
290	0.130	73.926	78.665	1.388	73.681	78.486	0.487	0.360	0.489	0.339	10.820	3494	3708
291	0.146	68.941	78.789	1.453	68.707	78.550	0.466	0.466	0.550	0.338	44.144	3260	3711
292	0.097	115.961	78.849	1.154	115.782	78.655	0.360	0.360	0.369	0.334	51.880	5478	3716
293	0.121	48.807	78.977	1.294	48.641	78.761	0.339	0.444	0.467	0.331	113.593	2300	3721
294	0.133	52.262	79.094	1.396	52.006	78.930	0.508	0.339	0.518	0.326	162.193	2459	3729
295	0.127	108.160	79.340	1.353	107.992	79.100	0.339	0.487	0.495	0.328	84.436	5108	3737
296	0.126	55.489	79.314	1.371	55.245	79.142	0.508	0.339	0.499	0.322	176.246	2617	3739
297	0.131	67.313	79.452	1.394	67.056	79.269	0.508	0.381	0.500	0.333	22.796	3181	3745
298	0.137	68.046	79.509	1.406	67.818	79.290	0.444	0.444	0.520	0.335	136.739	3208	3746
299	0.127	58.910	79.581	1.329	58.674	79.396	0.466	0.360	0.486	0.332	24.364	2783	3751
300	0.111	108.816	79.758	1.286	108.627	79.523	0.360	0.444	0.475	0.298	59.151	5144	3757
301	0.132	67.627	80.061	1.401	67.437	79.798	0.381	0.487	0.512	0.329	115.545	3192	3770
302	0.120	74.795	79.977	1.316	74.570	79.798	0.466	0.360	0.469	0.324	161.507	3527	3770
303	0.121	86.432	80.110	1.341	86.275	79.862	0.339	0.487	0.488	0.317	108.529	4077	3773
304	0.121	90.600	80.154	1.329	90.424	79.904	0.360	0.466	0.477	0.324	109.075	4278	3775
305	0.129	84.386	80.193	1.353	84.138	80.031	0.508	0.318	0.511	0.323	7.183	3984	3781
306	0.104	53.397	80.301	1.226	53.192	80.137	0.423	0.339	0.444	0.300	152.385	2514	3786
307	0.128	80.757	80.291	1.383	80.497	80.137	0.529	0.318	0.511	0.320	178.461	3809	3786
308	0.126	51.408	80.413	1.336	51.181	80.243	0.466	0.339	0.482	0.334	172.088	2425	3791
309	0.137	29.996	80.729	1.443	29.782	80.518	0.444	0.444	0.533	0.326	43.021	1418	3804
310	0.151	58.268	80.742	1.503	58.039	80.518	0.487	0.423	0.542	0.353	147.394	2745	3804
311	0.141	73.954	80.750	1.436	73.745	80.539	0.466	0.444	0.507	0.353	39.565	3494	3805
312	0.133	52.123	80.836	1.391	51.880	80.666	0.487	0.339	0.514	0.328	13.170	2463	3811
313	0.149	67.610	80.981	1.466	67.331	80.772	0.529	0.402	0.543	0.350	23.016	3198	3816
314	0.133	57.146	80.961	1.383	56.896	80.793	0.508	0.339	0.506	0.334	178.801	2697	3817
315	0.132	55.699	81.135	1.371	55.520	80.878	0.360	0.487	0.486	0.345	108.970	2629	3821
316	0.121	82.639	81.435	1.299	82.381	81.280	0.487	0.318	0.485	0.319	5.280	3901	3840
317	0.136	44.335	81.631	1.424	44.111	81.407	0.444	0.444	0.526	0.330	40.561	2097	3846
318	0.123	85.560	81.673	1.321	85.365	81.449	0.402	0.444	0.501	0.312	128.922	4036	3848
319	0.112	99.606	81.630	1.286	99.378	81.449	0.444	0.360	0.494	0.289	147.193	4699	3848
320	0.127	88.781	81.677	1.371	88.540	81.492	0.487	0.360	0.503	0.322	157.484	4188	3850
321	0.118	96.235	82.139	1.299	96.076	81.894	0.318	0.487	0.488	0.307	107.140	4543	3869
322	0.130	105.330	82.134	1.346	105.114	81.936	0.444	0.402	0.485	0.341	143.620	4969	3871
323	0.134	69.101	82.498	1.408	68.834	82.338	0.529	0.318	0.537	0.318	5.541	3264	3890
324	0.137	97.472	82.557	1.436	97.240	82.338	0.466	0.444	0.547	0.318	136.492	4597	3890
325	0.131	101.232	82.577	1.388	101.007	82.338	0.423	0.444	0.510	0.327	49.274	4785	3890
326	0.136	96.998	82.755	1.408	96.816	82.508	0.360	0.487	0.506	0.341	107.374	4579	3898
327	0.122	17.957	82.822	1.306	17.780	82.614	0.360	0.423	0.443	0.352	111.764	842	3903
328	0.138	62.962	82.797	1.401	62.696	82.635	0.529	0.339	0.526	0.333	169.287	2966	3904
329	0.116	80.878	82.830	1.299	80.624	82.677	0.487	0.318	0.464	0.317	5.017	3820	3906
330	0.143	68.068	82.893	1.473	67.797	82.719	0.529	0.360	0.517	0.352	179.793	3212	3908
331	0.129	89.584	82.969	1.371	89.344	82.804	0.508	0.339	0.500	0.328	167.612	4224	3912
332	0.109	106.364	83.091	1.264	106.214	82.889	0.318	0.423	0.430	0.322	102.263	5019	3916
333	0.101	13.953	83.279	1.329	13.737	83.100	0.381	0.360	0.398	0.324	138.969	655	3926
334	0.093	110.394	83.355	1.124	110.236	83.164	0.318	0.381	0.378	0.314	90.100	5215	3929
335	0.152	29.905	83.400	1.471	29.654	83.185	0.529	0.423	0.529	0.365	148.385	1407	3930
336	0.134	27.816	83.477	1.421	27.559	83.312	0.508	0.339	0.523	0.327	14.859	1313	3936
337	0.152	77.282	83.704	1.483	77.026	83.481	0.508	0.444	0.564	0.343	140.208	3643	3944
338	0.097	102.137	83.691	1.154	101.939	83.524	0.381	0.339	0.410	0.302	35.906	4824	3946
339	0.111	58.431	83.835	1.256	58.251	83.630	0.360	0.423	0.447	0.317	59.734	2761	3951
340	0.113	113.525	83.917	1.323	113.305	83.714	0.402	0.402	0.453	0.319	43.467	5367	3955
341	0.096	94.417	84.127	1.167	94.213	83.968	0.402	0.318	0.431	0.285	148.806	4455	3967
342	0.125	75.969	84.250	1.376	75.798	84.011	0.339	0.508	0.500	0.319	89.645	3587	3969
343	0.136	43.100	84.351	1.431	42.862	84.159	0.508	0.381	0.526	0.329	154.785	2028	3976
344	0.130	54.418	84.422	1.371	54.250	84.159	0.339	0.508	0.513	0.323	73.511	2571	3976
345	0.091	12.573	84.449	1.112	12.382	84.286	0.381	0.318	0.382	0.305	152.285	589	3982
346	0.130	58.090	84.801	1.388	57.912	84.540	0.360	0.508	0.518	0.321	68.197	2746	3994
347	0.130	59.912	85.033	1.388	59.711	84.794	0.402	0.466	0.512	0.323	56.240	2832	4006
348	0.112	66.428	85.268	1.286	66.230	85.069	0.381	0.402	0.452	0.317	45.199	3141	4019
349	0.131	62.857	85.273	1.388	62.590	85.090	0.508	0.360	0.508	0.328	15.232	2972	4020
350	0.129	116.130	85.334	1.371	115.888	85.154	0.466	0.360	0.487	0.336	18.903	5487	4023
351	0.121	73.819	85.822	1.329	73.639	85.556	0.339	0.487	0.466	0.331	91.970	3488	4042
352	0.110	63.150	85.930	1.226	62.971	85.704	0.339	0.423	0.443	0.317	65.462	2984	4049
353	0.134	85.981	85.979	1.401	85.725	85.788	0.487	0.381	0.519	0.330	152.634	4057	4053
354	0.108	98.288	86.158	1.256	98.108	85.958	0.381	0.402	0.459	0.301	50.901	4644	4061
355	0.133	10.910	86.171	1.383	10.668	85.979	0.487	0.360	0.512	0.331	160.336	511	4062
356	0.116	74.376	86.348	1.306	74.210	86.127	0.339	0.444	0.467	0.317	73.440	3514	4069
357	0.134	46.179	86.555	1.376	45.953	86.360	0.487	0.381	0.502	0.339	155.450	2175	4080
358	0.136	110.510	86.782	1.418	110.300	86.572	0.444	0.444	0.524	0.331	45.952	5221	4090
359	0.140	42.000	86.836	1.424	41.762	86.614	0.466	0.444	0.551	0.323	136.526	1978	4092
360	0.142	48.529	86.914	1.421	48.281	86.741	0.508	0.339	0.534	0.339	168.956	2286	4098
361	0.122	90.484	86.923	1.341	90.234	86.762	0.487	0.339	0.494	0.314	13.466	4275	4099
362	0.115	115.184	87.000	1.316	114.935	86.847	0.508	0.318	0.488	0.299	12.050	5441	4103
363	0.142	74.579	87.204	1.466	74.380	86.932	0.402	0.529	0.547	0.330	114.564	3519	4107
364	0.103	112.109	87.095	1.221	111.908	86.932	0.402	0.339	0.445	0.296	30.126	5296	4107
365	0.132	59.934	87.251	1.406	59.711	87.037	0.444	0.444	0.517	0.325	44.721	2833	4112
366	0.124	90.533	87.318	1.341	90.297	87.164	0.508	0.318	0.489	0.322	4.095	4272	4118
367	0.125	112.511	87.557	1.346	112.332	87.334	0.381	0.466	0.492	0.325	55.681	5316	4126
368	0.137	61.044	87.672	1.424	60.770	87.461	0.508	0.402	0.516	0.338	28.433	2887	4132
369	0.107	117.033	88.082	1.251	116.882	87.863	0.318	0.444	0.469	0.290	69.713	5528	4151
370	0.140	90.558	88.055	1.413	90.297	87.884	0.529	0.339	0.522	0.341	9.846	4275	4152
371	0.115	92.488	88.089	1.306	92.244	87.948	0.487	0.296	0.488	0.300	172.398	4363	4155
372	0.123	61.248	88.194	1.299	61.024	88.011	0.444	0.360	0.459	0.341	161.471	2889	4158
373	0.101	117.750	88.564	1.184	117.602	88.350	0.318	0.423	0.431	0.299	106.075	5560	4174
374	0.118	66.780	88.567	1.316	66.548	88.371	0.444	0.381	0.471	0.320	37.121	3155	4175
375	0.112	114.878	88.598	1.226	114.681	88.413	0.402	0.360	0.423	0.337	27.324	5426	4177
376	0.140	32.392	88.633	1.426	32.131	88.456	0.508	0.360	0.520	0.342	168.413	1526	4179
377	0.121	111.759	88.669	1.334	111.506	88.477	0.466	0.381	0.479	0.323	26.189	5282	4180
378	0.104	28.045	89.289	1.196	27.876	89.090	0.339	0.402	0.407	0.325	90.053	1322	4209
379	0.132	65.692	89.329	1.376	65.468	89.112	0.444	0.423	0.517	0.325	41.692	3106	4210
380	0.130	90.232	89.310	1.366	89.980	89.154	0.508	0.318	0.514	0.323	178.169	4257	4212
381	0.130	76.801	89.556	1.376	76.581	89.344	0.444	0.423	0.503	0.329	136.538	3622	4221
382	0.136	88.568	89.688	1.418	88.350	89.472	0.444	0.444	0.544	0.319	137.965	4175	4227
383	0.116	55.643	89.706	1.311	55.414	89.535	0.466	0.339	0.481	0.307	161.685	2622	4230
384	0.108	95.834	89.678	1.269	95.589	89.535	0.487	0.296	0.471	0.291	176.204	4525	4230
385	0.142	72.117	90.410	1.468	71.946	90.149	0.339	0.550	0.547	0.331	82.903	3407	4259
386	0.137	52.574	90.449	1.466	52.345	90.234	0.487	0.423	0.541	0.323	143.060	2476	4263
387	0.129	70.005	90.443	1.406	69.744	90.255	0.508	0.381	0.542	0.302	150.047	3300	4264
388	0.141	47.535	90.540	1.438	47.265	90.382	0.529	0.339	0.533	0.337	171.957	2237	4270
389	0.134	70.996	90.602	1.443	70.760	90.382	0.444	0.444	0.532	0.321	43.718	3357	4270
390	0.130	84.578	90.752	1.388	84.328	90.572	0.466	0.381	0.495	0.334	153.333	3989	4279
391	0.122	100.512	90.795	1.371	100.245	90.636	0.529	0.318	0.536	0.289	162.747	4741	4282
392	0.136	67.934	91.004	1.401	67.691	90.805	0.487	0.381	0.502	0.345	156.696	3205	4290
393	0.133	56.072	91.075	1.396	55.880	90.847	0.381	0.466	0.497	0.341	60.556	2649	4292
394	0.111	108.201	91.136	1.311	108.035	90.911	0.339	0.466	0.485	0.291	61.042	5112	4295
395	0.126	81.485	91.194	1.359	81.238	91.017	0.487	0.360	0.501	0.321	157.128	3842	4300
396	0.144	61.030	91.284	1.448	60.748	91.101	0.529	0.381	0.547	0.335	20.690	2883	4304
397	0.133	53.868	91.421	1.408	53.615	91.250	0.487	0.360	0.516	0.327	23.068	2544	4311
398	0.121	73.739	91.521	1.316	73.554	91.292	0.360	0.466	0.497	0.308	62.316	3484	4313
399	0.136	91.955	91.608	1.401	91.694	91.440	0.508	0.360	0.505	0.343	13.464	4344	4320
400	0.134	22.809	91.635	1.383	22.542	91.461	0.508	0.339	0.507	0.335	173.113	1073	4321
401	0.133	52.253	91.619	1.371	52.006	91.461	0.508	0.339	0.517	0.326	168.451	2460	4321
402	0.112	78.096	91.928	1.269	77.851	91.779	0.466	0.318	0.461	0.311	171.318	3683	4336
403	0.129	73.095	92.052	1.353	72.856	91.884	0.487	0.339	0.485	0.339	9.143	3448	4341
404	0.135	74.162	92.055	1.406	73.872	91.884	0.550	0.339	0.528	0.326	167.823	3498	4341
405	0.110	104.224	92.237	1.251	104.076	92.012	0.296	0.466	0.466	0.300	92.284	4921	4347
406	0.134	58.026	92.290	1.388	57.806	92.075	0.466	0.402	0.517	0.331	143.988	2735	4350
407	0.101	114.115	92.718	1.209	113.940	92.520	0.339	0.402	0.421	0.306	64.044	5391	4371
408	0.129	28.756	93.212	1.353	28.512	93.049	0.487	0.339	0.489	0.336	7.837	1355	4396
409	0.118	20.347	93.408	1.294	20.193	93.176	0.318	0.466	0.465	0.323	91.814	958	4402
410	0.108	125.995	93.416	1.256	125.836	93.176	0.318	0.466	0.454	0.304	83.874	5953	4402
411	0.142	77.494	93.460	1.461	77.301	93.197	0.360	0.529	0.520	0.346	96.004	3660	4403
412	0.117	64.308	93.599	1.286	64.093	93.387	0.402	0.402	0.469	0.319	43.355	3040	4412
413	0.126	69.533	93.892	1.359	69.321	93.684	0.402	0.444	0.501	0.320	129.309	3279	4426
414	0.107	110.095	93.933	1.209	109.940	93.726	0.318	0.423	0.429	0.318	75.320	5198	4428
415	0.126	63.757	93.991	1.346	63.521	93.811	0.487	0.360	0.514	0.313	151.961	3003	4432
416	0.126	89.039	93.988	1.341	88.794	93.832	0.508	0.318	0.514	0.313	169.941	4198	4433
417	0.135	71.355	94.160	1.413	71.099	93.980	0.508	0.360	0.518	0.331	19.944	3372	4440
418	0.124	42.768	94.273	1.346	42.503	94.086	0.487	0.360	0.495	0.318	20.880	2023	4445
419	0.141	24.476	94.287	1.426	24.215	94.128	0.529	0.339	0.532	0.337	5.079	1152	4447
420	0.134	91.999	94.351	1.396	91.758	94.170	0.487	0.360	0.504	0.337	19.105	4344	4449
421	0.126	37.066	94.502	1.341	36.894	94.276	0.360	0.466	0.482	0.332	65.985	1752	4454
422	0.141	76.787	94.485	1.443	76.539	94.298	0.529	0.360	0.539	0.332	163.308	3621	4455
423	0.103	117.579	94.581	1.221	117.369	94.424	0.423	0.318	0.461	0.286	26.490	5554	4461
424	0.122	73.379	94.954	1.346	73.173	94.742	0.402	0.444	0.523	0.298	127.811	3459	4476
425	0.116	98.081	94.893	1.264	97.854	94.742	0.444	0.318	0.459	0.322	169.274	4627	4476
426	0.121	86.220	95.155	1.353	85.979	94.996	0.508	0.318	0.504	0.306	170.765	4067	4488
427	0.110	59.768	95.233	1.256	59.542	95.060	0.444	0.339	0.450	0.311	21.911	2826	4491
428	0.130	77.882	95.651	1.359	77.682	95.419	0.402	0.444	0.509	0.325	129.072	3674	4508
429	0.129	110.994	95.614	1.359	110.744	95.419	0.487	0.360	0.492	0.333	18.445	5244	4508
430	0.123	112.053	95.688	1.341	111.887	95.419	0.318	0.508	0.493	0.317	97.198	5294	4508
431	0.139	34.155	95.743	1.448	33.909	95.525	0.487	0.423	0.539	0.328	36.662	1616	4513
432	0.106	111.507	95.821	1.226	111.337	95.589	0.318	0.444	0.434	0.312	83.229	5269	4516
433	0.140	114.964	95.868	1.461	114.766	95.589	0.381	0.529	0.541	0.330	67.190	5433	4516
434	0.117	107.839	96.305	1.306	107.696	96.076	0.318	0.466	0.473	0.316	92.313	5091	4539
435	0.126	53.670	96.378	1.346	53.425	96.202	0.466	0.381	0.482	0.334	149.980	2529	4545
436	0.122	62.627	96.543	1.329	62.442	96.308	0.360	0.466	0.488	0.319	63.211	2960	4550
437	0.133	81.816	96.556	1.406	81.619	96.308	0.402	0.487	0.504	0.336	119.824	3862	4550
438	0.128	53.070	96.583	1.383	52.896	96.330	0.339	0.508	0.526	0.309	109.304	2504	4551
439	0.134	100.450	96.660	1.396	100.182	96.499	0.529	0.318	0.540	0.317	6.694	4744	4559
440	0.121	66.018	96.906	1.336	65.850	96.668	0.339	0.466	0.489	0.316	69.241	3121	4567
441	0.147	52.184	97.273	1.480	51.922	97.113	0.550	0.339	0.555	0.337	6.538	2460	4588
442	0.118	86.050	97.586	1.321	85.831	97.388	0.444	0.402	0.492	0.305	147.885	4061	4601
443	0.112	112.287	97.696	1.269	112.099	97.494	0.381	0.402	0.445	0.321	52.913	5305	4606
444	0.121	82.380	97.949	1.329	82.190	97.726	0.381	0.444	0.474	0.324	116.947	3887	4617
445	0.118	46.547	98.217	1.311	46.397	97.980	0.318	0.487	0.486	0.309	102.743	2194	4629
446	0.131	118.083	98.275	1.353	117.835	98.108	0.487	0.339	0.502	0.333	10.776	5579	4635
447	0.138	78.421	98.511	1.461	78.168	98.319	0.508	0.381	0.535	0.328	156.927	3699	4645
448	0.123	63.467	98.812	1.341	63.288	98.573	0.360	0.466	0.491	0.320	116.175	2994	4657
449	0.136	66.983	98.879	1.413	66.802	98.658	0.402	0.466	0.509	0.340	58.112	3164	4661
450	0.137	115.541	99.056	1.443	115.358	98.806	0.381	0.487	0.536	0.325	64.239	5459	4668
451	0.121	101.592	99.023	1.341	101.346	98.848	0.466	0.339	0.482	0.319	6.983	4801	4670
452	0.125	64.514	99.605	1.323	64.347	99.378	0.339	0.466	0.488	0.325	71.210	3046	4695
453	0.137	111.896	100.039	1.421	111.739	99.780	0.318	0.529	0.546	0.318	84.028	5284	4714
454	0.124	73.020	100.362	1.329	72.771	100.182	0.466	0.360	0.467	0.337	162.696	3447	4733
455	0.128	104.842	100.522	1.371	104.648	100.288	0.381	0.466	0.521	0.313	56.628	4954	4738
456	0.134	105.288	100.819	1.396	105.092	100.584	0.381	0.466	0.535	0.319	57.282	4975	4752
457	0.130	58.629	101.040	1.369	58.420	100.817	0.444	0.444	0.516	0.322	131.418	2763	4763
458	0.136	75.126	101.153	1.413	74.866	100.986	0.529	0.339	0.542	0.320	17.022	3547	4771
459	0.120	96.938	101.147	1.281	96.710	100.986	0.466	0.318	0.466	0.327	174.273	4574	4771
460	0.137	68.817	101.264	1.396	68.580	101.071	0.466	0.381	0.494	0.353	26.591	3251	4775
461	0.129	61.213	101.511	1.353	60.981	101.325	0.466	0.360	0.503	0.328	21.761	2892	4787
462	0.144	67.268	101.553	1.466	67.014	101.346	0.508	0.423	0.553	0.332	36.715	3179	4788
463	0.126	99.485	101.711	1.336	99.250	101.536	0.466	0.339	0.485	0.330	13.808	4700	4797
464	0.148	40.337	101.950	1.461	40.132	101.685	0.402	0.508	0.540	0.349	60.514	1906	4804
465	0.135	98.977	102.008	1.413	98.742	101.812	0.487	0.381	0.524	0.329	23.214	4679	4810
466	0.141	54.791	102.077	1.421	54.525	101.918	0.529	0.318	0.543	0.330	6.454	2583	4815
467	0.116	114.130	102.327	1.286	113.961	102.108	0.339	0.466	0.447	0.331	73.411	5392	4824
468	0.116	44.902	102.439	1.353	44.704	102.193	0.360	0.466	0.506	0.293	63.254	2122	4828
469	0.103	114.904	102.581	1.184	114.744	102.383	0.318	0.423	0.415	0.316	82.705	5426	4837
470	0.122	86.989	102.838	1.329	86.762	102.658	0.466	0.360	0.487	0.319	159.906	4104	4850
471	0.134	12.403	102.879	1.383	12.150	102.701	0.487	0.360	0.494	0.344	8.542	588	4852
472	0.134	80.984	102.990	1.461	80.814	102.701	0.360	0.550	0.541	0.315	109.421	3824	4852
473	0.132	117.228	103.001	1.388	117.052	102.743	0.339	0.529	0.517	0.326	80.995	5538	4854
474	0.130	35.821	103.113	1.406	35.602	102.870	0.423	0.466	0.519	0.319	52.166	1696	4860
475	0.122	56.291	103.145	1.334	56.092	102.891	0.381	0.466	0.475	0.328	61.014	2662	4861
476	0.134	88.731	103.386	1.394	88.519	103.145	0.423	0.466	0.522	0.328	130.110	4187	4873
477	0.115	93.948	103.309	1.281	93.705	103.166	0.487	0.296	0.477	0.306	176.052	4432	4874
478	0.142	72.690	103.632	1.468	72.517	103.357	0.339	0.550	0.553	0.327	86.066	3433	4883
479	0.139	93.021	103.706	1.406	92.752	103.526	0.529	0.360	0.519	0.341	17.437	4394	4891
480	0.121	105.058	103.872	1.346	104.881	103.653	0.360	0.487	0.480	0.319	72.177	4962	4897
481	0.122	88.484	104.664	1.353	88.244	104.500	0.487	0.318	0.493	0.315	169.649	4175	4937
482	0.143	43.002	104.921	1.450	42.841	104.648	0.318	0.550	0.553	0.329	88.647	2030	4944
483	0.137	30.165	104.944	1.413	29.930	104.754	0.487	0.381	0.520	0.335	155.414	1417	4949
484	0.052	6.877	105.113	0.885	6.773	104.944	0.212	0.318	0.329	0.199	115.647	321	4958
485	0.138	72.203	105.222	1.394	71.988	104.987	0.423	0.466	0.506	0.347	52.830	3412	4960
486	0.131	109.146	105.196	1.413	108.902	105.008	0.487	0.381	0.525	0.317	31.724	5158	4961
487	0.116	110.983	105.476	1.299	110.808	105.241	0.360	0.444	0.468	0.317	62.798	5244	4972
488	0.098	111.925	105.545	1.159	111.760	105.346	0.339	0.402	0.417	0.298	61.204	5288	4977
489	0.136	79.140	105.759	1.433	78.973	105.495	0.318	0.529	0.553	0.313	94.777	3735	4984
490	0.117	93.493	106.125	1.286	93.282	105.939	0.423	0.381	0.481	0.311	40.578	4416	5005
491	0.136	92.255	106.195	1.394	92.012	105.982	0.466	0.423	0.525	0.330	140.641	4351	5007
492	0.129	91.217	106.537	1.388	91.038	106.278	0.360	0.508	0.522	0.316	116.165	4306	5021
493	0.148	93.424	106.534	1.461	93.154	106.341	0.508	0.402	0.526	0.358	157.749	4408	5024
494	0.135	68.212	106.693	1.401	68.030	106.447	0.360	0.508	0.524	0.327	109.235	3218	5029
495	0.140	82.549	106.958	1.418	82.296	106.765	0.487	0.402	0.532	0.335	146.553	3892	5044
496	0.106	44.469	107.076	1.256	44.260	106.892	0.402	0.360	0.440	0.307	37.683	2100	5050
497	0.136	57.517	107.237	1.421	57.362	106.976	0.318	0.529	0.553	0.313	102.527	2711	5054
498	0.122	43.022	107.332	1.311	42.841	107.103	0.360	0.444	0.490	0.316	119.748	2027	5060
499	0.104	71.832	107.338	1.209	71.670	107.124	0.318	0.423	0.441	0.301	111.931	3390	5061
500	0.128	70.271	107.334	1.366	70.040	107.146	0.466	0.360	0.497	0.327	158.108	3315	5062
501	0.146	119.592	107.488	1.498	119.401	107.230	0.381	0.508	0.554	0.335	115.287	5645	5066
502	0.147	113.260	107.488	1.503	113.009	107.273	0.487	0.444	0.563	0.333	37.737	5353	5068
503	0.149	71.176	107.510	1.503	70.951	107.294	0.466	0.466	0.544	0.349	48.025	3362	5069
504	0.140	11.256	107.577	1.418	10.986	107.400	0.529	0.360	0.529	0.337	163.498	524	5074
505	0.127	52.962	107.728	1.346	52.768	107.484	0.381	0.466	0.485	0.333	57.320	2503	5078
506	0.129	19.336	107.775	1.339	19.114	107.569	0.444	0.423	0.478	0.344	138.390	907	5082
507	0.137	90.843	107.985	1.424	90.614	107.760	0.444	0.466	0.529	0.330	127.119	4286	5091
508	0.143	21.063	108.070	1.456	20.892	107.802	0.360	0.529	0.547	0.333	72.745	996	5093
509	0.136	95.717	108.451	1.413	95.462	108.268	0.508	0.360	0.513	0.338	5.798	4522	5115
510	0.131	53.130	108.577	1.394	52.896	108.352	0.444	0.444	0.510	0.327	44.485	2513	5119
511	0.128	56.357	108.583	1.353	56.155	108.373	0.402	0.423	0.501	0.326	50.836	2662	5120
512	0.133	102.139	108.615	1.383	101.896	108.437	0.508	0.339	0.511	0.331	7.102	4827	5123
513	0.139	94.428	108.627	1.438	94.170	108.458	0.529	0.339	0.536	0.330	171.371	4457	5124
514	0.151	15.922	108.793	1.480	15.642	108.627	0.550	0.339	0.560	0.344	172.813	744	5132
515	0.116	82.141	108.811	1.286	81.915	108.627	0.444	0.360	0.469	0.316	149.392	3874	5132
516	0.129	86.810	108.853	1.359	86.572	108.670	0.487	0.360	0.502	0.329	155.968	4093	5134
517	0.125	34.067	108.954	1.371	33.846	108.733	0.423	0.423	0.507	0.313	44.553	1614	5137
518	0.133	52.182	108.924	1.396	51.922	108.776	0.529	0.318	0.512	0.331	178.633	2457	5139
519	0.147	68.430	109.299	1.448	68.199	109.072	0.466	0.444	0.536	0.349	40.740	3234	5153
520	0.125	95.612	109.399	1.371	95.440	109.157	0.360	0.466	0.492	0.325	111.702	4514	5157
521	0.118	116.933	109.380	1.304	116.755	109.157	0.360	0.466	0.485	0.310	65.521	5523	5157
522	0.127	30.239	109.524	1.371	30.057	109.284	0.360	0.487	0.506	0.320	67.474	1430	5163
523	0.120	97.241	109.470	1.353	97.007	109.284	0.466	0.360	0.499	0.307	26.189	4600	5163
524	0.124	73.856	109.540	1.329	73.618	109.368	0.487	0.339	0.481	0.327	167.296	3483	5167
525	0.126	61.582	109.838	1.353	61.404	109.622	0.360	0.466	0.488	0.329	63.412	2908	5179
526	0.129	77.895	109.987	1.396	77.660	109.813	0.487	0.360	0.521	0.317	24.725	3680	5188
527	0.125	110.365	110.183	1.388	110.172	109.918	0.381	0.487	0.521	0.306	58.101	5218	5193
528	0.134	62.612	110.192	1.388	62.421	109.940	0.381	0.487	0.524	0.326	61.954	2959	5194
529	0.123	119.706	110.263	1.346	119.528	110.024	0.360	0.487	0.475	0.331	109.918	5653	5198
530	0.121	46.274	110.364	1.346	46.080	110.130	0.381	0.466	0.496	0.312	58.727	2188	5203
531	0.121	104.441	110.750	1.334	104.225	110.511	0.402	0.444	0.481	0.322	48.749	4939	5221
532	0.127	54.969	110.829	1.346	54.779	110.596	0.381	0.466	0.520	0.311	58.085	2597	5225
533	0.129	76.105	110.985	1.346	75.904	110.765	0.402	0.444	0.504	0.325	127.946	3589	5233
534	0.140	60.804	111.067	1.438	60.621	110.829	0.360	0.508	0.537	0.332	109.453	2865	5236
535	0.142	65.354	111.041	1.443	65.088	110.871	0.550	0.339	0.539	0.335	3.943	3088	5238
536	0.138	96.168	111.215	1.426	95.906	111.040	0.529	0.339	0.534	0.328	166.598	4537	5246
537	0.125	101.447	111.236	1.323	101.219	111.062	0.466	0.339	0.501	0.316	160.465	4785	5247
538	0.124	84.765	111.797	1.371	84.540	111.591	0.444	0.402	0.492	0.321	33.199	4010	5272
539	0.126	91.317	112.109	1.346	91.101	111.887	0.423	0.423	0.504	0.318	49.333	4315	5286
540	0.148	51.506	112.132	1.466	51.266	111.908	0.487	0.444	0.553	0.341	37.873	2436	5287
541	0.143	98.886	112.182	1.443	98.700	111.929	0.381	0.508	0.528	0.345	112.896	4669	5288
542	0.146	111.580	112.330	1.491	111.337	112.099	0.466	0.466	0.558	0.332	44.531	5273	5296
543	0.118	103.916	112.380	1.281	103.738	112.162	0.339	0.444	0.473	0.319	109.437	4904	5299
544	0.121	42.685	112.536	1.329	42.524	112.268	0.318	0.508	0.490	0.313	82.515	2017	5304
545	0.146	101.788	112.797	1.508	101.579	112.522	0.402	0.550	0.586	0.317	118.677	4804	5316
546	0.110	41.807	112.796	1.294	41.656	112.543	0.296	0.487	0.479	0.293	77.894	1976	5317
547	0.137	67.808	113.420	1.401	67.628	113.157	0.360	0.508	0.529	0.329	69.008	3204	5346
548	0.132	54.635	113.521	1.383	54.398	113.348	0.487	0.360	0.501	0.336	14.506	2579	5355
549	0.136	43.299	113.739	1.436	43.032	113.517	0.487	0.423	0.515	0.337	36.375	2048	5363
550	0.129	19.209	114.023	1.329	19.008	113.813	0.423	0.402	0.463	0.356	140.219	902	5377
551	0.121	114.682	114.484	1.311	114.469	114.279	0.402	0.402	0.483	0.318	42.304	5420	5399
552	0.141	72.277	114.701	1.436	72.094	114.448	0.381	0.529	0.526	0.342	104.296	3410	5407
553	0.134	101.705	114.729	1.401	101.536	114.469	0.339	0.529	0.514	0.333	94.138	4802	5408
554	0.149	37.973	115.020	1.521	37.761	114.744	0.423	0.529	0.579	0.327	57.870	1798	5421
555	0.119	84.930	115.040	1.261	84.709	114.850	0.423	0.381	0.445	0.340	32.912	4012	5426
556	0.126	37.385	115.269	1.371	37.148	115.062	0.444	0.402	0.510	0.315	39.575	1769	5436
557	0.132	116.705	115.354	1.383	116.544	115.104	0.339	0.508	0.499	0.337	84.297	5511	5438
558	0.128	86.734	115.440	1.371	86.550	115.189	0.360	0.487	0.499	0.327	108.951	4094	5442
559	0.125	58.802	115.608	1.359	58.632	115.358	0.339	0.508	0.517	0.307	69.583	2779	5450
560	0.138	97.719	115.620	1.406	97.494	115.380	0.423	0.466	0.529	0.332	50.477	4620	5451
561	0.129	64.882	115.742	1.376	64.706	115.485	0.360	0.508	0.522	0.313	114.012	3060	5456
562	0.131	58.412	116.029	1.413	58.251	115.761	0.339	0.529	0.521	0.319	103.844	2755	5469
563	0.129	37.968	116.211	1.388	37.740	115.972	0.423	0.444	0.510	0.322	53.137	1795	5479
564	0.123	43.713	116.190	1.323	43.540	115.972	0.360	0.444	0.487	0.321	58.304	2064	5479
565	0.120	62.448	116.345	1.323	62.272	116.099	0.339	0.466	0.459	0.332	91.505	2951	5485
566	0.134	67.232	116.563	1.448	67.056	116.268	0.360	0.550	0.535	0.318	79.718	3175	5493
567	0.121	87.050	116.527	1.323	86.804	116.374	0.487	0.318	0.487	0.317	10.011	4109	5498
568	0.136	89.948	117.379	1.413	89.683	117.221	0.529	0.339	0.506	0.343	172.146	4242	5538
569	0.125	26.911	117.586	1.353	26.755	117.327	0.318	0.508	0.503	0.315	86.081	1269	5543
570	0.124	70.711	118.144	1.323	70.548	117.898	0.318	0.487	0.480	0.329	84.971	3341	5570
571	0.134	68.920	118.430	1.413	68.728	118.216	0.402	0.466	0.504	0.339	58.452	3255	5585
572	0.132	31.993	118.720	1.401	31.814	118.449	0.360	0.508	0.504	0.334	98.843	1510	5596
573	0.134	49.964	118.785	1.406	49.699	118.576	0.487	0.402	0.501	0.340	29.782	2364	5602
574	0.130	62.632	118.820	1.388	62.442	118.576	0.381	0.487	0.519	0.320	117.880	2954	5602
575	0.132	68.443	119.217	1.396	68.262	118.978	0.360	0.487	0.508	0.331	75.665	3233	5621
576	0.121	58.075	120.510	1.371	57.912	120.269	0.318	0.529	0.509	0.303	84.396	2741	5682
577	0.141	29.807	121.005	1.456	29.612	120.756	0.381	0.508	0.544	0.329	63.749	1409	5705
578	0.118	77.992	121.101	1.281	77.830	120.883	0.318	0.466	0.461	0.326	90.204	3682	5711
579	0.126	18.958	121.589	1.341	18.796	121.327	0.318	0.508	0.505	0.318	80.201	895	5732
580	0.124	17.113	122.476	1.329	16.891	122.280	0.444	0.381	0.484	0.326	151.383	801	5777
581	0.141	69.798	122.655	1.450	69.638	122.386	0.318	0.550	0.557	0.323	95.437	3295	5782
582	0.128	100.855	122.646	1.336	100.605	122.492	0.487	0.318	0.498	0.327	175.985	4758	5787
583	0.125	85.938	122.951	1.348	85.788	122.703	0.296	0.508	0.518	0.306	85.207	4058	5797
584	0.155	114.932	123.781	1.558	114.766	123.486	0.339	0.614	0.599	0.329	82.338	5429	5834
585	0.128	91.683	124.844	1.371	91.461	124.629	0.423	0.423	0.500	0.326	46.053	4334	5888
586	0.149	32.584	125.384	1.493	32.343	125.201	0.508	0.381	0.560	0.338	24.184	1539	5915
587	0.128	96.106	126.728	1.346	95.864	126.534	0.466	0.381	0.507	0.322	32.217	4541	5978
588	0.126	52.325	126.996	1.346	52.112	126.788	0.444	0.402	0.510	0.314	141.524	2465	5990
589	0.124	114.278	127.252	1.371	114.110	127	0.318	0.529	0.516	0.306	86.261	5397	6000
590	0.144	66.766	127.400	1.466	66.506	127.169	0.487	0.444	0.557	0.330	40.176	3157	6008
591	0.128	79.865	127.535	1.371	79.650	127.318	0.423	0.423	0.487	0.335	46.323	3777	6015
592	0.142	106.046	127.876	1.424	105.833	127.635	0.423	0.487	0.531	0.339	124.211	5004	6030
593	0.112	82.928	127.966	1.294	82.783	127.741	0.296	0.487	0.486	0.292	73.968	3917	6035
594	0.140	107.995	128.055	1.413	107.738	127.889	0.529	0.339	0.522	0.341	174.597	5094	6042
595	0.126	26.084	128.318	1.336	25.908	128.080	0.339	0.466	0.476	0.336	90.219	1230	6051
596	0.138	84.531	128.347	1.426	84.349	128.101	0.360	0.508	0.509	0.344	88.020	3993	6052
597	0.123	107.367	128.297	1.371	107.146	128.101	0.444	0.402	0.473	0.331	144.990	5067	6052
598	0.120	99.799	128.454	1.304	99.589	128.228	0.402	0.423	0.481	0.318	47.833	4717	6058
599	0.123	118.048	128.474	1.304	117.856	128.249	0.381	0.444	0.458	0.341	122.881	5574	6059
600	0.145	46.789	128.725	1.448	46.546	128.524	0.508	0.402	0.526	0.350	156.913	2203	6072
601	0.112	40.522	129.095	1.274	40.322	128.926	0.444	0.360	0.441	0.324	17.787	1911	6091
602	0.119	94.555	129.450	1.353	94.403	129.180	0.296	0.529	0.522	0.291	80.418	4468	6103
603	0.154	105.222	129.557	1.535	104.944	129.371	0.529	0.381	0.567	0.345	22.481	4972	6112
604	0.138	119.170	129.825	1.376	118.957	129.604	0.423	0.444	0.516	0.340	131.796	5623	6123
605	0.140	121.381	130.243	1.413	121.200	130.006	0.360	0.508	0.520	0.343	105.439	5728	6142
606	0.141	105.009	130.277	1.431	104.775	130.048	0.444	0.444	0.520	0.344	46.814	4963	6144
607	0.116	49.288	130.360	1.371	49.128	130.112	0.318	0.529	0.513	0.289	101.332	2325	6147
608	0.140	29.590	130.935	1.413	29.400	130.683	0.381	0.487	0.513	0.348	110.355	1395	6174
609	0.110	33.417	131.159	1.274	33.232	130.937	0.360	0.444	0.464	0.301	118.127	1575	6186
610	0.176	98.919	131.256	1.715	98.594	131.064	0.656	0.360	0.656	0.342	170.013	4670	6192
611	0.134	35.571	131.537	1.383	35.370	131.297	0.402	0.444	0.488	0.348	120.290	1677	6203
612	0.132	84.079	131.573	1.383	83.926	131.297	0.318	0.529	0.519	0.323	93.573	3969	6203
613	0.135	55.087	131.605	1.388	54.843	131.424	0.508	0.360	0.513	0.335	19.905	2602	6209
614	0.142	53.650	131.825	1.450	53.404	131.636	0.487	0.381	0.548	0.329	28.589	2535	6219
615	0.110	60.028	132.275	1.244	59.817	132.080	0.402	0.381	0.461	0.305	41.064	2837	6240
616	0.121	78.841	132.719	1.329	78.634	132.524	0.423	0.402	0.482	0.321	40.524	3725	6261
617	0.117	23.438	132.919	1.329	23.262	132.673	0.339	0.466	0.460	0.324	81.480	1107	6268
618	0.111	109.708	133.379	1.239	109.538	133.160	0.339	0.423	0.454	0.312	61.501	5184	6291
619	0.121	97.520	133.484	1.323	97.367	133.244	0.318	0.487	0.498	0.310	83.148	4605	6295
620	0.108	34.998	133.730	1.214	34.798	133.540	0.381	0.381	0.431	0.318	136.356	1650	6309
621	0.127	11.600	133.915	1.383	11.366	133.668	0.423	0.423	0.411	0.395	69.282	546	6315
622	0.125	102.979	133.932	1.329	102.806	133.689	0.339	0.487	0.493	0.322	73.472	4864	6316
623	0.122	40.555	134.729	1.329	40.386	134.493	0.360	0.466	0.470	0.331	106.324	1913	6354
624	0.098	30.266	134.903	1.167	30.099	134.726	0.339	0.381	0.387	0.322	113.261	1424	6365
