 	Area	X	Y	Perim.	BX	BY	Width	Height	Major	Minor	Angle	XStart	YStart
1	0.132	39.629	12.953	1.371	39.455	12.700	0.360	0.487	0.485	0.346	91.607	1872	600
2	0.052	116.294	14.537	0.883	116.163	14.372	0.275	0.296	0.280	0.237	117.015	5492	679
3	0.135	36.466	14.793	1.503	36.153	14.605	0.572	0.360	0.536	0.321	177.090	1719	690
4	0.111	107.249	16.069	1.286	106.998	15.917	0.508	0.296	0.488	0.290	174.115	5062	752
5	0.103	97.520	16.374	1.274	97.367	16.129	0.296	0.487	0.478	0.276	79.150	4607	762
6	0.123	25.921	16.460	1.359	25.739	16.235	0.360	0.487	0.473	0.331	108.834	1221	767
7	0.061	97.813	17.732	1.027	97.621	17.611	0.381	0.254	0.382	0.203	160.616	4620	832
8	0.125	51.680	19.467	1.353	51.520	19.219	0.339	0.487	0.491	0.323	99.328	2440	908
9	0.136	71.145	19.938	1.413	70.972	19.685	0.339	0.508	0.510	0.340	93.808	3358	930
10	0.049	41.018	20.204	0.907	40.852	20.087	0.339	0.233	0.329	0.191	158.697	1933	949
11	0.141	31.442	20.571	1.436	31.242	20.320	0.402	0.487	0.502	0.357	119.170	1481	960
12	0.052	68.789	21.071	0.955	68.622	20.934	0.339	0.275	0.371	0.177	38.931	3252	989
13	0.108	94.457	21.170	1.279	94.298	20.934	0.318	0.466	0.456	0.302	99.961	4460	989
14	0.132	40.042	22.844	1.359	39.836	22.627	0.402	0.444	0.462	0.363	126.440	1888	1069
15	0.111	46.605	23.645	1.256	46.376	23.474	0.423	0.360	0.462	0.306	149.055	2197	1109
16	0.093	18.666	25.433	1.147	18.521	25.210	0.296	0.444	0.417	0.284	97.845	881	1191
17	0.120	124.556	25.644	1.294	124.333	25.485	0.444	0.339	0.455	0.335	168.446	5878	1204
18	0.115	105.728	25.779	1.329	105.558	25.527	0.318	0.487	0.481	0.304	79.819	4995	1206
19	0.141	69.788	26.253	1.408	69.554	26.056	0.444	0.402	0.475	0.379	146.143	3291	1231
20	0.144	67.348	26.773	1.461	67.098	26.564	0.487	0.402	0.507	0.361	152.740	3176	1255
21	0.119	41.229	27.691	1.299	41.021	27.496	0.402	0.402	0.458	0.331	41.592	1947	1299
22	0.117	39.781	28.090	1.316	39.603	27.876	0.381	0.423	0.468	0.319	126.780	1873	1317
23	0.131	109.558	28.192	1.376	109.368	27.940	0.360	0.487	0.483	0.345	74.603	5178	1320
24	0.145	35.595	28.531	1.456	35.327	28.342	0.529	0.360	0.533	0.347	7.204	1681	1339
25	0.131	65.946	28.816	1.436	65.701	28.617	0.466	0.402	0.490	0.340	29.311	3116	1352
26	0.116	116.355	29.825	1.274	116.163	29.633	0.402	0.402	0.449	0.330	43.445	5497	1400
27	0.131	30.263	30.002	1.371	30.036	29.824	0.466	0.360	0.461	0.362	170.500	1427	1409
28	0.099	110.289	30.080	1.154	110.130	29.887	0.339	0.381	0.383	0.328	97.079	5208	1412
29	0.125	118.625	30.141	1.329	118.449	29.930	0.381	0.444	0.495	0.323	56.477	5603	1414
30	0.135	66.567	30.463	1.396	66.315	30.290	0.508	0.339	0.500	0.344	178.006	3140	1431
31	0.127	110.648	30.952	1.359	110.469	30.692	0.360	0.487	0.488	0.331	72.528	5227	1450
32	0.125	85.822	31.639	1.376	85.598	31.454	0.487	0.381	0.490	0.326	155.817	4047	1486
33	0.124	55.383	31.762	1.311	55.160	31.581	0.444	0.360	0.458	0.345	159.237	2612	1492
34	0.116	56.080	31.816	1.316	55.838	31.644	0.487	0.339	0.495	0.297	157.605	2643	1495
35	0.119	44.648	31.941	1.316	44.471	31.708	0.360	0.466	0.500	0.303	60.377	2111	1498
36	0.124	32.630	32.743	1.311	32.448	32.533	0.381	0.423	0.452	0.348	57.536	1541	1537
37	0.128	35.085	35.024	1.376	34.840	34.819	0.466	0.402	0.496	0.329	29.888	1663	1645
38	0.138	54.585	35.081	1.426	54.314	34.904	0.529	0.339	0.539	0.326	179.592	2578	1649
39	0.123	106.569	35.247	1.311	106.341	35.073	0.466	0.339	0.461	0.339	170.944	5031	1657
40	0.121	56.213	35.332	1.286	56.007	35.137	0.423	0.381	0.468	0.328	146.729	2650	1660
41	0.125	122.484	35.642	1.376	122.216	35.475	0.529	0.318	0.514	0.311	8.815	5785	1676
42	0.118	73.275	35.725	1.339	73.046	35.518	0.444	0.402	0.473	0.318	35.308	3466	1678
43	0.128	54.110	35.773	1.341	53.869	35.602	0.487	0.339	0.492	0.332	167.028	2551	1682
44	0.123	65.671	36.353	1.299	65.447	36.174	0.444	0.360	0.443	0.354	157.500	3096	1709
45	0.109	54.365	36.394	1.251	54.144	36.237	0.444	0.318	0.451	0.308	167.161	2562	1712
46	0.111	53.535	37.232	1.281	53.340	37.063	0.402	0.381	0.461	0.306	40.176	2527	1751
47	0.124	104.272	37.720	1.329	104.098	37.486	0.360	0.466	0.477	0.332	108.240	4923	1771
48	0.108	43.751	37.854	1.226	43.561	37.656	0.360	0.402	0.445	0.310	125.273	2063	1779
49	0.112	69.350	38.374	1.256	69.130	38.206	0.444	0.339	0.451	0.315	27.439	3275	1805
50	0.133	115.853	38.540	1.426	115.697	38.269	0.318	0.550	0.551	0.308	90.723	5472	1808
51	0.108	58.233	38.526	1.221	58.018	38.375	0.423	0.318	0.428	0.320	9.827	2748	1813
52	0.119	73.526	38.602	1.323	73.364	38.375	0.318	0.487	0.480	0.315	89.428	3471	1813
53	0.109	49.036	38.792	1.274	48.853	38.587	0.381	0.423	0.483	0.287	52.737	2317	1823
54	0.126	91.535	38.914	1.371	91.334	38.693	0.402	0.444	0.495	0.325	52.989	4325	1828
55	0.125	71.756	38.934	1.359	71.501	38.756	0.487	0.360	0.510	0.311	19.675	3393	1831
56	0.129	39.736	39.075	1.353	39.560	38.841	0.360	0.466	0.488	0.338	75.202	1876	1835
57	0.087	70.425	39.176	1.124	70.231	39.010	0.381	0.318	0.404	0.274	28.575	3329	1843
58	0.117	96.599	39.934	1.348	96.456	39.666	0.275	0.529	0.533	0.280	88.615	4562	1874
59	0.126	24.309	39.979	1.376	24.088	39.772	0.444	0.423	0.509	0.315	37.815	1151	1879
60	0.115	25.540	40.270	1.329	25.379	40.005	0.318	0.508	0.478	0.307	91.354	1208	1890
61	0.126	67.014	40.633	1.311	66.802	40.450	0.444	0.360	0.462	0.347	165.069	3160	1911
62	0.101	112.982	40.704	1.214	112.818	40.513	0.339	0.423	0.430	0.300	66.717	5336	1914
63	0.103	85.898	40.783	1.221	85.746	40.555	0.296	0.444	0.458	0.286	100.054	4055	1916
64	0.126	87.477	41.065	1.316	87.249	40.873	0.444	0.381	0.453	0.354	156.608	4129	1931
65	0.116	25.143	41.047	1.299	24.892	40.894	0.487	0.318	0.483	0.307	173.261	1182	1932
66	0.105	85.008	41.106	1.214	84.836	40.894	0.339	0.423	0.452	0.296	59.818	4017	1932
67	0.122	120.359	41.091	1.311	120.142	40.894	0.423	0.381	0.469	0.332	34.463	5688	1932
68	0.130	119.878	41.246	1.359	119.698	41.021	0.381	0.466	0.480	0.345	114.507	5658	1938
69	0.141	122.239	41.529	1.473	121.984	41.338	0.508	0.381	0.544	0.330	153.094	5766	1953
70	0.097	71.453	41.552	1.137	71.268	41.381	0.360	0.339	0.367	0.336	44.170	3373	1955
71	0.114	97.550	41.576	1.274	97.346	41.381	0.402	0.402	0.470	0.310	42.691	4608	1955
72	0.093	75.512	41.611	1.161	75.374	41.402	0.275	0.423	0.439	0.269	74.539	3567	1956
73	0.105	121.474	41.693	1.209	121.327	41.466	0.296	0.444	0.446	0.299	87.912	5736	1959
74	0.129	75.921	41.897	1.383	75.756	41.635	0.360	0.487	0.504	0.327	116.771	3581	1967
75	0.104	16.617	41.964	1.184	16.404	41.804	0.423	0.318	0.437	0.303	162.107	779	1975
76	0.115	44.788	42.296	1.304	44.598	42.079	0.381	0.444	0.472	0.309	125.235	2111	1988
77	0.124	113.271	42.355	1.329	113.094	42.143	0.381	0.444	0.493	0.319	54.802	5350	1991
78	0.108	46.339	42.554	1.261	46.143	42.354	0.381	0.423	0.475	0.290	126.912	2184	2001
79	0.112	60.009	42.773	1.299	59.817	42.587	0.402	0.381	0.465	0.308	42.493	2835	2012
80	0.108	48.569	42.802	1.239	48.345	42.651	0.444	0.318	0.465	0.295	161.202	2287	2015
81	0.116	80.003	42.817	1.286	79.756	42.651	0.487	0.318	0.463	0.320	179.188	3776	2015
82	0.117	77.623	42.955	1.281	77.385	42.799	0.466	0.318	0.460	0.325	168.912	3661	2022
83	0.112	19.561	43.442	1.286	19.304	43.286	0.487	0.318	0.459	0.310	8.761	924	2045
84	0.114	67.780	43.614	1.304	67.564	43.413	0.423	0.381	0.460	0.315	37.266	3203	2051
85	0.099	79.159	43.699	1.191	79.015	43.498	0.296	0.423	0.440	0.287	76.147	3738	2055
86	0.104	73.486	43.732	1.232	73.279	43.561	0.444	0.339	0.435	0.306	17.100	3470	2058
87	0.115	75.018	43.961	1.269	74.803	43.794	0.444	0.339	0.469	0.312	23.562	3541	2069
88	0.111	86.052	44.035	1.269	85.873	43.815	0.339	0.444	0.472	0.300	112.070	4061	2070
89	0.110	76.855	44.186	1.239	76.623	44.027	0.444	0.318	0.446	0.314	10.614	3628	2080
90	0.116	104.498	44.219	1.269	104.267	44.048	0.444	0.339	0.463	0.318	158.928	4932	2081
91	0.115	56.965	44.486	1.281	56.748	44.302	0.423	0.360	0.468	0.314	35.222	2690	2093
92	0.126	33.229	44.648	1.353	33.062	44.408	0.339	0.487	0.503	0.320	75.999	1568	2098
93	0.106	84.695	44.621	1.239	84.476	44.450	0.444	0.318	0.450	0.299	11.621	4001	2100
94	0.133	35.571	44.821	1.401	35.370	44.577	0.381	0.487	0.516	0.328	62.129	1681	2106
95	0.121	33.562	45.296	1.311	33.401	45.043	0.318	0.487	0.480	0.320	89.841	1586	2128
96	0.094	73.926	45.514	1.137	73.766	45.318	0.318	0.381	0.393	0.303	75.148	3491	2141
97	0.119	34.230	45.786	1.286	34.036	45.572	0.381	0.423	0.483	0.313	125.944	1611	2153
98	0.104	71.233	45.793	1.196	71.014	45.635	0.423	0.318	0.431	0.308	20.169	3363	2156
99	0.111	107.157	46.327	1.244	106.934	46.143	0.423	0.360	0.448	0.314	32.600	5064	2180
100	0.117	85.084	46.850	1.304	84.900	46.630	0.381	0.444	0.487	0.306	53.924	4022	2203
101	0.099	76.650	47.559	1.167	76.433	47.413	0.423	0.296	0.425	0.295	8.495	3618	2240
102	0.116	116.415	47.702	1.279	116.226	47.477	0.381	0.444	0.460	0.321	126.926	5496	2243
103	0.125	92.877	47.707	1.346	92.646	47.519	0.466	0.381	0.508	0.312	33.621	4388	2245
104	0.121	59.778	48.334	1.311	59.605	48.091	0.339	0.466	0.477	0.322	72.663	2823	2272
105	0.126	50.330	48.445	1.371	50.080	48.281	0.508	0.339	0.521	0.309	15.978	2376	2281
106	0.121	71.488	48.760	1.316	71.268	48.578	0.444	0.360	0.456	0.339	17.036	3378	2295
107	0.114	88.406	49.190	1.269	88.202	49.001	0.402	0.381	0.429	0.338	39.571	4177	2315
108	0.123	66.600	49.297	1.341	66.400	49.064	0.381	0.444	0.488	0.322	57.930	3147	2318
109	0.113	37.067	49.263	1.239	36.851	49.107	0.444	0.318	0.455	0.317	6.111	1748	2320
110	0.109	52.497	49.556	1.281	52.324	49.340	0.339	0.444	0.467	0.298	62.926	2480	2331
111	0.106	117.560	49.520	1.226	117.348	49.361	0.444	0.318	0.443	0.304	8.276	5552	2332
112	0.116	78.506	49.636	1.291	78.274	49.466	0.466	0.339	0.464	0.319	166.259	3703	2337
113	0.123	50.739	50.412	1.371	50.482	50.250	0.508	0.318	0.506	0.310	9.866	2393	2374
114	0.114	30.043	50.613	1.256	29.866	50.398	0.360	0.423	0.446	0.326	62.516	1420	2381
115	0.111	35.625	50.671	1.269	35.475	50.440	0.318	0.466	0.457	0.308	85.229	1679	2383
116	0.126	52.931	50.646	1.329	52.705	50.461	0.444	0.381	0.479	0.336	30.983	2500	2384
117	0.128	61.200	50.733	1.426	61.024	50.482	0.339	0.487	0.496	0.328	100.597	2889	2385
118	0.136	57.860	51.219	1.426	57.700	50.948	0.318	0.550	0.544	0.318	90.764	2731	2407
119	0.120	97.754	51.135	1.304	97.536	50.948	0.444	0.381	0.473	0.322	145.811	4612	2407
120	0.115	55.835	51.472	1.304	55.626	51.287	0.423	0.402	0.491	0.299	39.629	2637	2423
121	0.123	17.301	51.512	1.323	17.060	51.350	0.487	0.318	0.487	0.321	173.749	812	2426
122	0.111	34.792	51.701	1.286	34.608	51.498	0.402	0.402	0.465	0.305	133.626	1638	2433
123	0.121	66.235	51.694	1.311	65.998	51.520	0.466	0.339	0.475	0.323	170.380	3126	2434
124	0.134	69.612	52.053	1.438	69.342	51.901	0.529	0.318	0.536	0.317	178.608	3282	2452
125	0.108	20.488	52.161	1.209	20.320	51.964	0.339	0.402	0.427	0.322	63.205	966	2455
126	0.119	70.255	52.155	1.311	70.019	51.985	0.466	0.339	0.474	0.320	163.496	3314	2456
127	0.120	86.553	52.240	1.299	86.360	52.028	0.381	0.423	0.486	0.314	51.508	4091	2458
128	0.125	72.244	52.543	1.401	71.988	52.388	0.508	0.318	0.509	0.313	4.712	3409	2475
129	0.118	66.755	52.951	1.336	66.527	52.790	0.466	0.318	0.473	0.317	173.752	3149	2494
130	0.120	46.642	53.020	1.334	46.418	52.832	0.444	0.381	0.471	0.325	37.548	2204	2496
131	0.127	52.400	53.325	1.346	52.197	53.107	0.444	0.402	0.487	0.332	143.420	2470	2509
132	0.120	117.914	53.472	1.329	117.729	53.234	0.360	0.466	0.490	0.312	62.169	5573	2515
133	0.051	45.293	53.424	0.920	45.127	53.319	0.339	0.212	0.347	0.186	5.088	2137	2519
134	0.114	38.869	53.552	1.291	38.650	53.361	0.444	0.381	0.456	0.318	143.253	1832	2521
135	0.124	45.065	53.845	1.346	44.831	53.658	0.444	0.381	0.473	0.333	146.307	2125	2535
136	0.121	47.763	53.939	1.323	47.604	53.700	0.318	0.466	0.480	0.320	105.186	2254	2537
137	0.116	33.852	54.295	1.281	33.697	54.060	0.318	0.466	0.479	0.307	80.418	1598	2554
138	0.129	40.135	54.381	1.359	39.942	54.144	0.381	0.466	0.509	0.321	59.816	1897	2558
139	0.120	80.150	54.759	1.311	79.925	54.589	0.466	0.339	0.491	0.312	18.261	3786	2579
140	0.115	79.336	55.171	1.256	79.142	54.970	0.402	0.381	0.449	0.325	136.628	3742	2597
141	0.133	11.516	55.209	1.366	11.261	55.033	0.487	0.339	0.503	0.335	15.674	542	2600
142	0.121	78.241	55.321	1.341	78.084	55.076	0.318	0.487	0.500	0.307	76.720	3697	2602
143	0.096	71.927	55.581	1.202	71.734	55.414	0.402	0.339	0.415	0.295	159.654	3393	2618
144	0.121	59.399	55.892	1.316	59.203	55.668	0.402	0.423	0.483	0.320	134.217	2801	2630
145	0.129	71.242	56.156	1.341	71.078	55.922	0.339	0.487	0.481	0.342	79.043	3364	2642
146	0.102	111.357	56.189	1.232	111.188	55.965	0.360	0.423	0.445	0.291	123.698	5255	2644
147	0.134	59.096	56.251	1.418	58.843	56.028	0.466	0.423	0.520	0.327	37.216	2795	2647
148	0.131	68.581	56.301	1.376	68.347	56.113	0.487	0.381	0.494	0.338	154.209	3233	2651
149	0.126	61.528	56.439	1.341	61.341	56.219	0.381	0.444	0.499	0.321	54.347	2907	2656
150	0.121	93.804	56.740	1.353	93.641	56.494	0.318	0.487	0.504	0.305	97.300	4428	2669
151	0.114	100.119	56.702	1.264	99.949	56.494	0.339	0.423	0.447	0.324	63.058	4730	2669
152	0.107	47.538	57.343	1.256	47.350	57.129	0.360	0.423	0.460	0.295	55.017	2247	2699
153	0.123	99.364	57.698	1.383	99.187	57.468	0.339	0.487	0.515	0.303	108.839	4687	2715
154	0.121	92.562	57.942	1.359	92.392	57.679	0.318	0.508	0.489	0.315	86.491	4373	2725
155	0.111	86.088	58.002	1.269	85.916	57.764	0.339	0.444	0.438	0.323	74.179	4068	2729
156	0.129	80.507	57.958	1.388	80.243	57.785	0.508	0.360	0.501	0.327	165.444	3799	2730
157	0.090	72.597	59.052	1.154	72.390	58.907	0.423	0.296	0.420	0.273	163.066	3423	2783
158	0.108	77.778	59.279	1.249	77.576	59.076	0.402	0.402	0.465	0.296	134.404	3670	2791
159	0.116	64.899	59.436	1.286	64.706	59.246	0.381	0.402	0.449	0.328	47.415	3065	2799
160	0.111	77.119	59.483	1.249	76.898	59.288	0.423	0.381	0.448	0.315	141.302	3639	2801
161	0.112	60.358	59.497	1.281	60.113	59.351	0.487	0.296	0.481	0.297	10.836	2849	2804
162	0.118	109.141	59.597	1.334	108.902	59.415	0.466	0.360	0.497	0.302	155.479	5154	2807
163	0.100	63.383	59.634	1.191	63.182	59.478	0.423	0.296	0.442	0.288	167.311	2988	2810
164	0.104	91.766	59.935	1.196	91.609	59.732	0.339	0.402	0.396	0.336	75.241	4333	2822
165	0.110	88.126	60.196	1.244	87.905	60.029	0.444	0.339	0.449	0.311	16.671	4164	2836
166	0.114	42.847	60.458	1.256	42.630	60.283	0.444	0.339	0.449	0.324	13.154	2025	2848
167	0.103	56.263	60.551	1.256	56.049	60.388	0.423	0.339	0.436	0.301	155.429	2651	2853
168	0.120	36.371	60.829	1.294	36.195	60.600	0.339	0.444	0.452	0.337	90.967	1716	2863
169	0.129	128.556	61.173	1.353	128.312	61.002	0.487	0.339	0.505	0.327	14.966	6073	2882
170	0.138	47.047	62.002	1.406	46.800	61.807	0.487	0.402	0.507	0.347	148.455	2217	2920
171	0.123	84.778	62.178	1.323	84.603	61.955	0.360	0.444	0.483	0.325	66.231	4004	2927
172	0.093	73.924	62.146	1.177	73.745	61.976	0.402	0.360	0.424	0.280	31.542	3495	2928
173	0.115	95.943	62.927	1.281	95.779	62.696	0.318	0.466	0.462	0.316	100.461	4530	2962
174	0.130	49.145	63.627	1.383	48.980	63.373	0.339	0.508	0.518	0.321	103.119	2318	2994
175	0.111	82.679	63.565	1.239	82.465	63.394	0.423	0.339	0.433	0.327	8.993	3907	2995
176	0.119	125.020	63.697	1.311	124.799	63.521	0.444	0.360	0.476	0.317	22.522	5907	3001
177	0.112	52.322	63.895	1.299	52.091	63.733	0.466	0.339	0.474	0.302	159.868	2465	3011
178	0.113	46.609	64.268	1.269	46.440	64.050	0.339	0.444	0.475	0.303	117.505	2197	3026
179	0.095	55.031	64.932	1.172	54.864	64.728	0.318	0.423	0.436	0.279	113.318	2596	3058
180	0.120	73.365	65.705	1.346	73.110	65.532	0.487	0.339	0.492	0.311	17.018	3466	3096
181	0.135	72.734	65.819	1.376	72.517	65.596	0.423	0.444	0.515	0.335	132.358	3430	3099
182	0.103	90.429	65.892	1.232	90.255	65.659	0.339	0.444	0.451	0.289	67.695	4272	3102
183	0.101	33.374	65.929	1.209	33.210	65.744	0.360	0.381	0.437	0.294	46.114	1580	3106
184	0.110	50.123	65.995	1.239	49.953	65.786	0.339	0.423	0.455	0.307	63.319	2366	3108
185	0.111	62.250	66.281	1.286	62.040	66.082	0.423	0.381	0.493	0.287	143.526	2933	3122
186	0.126	27.264	66.433	1.341	27.093	66.188	0.339	0.487	0.475	0.337	105.388	1286	3127
187	0.112	58.110	66.402	1.299	57.933	66.188	0.360	0.444	0.463	0.307	121.907	2738	3127
188	0.122	52.351	66.438	1.304	52.134	66.252	0.444	0.381	0.480	0.325	147.264	2467	3130
189	0.109	112.701	66.575	1.256	112.543	66.336	0.318	0.466	0.469	0.295	109.418	5320	3134
190	0.116	93.247	66.595	1.304	93.070	66.358	0.360	0.466	0.494	0.300	121.668	4401	3135
191	0.114	79.035	66.867	1.269	78.804	66.717	0.466	0.318	0.471	0.309	173.372	3728	3152
192	0.118	32.051	66.914	1.276	31.835	66.760	0.444	0.318	0.457	0.329	179.501	1510	3154
193	0.089	70.665	67.222	1.099	70.485	67.056	0.360	0.339	0.402	0.281	140.981	3333	3168
194	0.110	112.960	67.456	1.261	112.755	67.225	0.381	0.423	0.441	0.317	52.701	5336	3176
195	0.101	93.263	67.697	1.209	93.112	67.479	0.296	0.444	0.436	0.296	80.100	4408	3188
196	0.108	77.248	67.703	1.261	77.047	67.522	0.423	0.360	0.456	0.301	35.266	3649	3190
197	0.121	100.451	67.846	1.371	100.288	67.585	0.318	0.508	0.517	0.299	103.762	4742	3193
198	0.132	42.138	67.817	1.424	41.889	67.628	0.487	0.381	0.504	0.334	22.206	1992	3195
199	0.122	51.390	67.905	1.311	51.181	67.733	0.444	0.360	0.480	0.323	27.626	2425	3200
200	0.112	106.477	68.346	1.269	106.299	68.136	0.360	0.423	0.464	0.308	116.309	5025	3219
201	0.117	95.663	68.436	1.281	95.483	68.220	0.360	0.423	0.477	0.313	121.242	4514	3223
202	0.095	44.566	68.651	1.214	44.323	68.495	0.466	0.296	0.440	0.276	174.752	2104	3236
203	0.111	85.597	69.245	1.244	85.386	69.067	0.444	0.339	0.461	0.306	156.283	4038	3263
204	0.112	79.945	69.277	1.291	79.735	69.088	0.444	0.381	0.497	0.286	32.946	3780	3264
205	0.123	91.842	69.335	1.334	91.673	69.088	0.339	0.508	0.485	0.323	76.584	4340	3264
206	0.101	83.464	69.590	1.234	83.312	69.384	0.296	0.444	0.447	0.289	95.059	3940	3278
207	0.114	109.799	69.658	1.281	109.643	69.427	0.318	0.466	0.454	0.320	86.011	5185	3280
208	0.117	30.370	69.708	1.346	30.162	69.469	0.402	0.444	0.493	0.303	53.829	1437	3282
209	0.118	76.889	69.824	1.299	76.708	69.638	0.402	0.402	0.460	0.327	45.946	3631	3290
210	0.109	89.808	70.616	1.261	89.641	70.400	0.360	0.444	0.458	0.303	59.124	4244	3326
211	0.122	81.911	70.985	1.351	81.682	70.760	0.444	0.423	0.505	0.307	43.105	3874	3343
212	0.122	18.704	71.752	1.286	18.500	71.564	0.402	0.402	0.439	0.355	133.254	877	3381
213	0.113	72.104	72.566	1.251	71.946	72.348	0.318	0.444	0.449	0.320	79.612	3406	3418
214	0.113	68.708	72.645	1.264	68.474	72.496	0.466	0.296	0.473	0.305	174.498	3241	3425
215	0.126	79.383	72.713	1.341	79.121	72.559	0.508	0.318	0.500	0.321	178.891	3745	3428
216	0.129	19.609	72.977	1.401	19.431	72.729	0.360	0.508	0.505	0.325	100.337	923	3436
217	0.110	15.909	73.255	1.253	15.748	73.067	0.318	0.381	0.419	0.335	86.755	746	3452
218	0.122	28.862	73.414	1.299	28.660	73.216	0.402	0.402	0.463	0.335	44.656	1362	3459
219	0.108	34.948	73.445	1.264	34.734	73.279	0.423	0.339	0.460	0.300	30.128	1651	3462
220	0.125	41.097	73.590	1.353	40.852	73.427	0.508	0.318	0.492	0.322	9.191	1938	3469
221	0.120	91.046	73.767	1.311	90.890	73.512	0.318	0.487	0.477	0.320	87.256	4300	3473
222	0.117	54.831	74.014	1.269	54.631	73.829	0.423	0.360	0.441	0.337	147.115	2585	3488
223	0.109	52.958	74.384	1.251	52.811	74.147	0.296	0.466	0.471	0.296	100.612	2498	3503
224	0.222	44.670	74.543	1.932	44.365	74.316	0.656	0.466	0.698	0.405	18.992	2107	3511
225	0.122	78.778	74.582	1.353	78.528	74.422	0.508	0.318	0.509	0.305	5.712	3720	3516
226	0.127	59.458	74.895	1.376	59.224	74.718	0.487	0.381	0.512	0.315	148.680	2799	3530
227	0.100	30.765	75.217	1.202	30.565	75.057	0.423	0.339	0.440	0.289	28.456	1451	3546
228	0.114	81.125	75.295	1.269	80.962	75.078	0.318	0.466	0.456	0.319	80.844	3831	3547
229	0.117	93.686	75.470	1.359	93.451	75.269	0.444	0.402	0.521	0.287	39.168	4430	3556
230	0.131	39.824	75.500	1.359	39.560	75.332	0.508	0.339	0.502	0.332	4.219	1881	3559
231	0.106	74.354	75.561	1.261	74.168	75.353	0.360	0.444	0.472	0.287	61.071	3513	3560
232	0.116	61.291	76.031	1.311	61.066	75.861	0.466	0.339	0.502	0.293	157.324	2887	3584
233	0.116	69.868	76.092	1.281	69.681	75.883	0.360	0.423	0.455	0.326	59.496	3300	3585
234	0.095	80.425	76.311	1.167	80.285	76.094	0.275	0.444	0.433	0.278	93.206	3799	3595
235	0.116	128.272	76.305	1.388	128.037	76.136	0.466	0.339	0.459	0.323	14.902	6053	3597
236	0.114	82.891	76.640	1.311	82.740	76.390	0.296	0.508	0.507	0.286	85.530	3914	3609
237	0.112	85.050	76.725	1.264	84.900	76.496	0.296	0.466	0.489	0.293	73.828	4017	3614
238	0.126	76.764	76.794	1.346	76.581	76.539	0.360	0.487	0.482	0.334	78.549	3627	3616
239	0.128	122.280	76.924	1.359	122.047	76.750	0.487	0.360	0.496	0.329	19.364	5775	3626
240	0.101	20.028	77.012	1.209	19.854	76.814	0.339	0.402	0.447	0.289	55.804	948	3629
241	0.103	100.498	77.100	1.239	100.351	76.877	0.296	0.466	0.477	0.276	73.766	4748	3632
242	0.112	68.643	77.128	1.249	68.411	76.962	0.466	0.339	0.453	0.315	21.738	3242	3636
243	0.108	81.081	77.304	1.269	80.920	77.068	0.318	0.466	0.468	0.294	83.264	3828	3641
244	0.129	34.226	77.367	1.371	33.973	77.195	0.508	0.339	0.525	0.314	17.179	1617	3647
245	0.118	82.215	77.469	1.294	82.063	77.216	0.296	0.487	0.496	0.303	83.862	3883	3648
246	0.089	83.698	77.486	1.149	83.545	77.280	0.275	0.423	0.443	0.256	102.786	3951	3651
247	0.120	56.505	77.628	1.353	56.346	77.364	0.318	0.508	0.513	0.298	74.141	2671	3655
248	0.112	75.567	77.732	1.304	75.396	77.491	0.339	0.487	0.470	0.305	74.715	3573	3661
249	0.123	40.866	77.759	1.378	40.704	77.512	0.318	0.508	0.522	0.299	74.789	1929	3662
250	0.122	61.556	77.860	1.346	61.383	77.597	0.360	0.487	0.490	0.317	109.272	2905	3666
251	0.125	68.791	78.460	1.364	68.601	78.232	0.402	0.466	0.486	0.326	57.862	3251	3696
252	0.114	69.353	78.543	1.299	69.194	78.296	0.318	0.487	0.485	0.299	102.577	3274	3699
253	0.125	51.955	78.578	1.366	51.795	78.338	0.339	0.487	0.501	0.319	103.090	2449	3701
254	0.129	90.980	79.062	1.348	90.826	78.825	0.318	0.487	0.500	0.328	90.119	4294	3724
255	0.114	65.270	79.129	1.299	65.109	78.888	0.339	0.466	0.476	0.305	101.406	3080	3727
256	0.114	81.022	79.147	1.339	80.793	78.930	0.423	0.423	0.483	0.301	46.727	3830	3729
257	0.104	106.766	79.234	1.239	106.532	79.079	0.466	0.296	0.464	0.285	173.065	5042	3736
258	0.110	79.449	79.540	1.316	79.269	79.312	0.360	0.444	0.470	0.298	118.079	3751	3747
259	0.119	70.875	79.873	1.286	70.676	79.671	0.402	0.402	0.476	0.319	132.136	3342	3764
260	0.129	35.464	80.023	1.371	35.242	79.820	0.444	0.402	0.521	0.314	37.032	1678	3771
261	0.116	11.773	80.223	1.334	11.515	80.052	0.508	0.339	0.480	0.307	162.823	549	3782
262	0.105	50.293	80.322	1.239	50.144	80.074	0.296	0.466	0.458	0.291	80.533	2376	3783
263	0.113	68.377	80.436	1.329	68.220	80.179	0.339	0.487	0.522	0.275	113.364	3226	3788
264	0.109	75.908	80.380	1.226	75.734	80.179	0.339	0.423	0.433	0.321	113.059	3582	3788
265	0.106	115.796	80.433	1.261	115.570	80.264	0.444	0.339	0.456	0.296	28.007	5470	3792
266	0.110	106.369	80.637	1.226	106.193	80.433	0.360	0.402	0.431	0.324	58.885	5024	3800
267	0.120	69.412	80.759	1.304	69.236	80.518	0.360	0.466	0.479	0.319	117.634	3274	3804
268	0.130	46.918	80.882	1.366	46.757	80.624	0.318	0.508	0.511	0.325	88.923	2214	3809
269	0.099	127.775	80.883	1.179	127.572	80.730	0.402	0.318	0.400	0.314	11.268	6033	3814
270	0.115	114.022	81.118	1.269	113.813	80.941	0.444	0.339	0.461	0.318	159.307	5382	3824
271	0.128	48.111	81.594	1.376	47.921	81.365	0.381	0.487	0.521	0.312	60.181	2273	3844
272	0.126	41.104	81.743	1.334	40.894	81.555	0.444	0.402	0.490	0.327	36.009	1942	3853
273	0.118	41.693	81.931	1.281	41.508	81.724	0.360	0.423	0.446	0.338	66.029	1968	3861
274	0.127	99.717	82.155	1.353	99.483	81.957	0.444	0.381	0.502	0.323	33.659	4713	3872
275	0.118	119.915	82.391	1.299	119.761	82.148	0.318	0.487	0.486	0.310	78.017	5663	3881
276	0.116	25.460	82.524	1.316	25.273	82.275	0.360	0.466	0.474	0.312	114.475	1200	3887
277	0.116	66.992	82.674	1.299	66.802	82.465	0.381	0.423	0.475	0.311	126.340	3159	3896
278	0.101	78.310	82.841	1.189	78.105	82.656	0.402	0.360	0.391	0.330	142.264	3696	3905
279	0.096	70.733	83.082	1.184	70.570	82.868	0.318	0.423	0.450	0.271	118.045	3337	3915
280	0.116	62.138	83.237	1.276	61.976	83.016	0.318	0.444	0.461	0.321	79.777	2934	3922
281	0.122	91.182	83.284	1.353	91.038	83.037	0.318	0.508	0.502	0.309	83.312	4306	3923
282	0.117	61.381	83.534	1.269	61.214	83.312	0.339	0.444	0.455	0.327	72.081	2901	3936
283	0.115	51.684	83.534	1.299	51.456	83.376	0.487	0.318	0.478	0.307	11.251	2438	3939
284	0.112	86.138	83.722	1.316	85.958	83.481	0.339	0.487	0.482	0.296	72.054	4072	3944
285	0.117	34.551	83.701	1.286	34.332	83.524	0.444	0.360	0.468	0.318	22.249	1632	3946
286	0.114	74.447	84.439	1.261	74.274	84.222	0.360	0.444	0.467	0.310	119.284	3512	3979
287	0.121	70.144	84.540	1.359	69.914	84.349	0.444	0.402	0.499	0.310	138.311	3307	3985
288	0.082	79.205	84.711	1.119	79.079	84.497	0.254	0.423	0.420	0.247	89.871	3739	3992
289	0.118	69.259	84.801	1.311	69.088	84.561	0.339	0.466	0.493	0.305	112.136	3269	3995
290	0.126	43.930	85.163	1.359	43.688	84.984	0.487	0.360	0.494	0.325	19.924	2077	4015
291	0.117	54.599	85.185	1.299	54.356	85.026	0.487	0.318	0.467	0.320	178.496	2575	4017
292	0.132	38.287	85.360	1.401	38.100	85.111	0.381	0.487	0.512	0.329	116.382	1803	4021
293	0.099	52.546	85.346	1.239	52.388	85.132	0.318	0.444	0.436	0.291	81.208	2483	4022
294	0.106	72.290	85.344	1.239	72.136	85.132	0.318	0.444	0.446	0.302	72.720	3414	4022
295	0.129	48.126	85.480	1.359	47.921	85.259	0.444	0.402	0.501	0.327	140.241	2268	4028
296	0.112	81.056	85.986	1.256	80.899	85.746	0.318	0.466	0.451	0.315	74.513	3830	4051
297	0.127	17.753	86.753	1.406	17.590	86.487	0.339	0.529	0.533	0.304	107.536	835	4086
298	0.112	58.647	86.789	1.274	58.441	86.593	0.402	0.402	0.468	0.306	137.514	2765	4091
299	0.116	114.534	86.879	1.329	114.300	86.699	0.466	0.360	0.495	0.299	31.991	5412	4096
300	0.119	40.608	87.575	1.309	40.386	87.376	0.444	0.402	0.462	0.328	36.718	1921	4128
301	0.127	68.942	88.164	1.323	68.770	87.926	0.339	0.466	0.477	0.340	93.925	3255	4154
302	0.091	24.731	89.278	1.131	24.553	89.112	0.339	0.339	0.394	0.296	42.661	1168	4210
303	0.108	38.731	90.683	1.281	38.587	90.445	0.296	0.487	0.488	0.280	99.326	1826	4273
304	0.127	63.548	90.871	1.376	63.310	90.678	0.487	0.381	0.510	0.317	27.437	3003	4284
305	0.125	71.633	91.024	1.364	71.416	90.805	0.423	0.444	0.505	0.316	134.109	3379	4290
306	0.109	27.749	91.025	1.256	27.559	90.826	0.381	0.402	0.462	0.301	46.657	1312	4291
307	0.138	18.464	91.245	1.418	18.224	91.038	0.487	0.402	0.526	0.335	149.457	864	4301
308	0.128	88.170	91.303	1.353	87.990	91.080	0.360	0.466	0.491	0.331	110.107	4160	4303
309	0.115	41.118	91.548	1.346	40.936	91.334	0.381	0.423	0.462	0.318	123.270	1937	4315
310	0.124	84.743	91.617	1.341	84.561	91.377	0.360	0.466	0.485	0.326	64.198	4005	4317
311	0.125	27.915	91.823	1.371	27.665	91.673	0.529	0.318	0.523	0.303	8.843	1315	4331
312	0.113	50.763	91.894	1.291	50.546	91.694	0.444	0.381	0.475	0.304	37.183	2401	4332
313	0.126	88.902	92.070	1.376	88.710	91.821	0.381	0.466	0.493	0.327	115.935	4196	4338
314	0.104	92.798	92.032	1.239	92.625	91.821	0.318	0.444	0.440	0.302	78.593	4384	4338
315	0.124	41.878	92.079	1.336	41.635	91.927	0.487	0.318	0.500	0.316	168.870	1971	4343
316	0.095	78.019	92.157	1.167	77.872	91.948	0.296	0.423	0.415	0.293	78.147	3686	4344
317	0.126	98.785	92.262	1.364	98.573	92.033	0.423	0.444	0.489	0.328	46.206	4670	4348
318	0.122	49.096	92.346	1.329	48.937	92.096	0.318	0.487	0.482	0.323	85.355	2319	4351
319	0.131	95.530	92.580	1.388	95.335	92.350	0.402	0.466	0.510	0.327	58.198	4514	4363
320	0.117	51.185	92.833	1.321	50.948	92.646	0.466	0.381	0.487	0.306	30.856	2420	4377
321	0.124	59.381	92.932	1.366	59.203	92.689	0.339	0.487	0.505	0.313	76.803	2805	4379
322	0.100	77.391	93.246	1.214	77.216	93.028	0.318	0.444	0.450	0.283	72.731	3656	4395
323	0.116	75.375	93.491	1.276	75.226	93.260	0.296	0.466	0.478	0.308	91.681	3558	4406
324	0.110	90.903	93.582	1.251	90.742	93.366	0.339	0.423	0.447	0.314	70.886	4293	4411
325	0.122	64.184	93.681	1.281	63.944	93.514	0.466	0.318	0.470	0.330	0.346	3028	4418
326	0.108	76.278	93.880	1.341	76.136	93.641	0.296	0.487	0.488	0.282	90.313	3602	4424
327	0.112	40.558	94.329	1.261	40.365	94.107	0.381	0.423	0.459	0.311	130.019	1913	4446
328	0.119	74.577	94.406	1.401	74.380	94.170	0.360	0.487	0.483	0.313	103.197	3519	4449
329	0.126	45.582	94.486	1.359	45.381	94.255	0.402	0.444	0.498	0.322	128.004	2146	4453
330	0.108	86.755	94.566	1.281	86.593	94.340	0.318	0.444	0.456	0.300	78.855	4098	4457
331	0.102	50.094	94.817	1.207	49.890	94.636	0.423	0.360	0.445	0.291	34.224	2368	4471
332	0.104	106.539	94.793	1.251	106.299	94.636	0.466	0.296	0.469	0.283	12.831	5032	4471
333	0.115	29.508	95.428	1.286	29.316	95.208	0.381	0.423	0.463	0.317	127.853	1390	4498
334	0.105	106.723	95.570	1.256	106.511	95.398	0.444	0.339	0.466	0.287	25.965	5044	4507
335	0.112	60.689	96.230	1.256	60.516	96.012	0.339	0.444	0.446	0.320	107.711	2863	4536
336	0.111	97.775	96.317	1.244	97.578	96.118	0.402	0.381	0.448	0.316	39.979	4620	4541
337	0.092	79.175	96.510	1.112	79.015	96.308	0.318	0.381	0.378	0.310	109.413	3740	4550
338	0.115	53.435	96.840	1.299	53.276	96.605	0.318	0.466	0.483	0.304	74.601	2524	4564
339	0.106	62.437	97.262	1.221	62.209	97.113	0.444	0.296	0.452	0.299	11.005	2949	4588
340	0.113	109.669	97.384	1.286	109.453	97.197	0.444	0.360	0.464	0.311	28.156	5184	4592
341	0.137	23.698	97.411	1.401	23.453	97.218	0.508	0.360	0.514	0.339	169.559	1118	4593
342	0.118	28.831	97.831	1.364	28.575	97.663	0.487	0.381	0.461	0.327	17.354	1360	4614
343	0.124	35.493	97.985	1.346	35.285	97.769	0.423	0.423	0.499	0.316	43.730	1680	4619
344	0.124	39.332	98.713	1.353	39.180	98.446	0.318	0.508	0.502	0.313	81.430	1857	4651
345	0.124	50.722	99.198	1.341	50.482	99.039	0.487	0.339	0.490	0.321	17.761	2394	4679
346	0.117	49.097	99.379	1.274	48.916	99.166	0.381	0.423	0.461	0.325	121.686	2315	4685
347	0.120	68.863	99.392	1.311	68.622	99.229	0.487	0.318	0.496	0.308	10.503	3252	4688
348	0.112	70.150	99.590	1.251	69.935	99.420	0.423	0.339	0.426	0.336	14.573	3311	4697
349	0.119	53.453	99.636	1.323	53.255	99.441	0.402	0.402	0.472	0.320	44.463	2525	4698
350	0.106	72.617	99.687	1.269	72.432	99.505	0.402	0.381	0.463	0.292	35.960	3433	4701
351	0.088	22.949	99.688	1.112	22.775	99.526	0.381	0.318	0.388	0.289	153.336	1079	4702
352	0.075	88.900	99.868	1.022	88.773	99.695	0.275	0.339	0.353	0.270	105.701	4196	4710
353	0.107	105.247	99.898	1.214	105.029	99.737	0.444	0.318	0.434	0.313	175.642	4970	4712
354	0.043	110.208	99.917	0.763	110.088	99.801	0.254	0.233	0.258	0.214	154.387	5204	4715
355	0.102	43.969	99.964	1.196	43.773	99.822	0.423	0.318	0.443	0.292	17.721	2073	4716
356	0.103	62.388	100.070	1.209	62.188	99.907	0.423	0.318	0.437	0.300	17.752	2945	4720
357	0.106	23.520	100.404	1.226	23.304	100.245	0.444	0.318	0.435	0.311	171.977	1108	4736
358	0.123	120.652	100.539	1.329	120.481	100.309	0.360	0.466	0.463	0.338	79.726	5701	4739
359	0.112	57.511	100.945	1.274	57.319	100.753	0.402	0.402	0.468	0.306	41.433	2719	4760
360	0.119	65.704	101.232	1.281	65.468	101.071	0.466	0.318	0.465	0.325	174.421	3099	4775
361	0.118	108.546	102.103	1.316	108.310	101.918	0.466	0.360	0.476	0.317	160.995	5125	4815
362	0.132	83.224	102.196	1.413	82.952	102.023	0.508	0.360	0.529	0.317	156.641	3924	4820
363	0.132	37.767	102.371	1.461	37.571	102.150	0.423	0.423	0.479	0.350	136.349	1777	4826
364	0.115	35.691	102.433	1.316	35.475	102.214	0.402	0.423	0.471	0.310	46.075	1688	4829
365	0.078	93.157	102.399	1.022	92.985	102.256	0.339	0.296	0.342	0.292	19.780	4399	4831
366	0.111	27.630	102.438	1.258	27.411	102.277	0.423	0.318	0.440	0.322	160.831	1299	4832
367	0.113	70.519	102.812	1.269	70.316	102.637	0.423	0.360	0.451	0.319	34.225	3331	4849
368	0.111	79.261	103.097	1.244	79.079	102.870	0.360	0.423	0.433	0.325	63.669	3744	4860
369	0.107	49.719	103.083	1.226	49.488	102.934	0.466	0.296	0.459	0.297	169.580	2343	4863
370	0.078	93.453	103.517	1.022	93.282	103.378	0.339	0.296	0.342	0.292	163.712	4410	4884
371	0.114	84.021	103.656	1.316	83.841	103.420	0.360	0.466	0.486	0.298	68.926	3969	4886
372	0.105	48.672	104.071	1.209	48.514	103.865	0.318	0.423	0.448	0.299	110.542	2294	4907
373	0.092	93.325	104.056	1.184	93.154	103.865	0.318	0.381	0.385	0.304	87.731	4407	4907
374	0.097	85.648	104.132	1.167	85.492	103.928	0.318	0.402	0.421	0.293	64.134	4047	4910
375	0.102	70.743	105.384	1.232	70.570	105.177	0.360	0.423	0.447	0.290	58.672	3343	4969
376	0.099	77.243	105.452	1.184	77.047	105.283	0.402	0.339	0.430	0.295	34.367	3648	4974
377	0.123	46.013	105.726	1.351	45.784	105.516	0.466	0.402	0.510	0.307	146.551	2167	4985
378	0.089	58.010	106.111	1.142	57.785	105.960	0.423	0.296	0.430	0.263	25.188	2740	5006
379	0.131	82.424	106.479	1.418	82.254	106.214	0.339	0.529	0.529	0.315	78.234	3893	5018
380	0.124	110.493	106.482	1.329	110.257	106.299	0.466	0.360	0.504	0.314	154.488	5213	5022
381	0.099	59.255	106.672	1.179	59.034	106.532	0.444	0.275	0.451	0.281	6.636	2796	5033
382	0.116	49.328	106.896	1.299	49.107	106.722	0.444	0.360	0.476	0.311	25.392	2331	5042
383	0.129	50.164	107.064	1.406	49.953	106.828	0.423	0.444	0.511	0.322	48.726	2373	5047
384	0.116	73.615	107.132	1.269	73.385	106.955	0.444	0.339	0.448	0.328	21.466	3477	5053
385	0.120	52.417	107.358	1.323	52.239	107.124	0.339	0.466	0.469	0.326	80.375	2478	5061
386	0.121	79.337	107.458	1.306	79.184	107.230	0.318	0.466	0.476	0.324	77.751	3746	5066
387	0.099	67.601	108.542	1.196	67.395	108.373	0.402	0.339	0.439	0.287	35.548	3194	5120
388	0.112	96.344	108.753	1.269	96.181	108.522	0.318	0.466	0.457	0.312	102.557	4550	5127
389	0.134	33.966	108.807	1.406	33.718	108.606	0.508	0.381	0.511	0.335	158.973	1599	5131
390	0.118	39.771	108.809	1.334	39.560	108.627	0.423	0.402	0.429	0.349	177.505	1878	5132
391	0.112	101.882	108.931	1.269	101.664	108.754	0.423	0.360	0.458	0.311	156.494	4809	5138
392	0.102	104.842	109.070	1.184	104.648	108.902	0.381	0.360	0.430	0.301	143.031	4946	5145
393	0.108	76.110	109.128	1.244	75.904	108.945	0.423	0.360	0.452	0.303	35.293	3597	5147
394	0.125	34.537	109.409	1.371	34.290	109.241	0.487	0.339	0.499	0.319	10.795	1634	5161
395	0.091	100.000	109.858	1.154	99.843	109.664	0.318	0.381	0.417	0.279	122.549	4720	5181
396	0.130	109.912	110.155	1.341	109.686	109.982	0.466	0.360	0.473	0.349	168.609	5187	5196
397	0.129	49.439	110.221	1.401	49.170	110.046	0.529	0.339	0.545	0.301	16.408	2338	5199
398	0.118	101.922	110.254	1.316	101.706	110.067	0.444	0.360	0.465	0.324	156.157	4810	5200
399	0.117	42.930	110.302	1.274	42.757	110.088	0.360	0.444	0.451	0.330	61.641	2028	5201
400	0.120	79.222	110.422	1.311	79.079	110.172	0.296	0.508	0.499	0.306	86.810	3740	5205
401	0.130	92.041	110.531	1.353	91.863	110.300	0.360	0.466	0.506	0.327	114.388	4343	5211
402	0.115	106.104	110.990	1.256	105.897	110.808	0.423	0.360	0.436	0.336	149.156	5007	5235
403	0.112	90.961	111.119	1.256	90.784	110.913	0.360	0.423	0.440	0.323	119.491	4291	5240
404	0.121	59.363	111.186	1.281	59.182	110.977	0.360	0.423	0.441	0.349	64.499	2803	5243
405	0.116	80.168	111.204	1.334	79.989	110.998	0.381	0.444	0.478	0.310	61.903	3787	5244
406	0.117	34.183	111.776	1.286	33.951	111.612	0.466	0.339	0.475	0.315	158.638	1608	5273
407	0.125	89.498	112.612	1.346	89.281	112.395	0.423	0.423	0.470	0.339	133.541	4224	5310
408	0.111	58.897	112.661	1.239	58.738	112.437	0.339	0.423	0.450	0.313	116.456	2778	5312
409	0.108	68.375	112.809	1.256	68.199	112.607	0.360	0.423	0.450	0.305	57.485	3231	5320
410	0.131	49.630	113.919	1.401	49.445	113.665	0.360	0.508	0.513	0.324	72.373	2345	5370
411	0.119	68.089	113.917	1.329	67.924	113.665	0.339	0.487	0.497	0.304	73.195	3216	5370
412	0.101	40.373	113.936	1.184	40.217	113.728	0.318	0.423	0.418	0.308	81.274	1906	5373
413	0.126	70.921	113.967	1.383	70.739	113.728	0.381	0.466	0.518	0.309	61.199	3351	5373
414	0.118	114.044	113.999	1.299	113.856	113.792	0.402	0.402	0.465	0.324	136.287	5381	5376
415	0.114	14.992	114.012	1.256	14.774	113.834	0.444	0.339	0.448	0.324	22.022	709	5378
416	0.123	57.346	115.627	1.316	57.150	115.422	0.423	0.402	0.481	0.325	139.255	2702	5453
417	0.110	26.470	115.707	1.299	26.310	115.464	0.318	0.487	0.489	0.287	71.920	1251	5455
418	0.116	92.518	116.268	1.269	92.350	116.057	0.339	0.444	0.453	0.325	72.936	4369	5483
419	0.100	63.728	116.643	1.172	63.521	116.480	0.423	0.318	0.423	0.301	172.461	3010	5503
420	0.099	77.872	116.739	1.184	77.703	116.544	0.339	0.402	0.430	0.293	63.311	3678	5506
421	0.117	55.176	117.334	1.251	55.012	117.136	0.339	0.423	0.431	0.346	86.414	2602	5534
422	0.099	94.870	117.656	1.209	94.700	117.454	0.339	0.402	0.436	0.291	64.732	4482	5549
423	0.117	90.469	117.914	1.346	90.212	117.729	0.466	0.381	0.499	0.300	145.942	4270	5562
424	0.124	32.156	118.978	1.353	31.940	118.787	0.444	0.381	0.473	0.333	36.356	1519	5612
425	0.107	73.602	119.235	1.221	73.448	119.020	0.318	0.423	0.450	0.302	110.730	3473	5623
426	0.101	45.461	119.447	1.184	45.233	119.295	0.423	0.318	0.435	0.295	156.833	2141	5636
427	0.126	45.943	119.757	1.329	45.720	119.570	0.444	0.381	0.477	0.337	151.104	2164	5649
428	0.095	64.126	120.117	1.161	63.987	119.909	0.275	0.423	0.440	0.275	102.181	3025	5665
429	0.105	98.003	120.120	1.244	97.811	119.909	0.360	0.423	0.464	0.289	55.669	4631	5665
430	0.112	103.425	120.399	1.274	103.251	120.184	0.360	0.444	0.471	0.304	119.336	4881	5678
431	0.090	38.387	120.717	1.167	38.248	120.502	0.275	0.444	0.437	0.262	99.531	1809	5693
432	0.120	113.591	120.812	1.316	113.411	120.586	0.360	0.466	0.469	0.326	70.774	5364	5697
433	0.112	78.189	121.463	1.281	77.957	121.306	0.466	0.318	0.468	0.304	14.552	3691	5731
434	0.122	70.408	121.673	1.329	70.252	121.412	0.318	0.508	0.495	0.315	90.166	3325	5736
435	0.119	92.115	122.081	1.294	91.884	121.920	0.466	0.318	0.470	0.322	178.726	4348	5760
436	0.140	54.177	122.176	1.473	53.933	121.941	0.466	0.444	0.524	0.340	142.847	2558	5761
437	0.104	76.105	122.628	1.179	75.904	122.470	0.402	0.318	0.421	0.314	15.672	3593	5786
438	0.123	69.666	122.978	1.383	69.511	122.746	0.318	0.487	0.494	0.317	81.200	3288	5799
439	0.111	97.858	123.468	1.269	97.684	123.232	0.339	0.444	0.470	0.301	65.869	4623	5822
440	0.102	66.597	123.542	1.202	66.421	123.338	0.360	0.402	0.450	0.288	130.254	3141	5827
441	0.120	67.527	123.649	1.311	67.352	123.423	0.339	0.466	0.489	0.313	110.547	3186	5831
442	0.069	39.005	124.263	1.112	38.883	124.079	0.254	0.381	0.373	0.235	79.711	1839	5862
443	0.117	91.857	124.781	1.306	91.630	124.629	0.466	0.318	0.489	0.306	14.241	4336	5888
444	0.116	39.385	124.837	1.286	39.158	124.651	0.444	0.360	0.466	0.317	156.610	1855	5889
445	0.093	75.216	124.851	1.172	75.036	124.651	0.360	0.381	0.426	0.278	132.311	3551	5889
446	0.121	88.936	125.094	1.316	88.710	124.926	0.487	0.339	0.483	0.319	15.974	4200	5902
447	0.126	20.983	125.308	1.371	20.786	125.095	0.402	0.444	0.481	0.334	57.161	991	5910
448	0.134	26.950	125.488	1.396	26.755	125.243	0.381	0.466	0.491	0.346	65.802	1273	5917
449	0.100	70.256	125.422	1.189	70.062	125.243	0.402	0.360	0.430	0.296	140.191	3314	5917
450	0.116	62.717	125.656	1.269	62.548	125.434	0.339	0.444	0.473	0.314	65.037	2963	5926
451	0.114	60.224	126.135	1.261	60.029	125.920	0.381	0.423	0.468	0.311	51.464	2846	5949
452	0.091	71.338	126.346	1.129	71.184	126.153	0.318	0.402	0.403	0.287	110.981	3366	5960
453	0.104	79.329	126.559	1.246	79.100	126.428	0.466	0.275	0.480	0.276	171.046	3739	5973
454	0.113	60.508	127.077	1.256	60.304	126.894	0.402	0.381	0.452	0.318	41.680	2858	5995
455	0.120	95.465	128.886	1.299	95.250	128.715	0.444	0.360	0.466	0.328	29.039	4509	6081
456	0.109	108.109	129.994	1.239	107.950	129.773	0.318	0.444	0.436	0.318	89.555	5106	6131
457	0.121	85.540	130.039	1.311	85.365	129.794	0.339	0.466	0.467	0.329	104.133	4039	6132
458	0.121	95.378	130.034	1.353	95.208	129.794	0.339	0.487	0.513	0.300	71.123	4506	6132
459	0.105	71.291	130.301	1.209	71.141	130.069	0.318	0.423	0.419	0.320	90.937	3366	6145
460	0.136	62.885	130.428	1.413	62.696	130.175	0.381	0.487	0.520	0.332	67.954	2971	6150
461	0.129	61.093	131.778	1.371	60.833	131.614	0.508	0.339	0.509	0.322	164.215	2879	6218
462	0.108	67.919	131.901	1.214	67.755	131.699	0.339	0.423	0.426	0.323	101.715	3205	6222
463	0.126	95.008	132.093	1.323	94.827	131.868	0.360	0.444	0.485	0.332	64.430	4487	6230
464	0.116	62.796	132.622	1.299	62.569	132.461	0.466	0.339	0.477	0.311	161.462	2959	6258
465	0.069	74.683	132.626	0.967	74.549	132.461	0.275	0.339	0.336	0.260	82.904	3527	6258
466	0.090	78.783	133.060	1.094	78.634	132.884	0.318	0.360	0.371	0.307	59.610	3720	6278
467	0.099	15.890	136.628	1.297	15.727	136.419	0.339	0.423	0.423	0.298	67.566	750	6445
