 	Area	X	Y	Perim.	BX	BY	Width	Height	Major	Minor	Angle	XStart	YStart
1	0.054	20.228	10.224	0.960	20.066	10.096	0.318	0.275	0.280	0.244	14.404	956	477
2	0.051	82.032	12.311	0.910	81.852	12.213	0.339	0.190	0.339	0.190	13.711	3874	577
3	0.139	49.638	13.698	1.510	49.466	13.420	0.339	0.550	0.575	0.308	72.114	2349	634
4	0.129	91.869	15.658	1.431	91.694	15.409	0.339	0.529	0.525	0.312	97.510	4337	728
5	0.141	82.815	15.923	1.473	82.656	15.621	0.339	0.572	0.567	0.316	105.442	3908	738
6	0.145	68.084	16.165	1.533	67.882	15.896	0.402	0.550	0.608	0.304	117.824	3208	751
7	0.116	80.796	16.275	1.299	80.603	16.066	0.381	0.423	0.479	0.307	129.686	3810	759
8	0.160	60.608	16.416	1.583	60.431	16.129	0.339	0.614	0.607	0.336	99.679	2860	762
9	0.151	68.959	18.190	1.533	68.770	17.907	0.381	0.550	0.568	0.339	70.529	3258	846
10	0.141	97.322	18.866	1.431	97.155	18.584	0.360	0.529	0.538	0.333	110.761	4595	878
11	0.133	105.924	18.861	1.401	105.706	18.648	0.444	0.423	0.517	0.328	135.508	4995	881
12	0.142	114.756	19.820	1.438	114.554	19.579	0.402	0.466	0.531	0.341	54.086	5423	925
13	0.147	87.557	20.989	1.486	87.270	20.807	0.550	0.360	0.550	0.340	9.872	4141	983
14	0.148	76.138	21.324	1.496	75.946	21.040	0.402	0.550	0.561	0.337	115.692	3594	994
15	0.123	44.981	21.596	1.346	44.746	21.400	0.466	0.381	0.508	0.309	145.187	2118	1011
16	0.123	39.446	21.779	1.341	39.201	21.611	0.487	0.339	0.500	0.313	9.800	1863	1021
17	0.135	54.605	22.547	1.448	54.314	22.394	0.572	0.339	0.552	0.311	167.353	2571	1058
18	0.138	79.163	22.962	1.426	78.888	22.796	0.550	0.318	0.550	0.319	1.969	3736	1077
19	0.116	104.631	23.128	1.334	104.415	22.924	0.444	0.402	0.509	0.291	139.913	4936	1083
20	0.148	70.918	23.848	1.515	70.676	23.601	0.466	0.466	0.565	0.333	48.728	3352	1115
21	0.146	86.232	23.971	1.456	86.064	23.707	0.360	0.529	0.534	0.347	75.599	4072	1120
22	0.133	56.163	24.064	1.401	55.880	23.897	0.529	0.339	0.518	0.327	5.371	2655	1129
23	0.129	118.157	24.525	1.396	117.962	24.299	0.402	0.444	0.518	0.317	126.360	5576	1148
24	0.126	46.330	25.318	1.401	46.101	25.125	0.487	0.381	0.523	0.307	154.445	2182	1187
25	0.109	54.578	25.760	1.286	54.398	25.527	0.339	0.466	0.495	0.280	61.666	2581	1206
26	0.125	73.116	25.921	1.406	72.898	25.718	0.444	0.444	0.523	0.305	48.851	3454	1215
27	0.126	76.663	26.109	1.388	76.433	25.908	0.466	0.402	0.511	0.313	140.649	3614	1224
28	0.142	109.184	26.782	1.521	108.945	26.522	0.444	0.466	0.539	0.335	46.473	5163	1253
29	0.124	103.511	27.181	1.376	103.272	26.988	0.466	0.402	0.532	0.297	139.890	4880	1275
30	0.051	21.273	27.824	0.945	21.167	27.644	0.212	0.360	0.391	0.165	106.331	1001	1306
31	0.123	78.545	28.013	1.413	78.380	27.750	0.318	0.529	0.529	0.295	77.543	3711	1311
32	0.128	109.834	28.326	1.388	109.622	28.109	0.423	0.444	0.505	0.322	39.166	5193	1328
33	0.138	84.369	28.379	1.431	84.116	28.194	0.508	0.381	0.540	0.326	152.381	3976	1332
34	0.111	55.118	28.529	1.274	54.885	28.342	0.444	0.360	0.464	0.305	26.132	2607	1339
35	0.129	36.733	29.123	1.376	36.470	28.956	0.529	0.339	0.516	0.317	3.796	1734	1368
36	0.136	49.389	29.191	1.431	49.107	29.020	0.550	0.339	0.537	0.322	171.295	2328	1371
37	0.117	111.012	29.241	1.359	110.808	29.020	0.402	0.444	0.510	0.292	51.736	5248	1371
38	0.144	82.641	30.481	1.508	82.402	30.247	0.508	0.444	0.577	0.317	141.647	3897	1429
39	0.139	48.685	30.830	1.461	48.450	30.607	0.466	0.444	0.561	0.315	136.325	2293	1446
40	0.112	100.897	31.311	1.316	100.732	31.073	0.339	0.487	0.512	0.278	117.070	4762	1468
41	0.129	34.122	31.423	1.396	33.973	31.157	0.318	0.529	0.533	0.307	86.204	1611	1472
42	0.114	106.357	31.482	1.334	106.151	31.263	0.423	0.423	0.516	0.281	44.690	5029	1477
43	0.147	78.782	31.592	1.523	78.571	31.327	0.402	0.508	0.572	0.328	61.461	3722	1480
44	0.043	48.166	31.514	0.780	48.027	31.390	0.254	0.254	0.262	0.211	156.700	2275	1483
45	0.116	50.021	32.111	1.291	49.784	31.919	0.444	0.381	0.494	0.299	143.709	2357	1508
46	0.138	57.719	33.084	1.473	57.552	32.808	0.339	0.572	0.570	0.307	103.634	2723	1550
47	0.133	115.793	33.127	1.394	115.591	32.893	0.402	0.487	0.515	0.329	115.830	5465	1554
48	0.151	67.552	33.242	1.503	67.268	33.062	0.572	0.360	0.573	0.335	12.892	3191	1562
49	0.136	105.144	33.457	1.448	104.902	33.253	0.508	0.402	0.536	0.322	147.664	4959	1571
50	0.127	44.889	33.779	1.371	44.683	33.570	0.423	0.423	0.508	0.319	45.998	2121	1586
51	0.126	105.751	34.065	1.316	105.516	33.888	0.466	0.360	0.493	0.325	154.744	4988	1601
52	0.139	65.005	34.297	1.438	64.812	34.036	0.360	0.508	0.529	0.336	106.442	3068	1608
53	0.120	37.519	34.420	1.383	37.253	34.269	0.529	0.318	0.530	0.287	170.891	1767	1619
54	0.142	52.522	34.427	1.450	52.260	34.269	0.529	0.339	0.556	0.325	169.262	2471	1619
55	0.138	94.442	34.607	1.478	94.213	34.354	0.444	0.487	0.577	0.305	48.824	4466	1623
56	0.132	106.345	34.744	1.388	106.087	34.565	0.508	0.360	0.534	0.315	154.914	5016	1633
57	0.086	111.954	34.741	1.087	111.781	34.586	0.360	0.339	0.386	0.282	141.564	5283	1634
58	0.123	114.167	34.912	1.329	113.919	34.734	0.487	0.339	0.492	0.318	12.756	5396	1641
59	0.147	111.259	35.313	1.521	111.062	35.031	0.381	0.550	0.545	0.344	103.968	5253	1655
60	0.129	123.454	35.413	1.431	123.169	35.264	0.550	0.318	0.548	0.301	172.076	5824	1666
61	0.122	62.064	35.668	1.396	61.786	35.496	0.529	0.318	0.551	0.281	17.545	2936	1677
62	0.145	64.138	35.891	1.563	63.839	35.708	0.593	0.381	0.606	0.305	158.647	3021	1687
63	0.148	92.686	36.326	1.540	92.520	36.004	0.318	0.614	0.607	0.310	88.969	4378	1701
64	0.137	114.487	36.791	1.501	114.215	36.576	0.529	0.423	0.564	0.309	34.235	5412	1728
65	0.135	76.703	36.825	1.418	76.518	36.597	0.402	0.487	0.547	0.315	54.954	3625	1729
66	0.124	91.967	37.124	1.359	91.715	36.957	0.508	0.339	0.513	0.308	19.110	4345	1746
67	0.135	48.370	37.353	1.443	48.133	37.169	0.529	0.360	0.542	0.317	158.732	2276	1756
68	0.122	95.546	37.483	1.413	95.292	37.296	0.508	0.360	0.517	0.300	155.849	4504	1762
69	0.121	33.791	37.514	1.341	33.528	37.359	0.529	0.296	0.518	0.298	172.285	1591	1765
70	0.165	67.496	37.815	1.618	67.204	37.592	0.550	0.444	0.602	0.350	32.779	3192	1776
71	0.119	29.482	38.189	1.294	29.252	38.037	0.466	0.318	0.483	0.314	170.313	1385	1797
72	0.053	55.218	38.225	0.920	55.097	38.079	0.254	0.296	0.307	0.221	109.931	2605	1799
73	0.119	100.133	39.181	1.366	99.991	38.926	0.296	0.529	0.536	0.282	99.659	4727	1839
74	0.134	27.078	39.195	1.448	26.818	39.031	0.550	0.360	0.548	0.310	23.903	1278	1844
75	0.153	92.046	39.337	1.623	91.821	39.031	0.444	0.572	0.613	0.318	53.370	4356	1844
76	0.116	25.207	39.280	1.334	25.019	39.074	0.402	0.444	0.512	0.290	47.692	1193	1846
77	0.147	47.543	40.000	1.558	47.392	39.709	0.339	0.614	0.579	0.323	87.841	2243	1876
78	0.132	29.417	40.397	1.394	29.210	40.153	0.402	0.487	0.521	0.322	55.131	1393	1897
79	0.163	57.844	41.374	1.551	57.573	41.148	0.529	0.444	0.593	0.350	34.350	2735	1944
80	0.159	68.655	41.493	1.538	68.390	41.233	0.487	0.487	0.567	0.356	46.495	3246	1948
81	0.154	111.743	41.494	1.540	111.464	41.317	0.572	0.339	0.583	0.336	175.211	5276	1952
82	0.113	98.278	41.783	1.329	98.086	41.550	0.360	0.444	0.484	0.297	55.036	4648	1963
83	0.136	25.794	42.105	1.443	25.612	41.846	0.360	0.529	0.554	0.313	66.346	1219	1977
84	0.150	63.848	42.147	1.526	63.585	41.931	0.508	0.423	0.557	0.343	149.797	3011	1981
85	0.107	107.055	42.219	1.306	106.913	41.974	0.296	0.487	0.490	0.278	71.879	5058	1983
86	0.119	102.325	43.049	1.329	102.172	42.778	0.318	0.508	0.491	0.308	103.742	4831	2021
87	0.181	72.769	44.007	1.683	72.517	43.730	0.508	0.550	0.614	0.374	130.337	3435	2066
88	0.161	99.047	44.563	1.545	98.870	44.260	0.360	0.593	0.566	0.363	96.612	4677	2091
89	0.150	44.073	44.722	1.528	43.794	44.556	0.593	0.339	0.594	0.321	13.942	2081	2105
90	0.137	111.172	45.251	1.443	110.998	45.000	0.339	0.550	0.546	0.318	102.814	5247	2126
91	0.141	60.264	45.496	1.456	60.071	45.254	0.402	0.487	0.552	0.326	125.082	2839	2138
92	0.148	73.764	45.788	1.528	73.491	45.614	0.572	0.360	0.566	0.333	17.960	3485	2155
93	0.162	119.735	45.956	1.635	119.507	45.720	0.444	0.487	0.547	0.376	130.225	5649	2160
94	0.143	90.853	46.362	1.491	90.678	46.080	0.360	0.550	0.545	0.335	75.735	4293	2177
95	0.127	77.395	46.592	1.366	77.131	46.440	0.529	0.296	0.530	0.305	1.682	3652	2194
96	0.127	98.651	46.945	1.366	98.404	46.800	0.508	0.296	0.523	0.309	177.068	4653	2211
97	0.133	59.642	47.451	1.453	59.415	47.202	0.444	0.487	0.563	0.301	45.824	2824	2230
98	0.143	85.763	47.537	1.478	85.492	47.329	0.508	0.423	0.564	0.322	146.558	4046	2236
99	0.145	109.185	48.243	1.503	109.008	47.985	0.360	0.550	0.552	0.334	78.373	5156	2267
100	0.127	122.908	48.275	1.371	122.746	48.027	0.318	0.508	0.507	0.320	93.562	5804	2269
101	0.140	91.135	48.325	1.533	90.974	48.048	0.339	0.614	0.577	0.310	77.110	4306	2270
102	0.153	107.076	48.314	1.570	106.786	48.133	0.593	0.360	0.618	0.316	15.441	5063	2274
103	0.120	37.548	48.384	1.366	37.317	48.196	0.466	0.360	0.515	0.296	154.852	1765	2277
104	0.124	48.756	48.371	1.353	48.493	48.218	0.508	0.318	0.508	0.311	1.082	2299	2278
105	0.124	91.991	48.679	1.346	91.821	48.429	0.339	0.508	0.513	0.307	69.938	4347	2288
106	0.099	78.788	48.624	1.219	78.550	48.450	0.444	0.339	0.467	0.269	28.936	3724	2289
107	0.143	111.283	48.787	1.456	111.104	48.514	0.360	0.529	0.547	0.333	69.845	5259	2292
108	0.137	89.698	49.053	1.436	89.450	48.853	0.508	0.402	0.570	0.305	147.072	4229	2308
109	0.176	103.106	49.218	1.653	102.870	48.937	0.466	0.572	0.651	0.344	125.490	4863	2312
110	0.143	59.081	49.272	1.483	58.864	49.022	0.444	0.508	0.564	0.324	52.047	2794	2316
111	0.136	58.315	49.358	1.426	58.060	49.170	0.508	0.360	0.542	0.320	157.897	2749	2323
112	0.139	38.699	50.019	1.426	38.544	49.742	0.318	0.550	0.547	0.323	85.700	1828	2350
113	0.134	58.347	50.038	1.503	58.081	49.826	0.487	0.402	0.551	0.309	35.783	2758	2354
114	0.157	61.572	50.013	1.635	61.299	49.826	0.572	0.360	0.586	0.341	165.514	2900	2354
115	0.123	49.692	50.114	1.376	49.488	49.890	0.381	0.487	0.517	0.302	115.649	2341	2357
116	0.131	109.763	50.315	1.456	109.601	50.038	0.339	0.550	0.549	0.305	95.631	5183	2364
117	0.134	125.617	50.953	1.431	125.391	50.758	0.466	0.423	0.533	0.319	34.371	5936	2398
118	0.112	102.507	51.296	1.323	102.256	51.160	0.529	0.275	0.526	0.271	9.929	4840	2417
119	0.132	92.936	51.477	1.401	92.752	51.223	0.381	0.487	0.520	0.324	120.141	4384	2420
120	0.117	48.970	51.651	1.401	48.768	51.393	0.381	0.487	0.544	0.275	55.825	2319	2428
121	0.047	5.685	51.557	0.860	5.567	51.435	0.254	0.254	0.262	0.231	103.617	265	2430
122	0.129	99.501	51.716	1.406	99.250	51.520	0.508	0.381	0.539	0.305	153.038	4695	2434
123	0.148	75.034	51.844	1.510	74.740	51.668	0.572	0.339	0.576	0.327	0.773	3549	2441
124	0.130	67.183	51.872	1.401	66.929	51.710	0.508	0.339	0.517	0.320	178.286	3170	2443
125	0.133	90.958	52.322	1.450	90.784	52.070	0.339	0.529	0.538	0.315	73.979	4295	2460
126	0.136	99.907	52.856	1.496	99.716	52.557	0.360	0.572	0.545	0.317	76.970	4721	2483
127	0.141	110.884	52.849	1.461	110.702	52.578	0.360	0.550	0.551	0.326	74.189	5238	2484
128	0.137	53.802	53.032	1.431	53.615	52.768	0.360	0.529	0.544	0.321	72.945	2541	2493
129	0.133	108.100	53.202	1.456	107.929	52.938	0.318	0.550	0.539	0.313	86.413	5107	2501
130	0.121	56.761	53.168	1.353	56.557	52.959	0.423	0.402	0.503	0.307	142.034	2673	2502
131	0.148	50.484	53.455	1.496	50.271	53.192	0.444	0.508	0.569	0.331	126.027	2380	2513
132	0.154	44.028	53.885	1.540	43.857	53.594	0.360	0.572	0.603	0.325	106.886	2074	2532
133	0.138	99.322	54.230	1.468	99.145	53.975	0.339	0.529	0.539	0.325	80.053	4691	2550
134	0.134	101.327	54.978	1.413	101.113	54.758	0.444	0.423	0.540	0.316	136.985	4778	2587
135	0.139	77.802	55.116	1.413	77.534	54.949	0.529	0.339	0.538	0.330	177.981	3672	2596
136	0.135	30.156	55.635	1.426	29.993	55.372	0.339	0.529	0.534	0.322	75.853	1425	2616
137	0.139	124.004	55.675	1.545	123.846	55.414	0.339	0.550	0.537	0.329	96.495	5851	2618
138	0.134	125.639	55.698	1.406	125.434	55.457	0.402	0.487	0.532	0.320	124.399	5930	2620
139	0.110	34.062	55.945	1.269	33.888	55.732	0.339	0.444	0.486	0.288	118.258	1602	2633
140	0.157	65.294	56.537	1.563	65.024	56.346	0.550	0.381	0.563	0.355	13.906	3085	2662
141	0.153	96.842	56.720	1.528	96.584	56.515	0.508	0.423	0.563	0.345	143.590	4567	2670
142	0.137	53.526	57.330	1.448	53.340	57.065	0.360	0.550	0.549	0.317	112.603	2525	2696
143	0.141	55.873	57.344	1.468	55.711	57.065	0.318	0.572	0.564	0.319	95.412	2639	2696
144	0.149	106.956	57.391	1.503	106.701	57.171	0.529	0.402	0.556	0.342	159.442	5047	2701
145	0.138	20.876	57.595	1.401	20.680	57.362	0.402	0.466	0.512	0.342	122.711	981	2710
146	0.131	39.170	57.787	1.413	39.010	57.510	0.318	0.550	0.533	0.312	95.998	1849	2717
147	0.149	73.768	57.962	1.526	73.575	57.658	0.402	0.572	0.559	0.340	116.056	3482	2724
148	0.132	31.888	58.180	1.453	31.686	57.912	0.402	0.529	0.567	0.296	59.457	1510	2736
149	0.132	95.489	58.156	1.418	95.271	57.933	0.466	0.423	0.544	0.308	136.959	4504	2737
150	0.137	94.795	58.415	1.551	94.594	58.166	0.402	0.487	0.534	0.326	122.117	4473	2748
151	0.146	64.518	58.436	1.461	64.262	58.251	0.508	0.360	0.522	0.355	171.394	3042	2752
152	0.126	53.195	59.260	1.431	53.044	58.992	0.318	0.550	0.542	0.297	89.937	2510	2787
153	0.149	76.874	59.405	1.478	76.623	59.182	0.487	0.444	0.569	0.334	138.676	3625	2796
154	0.054	62.291	59.574	0.975	62.209	59.372	0.169	0.402	0.395	0.175	86.633	2941	2805
155	0.120	56.146	59.642	1.388	55.965	59.415	0.360	0.466	0.492	0.311	61.469	2652	2807
156	0.134	53.564	59.725	1.388	53.361	59.500	0.423	0.444	0.525	0.324	130.106	2523	2811
157	0.147	113.166	60.097	1.513	112.903	59.859	0.508	0.466	0.564	0.331	38.893	5350	2828
158	0.134	101.389	60.499	1.463	101.134	60.304	0.487	0.381	0.518	0.328	29.045	4794	2849
159	0.066	103.324	60.465	1.064	103.103	60.325	0.402	0.254	0.393	0.215	13.104	4884	2850
160	0.115	42.497	60.643	1.294	42.312	60.431	0.360	0.423	0.455	0.322	120.888	2003	2855
161	0.133	48.743	60.726	1.461	48.450	60.558	0.572	0.339	0.565	0.300	160.579	2295	2861
162	0.119	55.285	61.641	1.353	55.033	61.489	0.529	0.296	0.520	0.291	176.355	2606	2905
163	0.139	50.756	62.272	1.510	50.482	62.103	0.593	0.318	0.601	0.294	163.280	2388	2934
164	0.146	61.706	62.963	1.466	61.468	62.738	0.466	0.466	0.557	0.333	134.965	2907	2964
165	0.142	75.818	63.198	1.545	75.650	62.907	0.339	0.572	0.581	0.312	80.268	3582	2972
166	0.143	115.214	63.227	1.456	115.020	62.971	0.381	0.508	0.551	0.330	66.113	5443	2975
167	0.124	50.098	63.560	1.383	49.932	63.310	0.339	0.508	0.530	0.298	113.373	2362	2991
168	0.152	52.366	63.771	1.491	52.155	63.521	0.423	0.508	0.581	0.334	124.106	2466	3001
169	0.175	51.021	63.763	1.715	50.736	63.564	0.635	0.381	0.629	0.355	170.060	2399	3003
170	0.143	67.344	64.509	1.426	67.098	64.326	0.508	0.360	0.506	0.361	9.620	3179	3039
171	0.120	49.400	64.891	1.316	49.212	64.664	0.381	0.444	0.497	0.308	127.970	2327	3055
172	0.139	90.972	64.934	1.431	90.720	64.749	0.529	0.360	0.535	0.332	166.607	4292	3059
173	0.125	38.260	65.123	1.361	38.100	64.876	0.318	0.487	0.508	0.312	75.245	1809	3065
174	0.145	125.665	65.705	1.486	125.497	65.405	0.339	0.572	0.569	0.324	76.843	5938	3090
175	0.117	51.330	65.609	1.336	51.096	65.447	0.487	0.318	0.507	0.294	16.619	2424	3092
176	0.123	25.742	65.819	1.346	25.527	65.617	0.444	0.402	0.500	0.314	142.499	1210	3100
177	0.143	50.917	66.257	1.498	50.631	66.082	0.550	0.360	0.571	0.319	160.760	2397	3122
178	0.134	68.440	66.358	1.388	68.199	66.167	0.487	0.381	0.510	0.334	150.830	3225	3126
179	0.091	26.549	66.442	1.209	26.310	66.315	0.487	0.254	0.484	0.239	12.001	1252	3133
180	0.121	46.817	66.705	1.418	46.567	66.506	0.444	0.402	0.474	0.324	46.445	2212	3142
181	0.145	55.225	66.933	1.521	54.991	66.696	0.487	0.466	0.569	0.324	140.202	2599	3151
182	0.151	75.285	66.996	1.515	75.099	66.696	0.360	0.572	0.562	0.341	85.961	3557	3151
183	0.134	37.780	67.584	1.448	37.507	67.416	0.550	0.339	0.549	0.310	173.043	1780	3185
184	0.149	44.456	68.029	1.588	44.175	67.860	0.572	0.339	0.581	0.326	2.062	2095	3206
185	0.154	97.819	68.289	1.521	97.621	68.008	0.402	0.550	0.573	0.342	116.575	4616	3213
186	0.143	95.343	68.942	1.510	95.060	68.770	0.593	0.318	0.598	0.305	178.611	4500	3249
187	0.124	23.126	69.141	1.401	22.881	68.961	0.487	0.360	0.540	0.292	26.635	1097	3258
188	0.144	46.287	69.417	1.533	46.101	69.130	0.360	0.572	0.583	0.314	71.648	2189	3266
189	0.141	45.857	69.642	1.456	45.699	69.363	0.339	0.550	0.541	0.332	86.580	2164	3277
190	0.142	71.486	69.671	1.486	71.205	69.469	0.529	0.381	0.555	0.327	30.093	3378	3282
191	0.171	108.116	70.143	1.605	107.865	69.892	0.508	0.466	0.557	0.392	141.048	5101	3302
192	0.119	71.452	70.220	1.391	71.310	69.956	0.296	0.529	0.537	0.283	86.971	3374	3305
193	0.133	41.219	70.260	1.466	40.936	70.062	0.529	0.402	0.535	0.317	23.941	1952	3310
194	0.131	111.439	70.368	1.443	111.273	70.083	0.318	0.572	0.552	0.303	96.285	5263	3311
195	0.130	46.227	70.809	1.371	45.974	70.654	0.529	0.318	0.520	0.318	6.146	2180	3338
196	0.127	30.365	70.910	1.346	30.162	70.676	0.381	0.466	0.493	0.328	62.981	1435	3339
197	0.146	55.907	71.026	1.551	55.668	70.781	0.508	0.466	0.594	0.312	43.673	2648	3344
198	0.141	46.756	71.070	1.486	46.482	70.887	0.550	0.360	0.541	0.332	171.925	2200	3349
199	0.133	77.495	71.618	1.396	77.237	71.438	0.487	0.360	0.518	0.326	24.085	3662	3375
200	0.125	57.186	72.189	1.371	57.023	71.946	0.339	0.508	0.515	0.310	71.643	2700	3399
201	0.153	76.988	72.341	1.553	76.814	72.072	0.360	0.572	0.599	0.326	71.339	3637	3405
202	0.160	82.140	72.322	1.515	81.873	72.115	0.529	0.402	0.567	0.359	24.804	3882	3407
203	0.126	56.652	72.661	1.388	56.388	72.496	0.529	0.339	0.533	0.302	21.517	2677	3425
204	0.127	48.827	72.825	1.401	48.556	72.665	0.550	0.318	0.549	0.295	170.101	2300	3433
205	0.133	34.267	73.467	1.376	34.015	73.279	0.487	0.381	0.512	0.330	33.017	1618	3462
206	0.124	120.310	74.170	1.394	120.100	73.935	0.402	0.466	0.543	0.291	126.719	5677	3493
207	0.170	85.535	74.455	1.648	85.238	74.274	0.593	0.381	0.600	0.360	6.555	4041	3509
208	0.107	124.694	74.991	1.308	124.545	74.803	0.296	0.402	0.419	0.325	93.174	5885	3534
209	0.138	96.252	75.913	1.443	96.012	75.692	0.466	0.423	0.549	0.321	37.522	4551	3576
210	0.137	129.025	76.108	1.456	128.799	75.883	0.444	0.444	0.521	0.334	48.654	6096	3585
211	0.156	91.465	76.288	1.605	91.144	76.094	0.614	0.381	0.611	0.326	14.711	4321	3595
212	0.155	127.611	76.468	1.588	127.444	76.158	0.339	0.593	0.594	0.332	80.516	6030	3598
213	0.136	44.368	76.444	1.408	44.111	76.285	0.529	0.318	0.550	0.314	169.070	2087	3604
214	0.155	67.267	78.557	1.610	66.992	78.380	0.550	0.402	0.552	0.359	172.138	3171	3703
215	0.122	91.226	78.595	1.376	90.996	78.401	0.466	0.381	0.505	0.309	148.590	4305	3704
216	0.132	65.861	78.831	1.443	65.596	78.634	0.508	0.381	0.553	0.303	26.152	3116	3715
217	0.138	34.330	79.203	1.418	34.078	79.015	0.508	0.381	0.546	0.323	152.155	1613	3733
218	0.160	44.036	79.665	1.588	43.709	79.481	0.635	0.339	0.616	0.332	176.626	2079	3755
219	0.150	15.689	80.757	1.570	15.494	80.476	0.360	0.593	0.596	0.321	102.992	738	3802
220	0.136	42.011	80.940	1.406	41.804	80.708	0.444	0.444	0.531	0.326	134.641	1978	3813
221	0.136	25.899	80.878	1.438	25.612	80.730	0.572	0.296	0.572	0.302	5.598	1220	3814
222	0.144	83.844	81.311	1.461	83.566	81.132	0.529	0.360	0.535	0.342	15.176	3960	3833
223	0.127	46.799	81.792	1.346	46.588	81.576	0.402	0.444	0.483	0.335	54.303	2211	3854
224	0.128	90.414	81.777	1.359	90.170	81.598	0.487	0.360	0.499	0.326	152.006	4263	3855
225	0.130	79.100	81.885	1.401	78.867	81.661	0.444	0.423	0.529	0.313	44.839	3738	3858
226	0.139	82.961	82.015	1.468	82.783	81.746	0.360	0.529	0.555	0.320	64.921	3921	3862
227	0.109	73.403	81.945	1.239	73.194	81.767	0.402	0.360	0.437	0.317	150.788	3465	3863
228	0.135	44.245	82.063	1.401	44.027	81.852	0.423	0.444	0.529	0.326	131.548	2082	3867
229	0.165	91.909	82.197	1.575	91.630	81.978	0.529	0.444	0.594	0.353	143.876	4334	3873
230	0.128	32.139	82.251	1.431	31.962	82.000	0.360	0.529	0.531	0.306	61.091	1520	3874
231	0.142	69.366	82.744	1.551	69.109	82.529	0.508	0.423	0.543	0.332	36.811	3279	3899
232	0.123	83.510	83.179	1.359	83.333	82.931	0.360	0.487	0.518	0.303	116.773	3939	3918
233	0.129	80.343	83.260	1.383	80.095	83.079	0.487	0.360	0.528	0.311	152.733	3788	3925
234	0.145	109.163	83.618	1.478	108.966	83.333	0.381	0.550	0.559	0.331	72.439	5157	3937
235	0.157	67.264	83.642	1.556	67.077	83.354	0.381	0.593	0.566	0.354	104.703	3175	3938
236	0.131	61.223	83.620	1.388	61.002	83.418	0.444	0.423	0.519	0.321	137.683	2885	3941
237	0.129	86.394	84.525	1.353	86.148	84.370	0.508	0.318	0.517	0.318	8.980	4077	3986
238	0.138	89.624	84.675	1.431	89.450	84.413	0.339	0.550	0.542	0.324	102.620	4230	3988
239	0.116	40.908	84.810	1.359	40.725	84.561	0.339	0.508	0.525	0.283	110.882	1929	3995
240	0.133	115.024	84.990	1.438	114.850	84.730	0.339	0.529	0.536	0.316	74.143	5435	4003
241	0.141	38.280	85.489	1.456	37.994	85.323	0.550	0.339	0.541	0.331	1.481	1806	4031
242	0.155	110.926	85.659	1.653	110.617	85.450	0.593	0.381	0.582	0.338	175.784	5238	4037
243	0.112	88.359	85.777	1.276	88.202	85.556	0.318	0.444	0.460	0.312	75.412	4174	4042
244	0.155	114.963	85.881	1.503	114.766	85.598	0.381	0.550	0.562	0.350	71.448	5431	4044
245	0.155	76.501	86.065	1.528	76.306	85.788	0.381	0.550	0.589	0.335	113.147	3609	4053
246	0.124	54.838	86.033	1.371	54.610	85.852	0.466	0.381	0.517	0.306	29.235	2591	4056
247	0.137	66.068	86.154	1.521	65.850	85.916	0.487	0.466	0.554	0.314	131.874	3113	4059
248	0.157	114.300	86.199	1.613	114.110	85.916	0.381	0.593	0.603	0.332	99.375	5395	4059
249	0.127	54.650	87.040	1.431	54.441	86.804	0.423	0.466	0.566	0.285	51.198	2584	4101
250	0.122	66.279	87.290	1.371	66.104	87.037	0.360	0.487	0.518	0.299	116.187	3126	4112
251	0.125	62.532	88.437	1.346	62.357	88.180	0.339	0.508	0.505	0.314	73.912	2954	4166
252	0.147	117.492	88.487	1.508	117.285	88.223	0.423	0.529	0.571	0.328	59.819	5553	4168
253	0.142	73.936	88.654	1.450	73.766	88.392	0.339	0.529	0.545	0.332	80.147	3492	4176
254	0.151	76.535	88.701	1.498	76.264	88.519	0.572	0.339	0.570	0.336	2.399	3614	4182
255	0.127	64.245	88.800	1.388	63.987	88.646	0.529	0.318	0.519	0.311	3.007	3031	4188
256	0.128	50.794	89.173	1.371	50.504	89.027	0.529	0.318	0.506	0.321	174.480	2393	4206
257	0.153	125.775	89.402	1.540	125.582	89.133	0.381	0.550	0.582	0.335	108.032	5935	4211
258	0.127	43.531	89.584	1.426	43.392	89.302	0.296	0.550	0.538	0.301	90.227	2053	4219
259	0.159	43.707	90.515	1.545	43.519	90.234	0.381	0.572	0.582	0.349	70.289	2066	4263
260	0.131	62.860	90.520	1.443	62.569	90.339	0.529	0.360	0.535	0.313	16.006	2973	4268
261	0.118	27.458	90.676	1.346	27.220	90.509	0.487	0.339	0.483	0.312	8.589	1300	4276
262	0.113	46.138	90.800	1.353	45.974	90.551	0.339	0.487	0.532	0.270	120.154	2174	4278
263	0.148	122.661	91.308	1.480	122.492	91.038	0.339	0.550	0.566	0.334	104.391	5791	4301
264	0.126	99.568	91.206	1.388	99.293	91.059	0.529	0.318	0.522	0.308	170.467	4696	4302
265	0.133	94.675	91.428	1.426	94.509	91.165	0.318	0.529	0.536	0.316	100.715	4470	4307
266	0.138	42.193	91.962	1.438	41.995	91.736	0.381	0.487	0.531	0.330	117.051	1986	4334
267	0.051	113.156	92.539	0.925	113.030	92.350	0.233	0.339	0.324	0.201	69.119	5345	4363
268	0.138	89.483	92.655	1.443	89.196	92.498	0.550	0.339	0.546	0.322	166.800	4220	4370
269	0.140	104.855	92.759	1.461	104.669	92.498	0.381	0.529	0.568	0.314	118.421	4947	4370
270	0.130	113.994	92.945	1.401	113.771	92.752	0.466	0.402	0.525	0.316	144.296	5375	4382
271	0.146	104.732	93.360	1.496	104.458	93.176	0.550	0.360	0.544	0.342	4.110	4948	4402
272	0.157	62.076	93.641	1.565	61.912	93.345	0.318	0.614	0.617	0.323	95.714	2929	4410
273	0.119	27.544	93.635	1.294	27.305	93.472	0.466	0.318	0.477	0.317	15.322	1298	4416
274	0.134	102.194	93.797	1.431	101.918	93.641	0.550	0.339	0.549	0.310	163.030	4818	4424
275	0.126	122.912	93.893	1.383	122.724	93.662	0.381	0.466	0.525	0.306	54.516	5808	4425
276	0.147	22.838	94.086	1.558	22.606	93.832	0.444	0.508	0.609	0.308	54.163	1080	4433
277	0.134	72.701	94.177	1.418	72.454	93.980	0.466	0.423	0.535	0.319	137.890	3426	4440
278	0.130	116.880	94.604	1.426	116.713	94.340	0.318	0.550	0.546	0.303	97.205	5519	4457
279	0.134	94.008	94.789	1.401	93.832	94.530	0.339	0.529	0.527	0.323	103.599	4438	4466
280	0.131	47.839	95.052	1.426	47.604	94.869	0.487	0.381	0.539	0.309	31.092	2259	4482
281	0.147	118.673	95.193	1.493	118.512	94.911	0.318	0.572	0.577	0.325	82.916	5606	4484
282	0.121	102.998	95.186	1.359	102.764	94.996	0.487	0.360	0.514	0.301	154.098	4860	4488
283	0.134	80.613	95.285	1.408	80.349	95.123	0.529	0.318	0.541	0.315	8.746	3807	4494
284	0.142	105.972	95.584	1.491	105.791	95.292	0.360	0.572	0.588	0.307	67.816	5010	4502
285	0.142	71.747	95.561	1.468	71.480	95.377	0.529	0.360	0.544	0.334	22.784	3388	4506
286	0.143	120.886	95.642	1.491	120.671	95.377	0.423	0.508	0.560	0.325	60.157	5712	4506
287	0.132	102.414	95.752	1.401	102.150	95.589	0.529	0.339	0.540	0.310	163.807	4830	4516
288	0.051	14.129	95.994	0.920	13.991	95.864	0.275	0.254	0.309	0.208	152.486	663	4529
289	0.145	104.905	96.442	1.521	104.712	96.181	0.402	0.550	0.598	0.308	60.672	4958	4544
290	0.138	42.115	96.692	1.461	41.846	96.499	0.508	0.381	0.548	0.322	27.956	1990	4559
291	0.163	103.181	96.807	1.600	102.870	96.626	0.593	0.381	0.609	0.341	168.844	4871	4565
292	0.152	28.474	97.150	1.503	28.194	96.922	0.508	0.423	0.567	0.342	34.638	1348	4579
293	0.132	66.302	97.250	1.448	66.104	97.007	0.402	0.487	0.557	0.302	57.159	3134	4583
294	0.124	112.782	97.440	1.359	112.586	97.197	0.381	0.466	0.516	0.305	56.278	5332	4592
295	0.136	87.110	97.514	1.401	86.932	97.261	0.360	0.508	0.522	0.331	75.047	4114	4595
296	0.173	130.129	99.537	1.605	129.858	99.335	0.593	0.402	0.574	0.385	173.812	6142	4693
297	0.156	129.210	99.600	1.630	128.926	99.399	0.572	0.381	0.592	0.336	161.661	6098	4696
298	0.133	59.138	99.765	1.443	58.970	99.483	0.318	0.572	0.560	0.302	97.923	2792	4700
299	0.124	31.835	100.015	1.359	31.602	99.822	0.466	0.381	0.505	0.313	34.219	1505	4716
300	0.151	119.953	100.171	1.521	119.698	99.928	0.487	0.466	0.572	0.336	44.851	5669	4721
301	0.104	94.994	100.396	1.299	94.742	100.245	0.487	0.318	0.492	0.269	22.468	4488	4736
302	0.141	29.554	101.012	1.456	29.295	100.838	0.529	0.360	0.557	0.323	18.338	1397	4764
303	0.132	128.877	101.216	1.401	128.630	101.029	0.508	0.360	0.515	0.327	163.014	6084	4773
304	0.126	56.157	101.368	1.371	55.901	101.198	0.508	0.339	0.520	0.309	20.480	2655	4781
305	0.153	15.776	101.377	1.540	15.473	101.219	0.593	0.339	0.589	0.331	176.941	738	4782
306	0.132	34.553	101.644	1.431	34.311	101.431	0.466	0.423	0.535	0.315	38.361	1637	4792
307	0.130	42.143	101.642	1.366	41.889	101.473	0.508	0.318	0.517	0.321	1.026	1988	4794
308	0.141	105.683	102.107	1.503	105.495	101.833	0.381	0.550	0.587	0.305	116.504	4988	4811
309	0.142	18.025	102.259	1.493	17.780	102.044	0.466	0.402	0.507	0.355	29.301	856	4821
310	0.149	31.073	103.273	1.486	30.903	102.997	0.339	0.572	0.560	0.339	86.292	1466	4866
311	0.134	120.954	103.519	1.408	120.777	103.251	0.339	0.508	0.527	0.323	74.610	5714	4878
312	0.151	71.783	103.753	1.613	71.607	103.463	0.360	0.593	0.570	0.338	74.841	3394	4888
313	0.131	82.966	103.957	1.438	82.804	103.674	0.339	0.529	0.548	0.305	110.654	3916	4898
314	0.142	110.502	104.024	1.466	110.278	103.780	0.487	0.444	0.553	0.327	141.924	5213	4903
315	0.128	38.388	104.023	1.486	38.121	103.865	0.529	0.339	0.554	0.294	14.545	1815	4907
316	0.154	87.611	104.689	1.508	87.397	104.436	0.423	0.508	0.540	0.363	60.456	4140	4934
317	0.168	88.339	104.798	1.610	88.053	104.584	0.572	0.423	0.599	0.358	22.830	4176	4941
318	0.162	129.565	104.913	1.700	129.265	104.733	0.614	0.360	0.605	0.341	168.797	6113	4948
319	0.042	125.005	105.318	0.805	124.883	105.177	0.233	0.275	0.320	0.168	49.045	5907	4969
320	0.122	70.881	105.477	1.373	70.739	105.220	0.275	0.529	0.540	0.288	92.263	3346	4971
321	0.149	73.074	105.486	1.486	72.877	105.220	0.402	0.508	0.563	0.336	120.746	3446	4971
322	0.131	77.588	105.772	1.388	77.385	105.537	0.402	0.466	0.511	0.326	124.178	3661	4986
323	0.145	72.124	105.922	1.486	71.946	105.643	0.360	0.550	0.559	0.331	69.992	3408	4991
324	0.124	24.252	105.963	1.353	24.109	105.706	0.296	0.529	0.522	0.303	87.443	1143	4994
325	0.123	92.278	106.395	1.396	92.096	106.151	0.381	0.466	0.530	0.296	122.209	4355	5015
326	0.164	50.714	106.499	1.618	50.504	106.214	0.402	0.572	0.618	0.338	67.310	2396	5018
327	0.125	58.915	106.413	1.359	58.695	106.214	0.444	0.402	0.522	0.304	140.727	2776	5018
328	0.143	60.205	106.656	1.466	59.944	106.447	0.508	0.423	0.575	0.318	145.837	2837	5029
329	0.133	67.786	107.153	1.406	67.564	106.934	0.444	0.444	0.542	0.311	135.454	3195	5052
330	0.138	66.434	107.245	1.456	66.167	107.082	0.529	0.339	0.543	0.323	166.866	3132	5059
331	0.150	108.608	107.757	1.473	108.352	107.569	0.529	0.381	0.539	0.354	15.360	5131	5082
332	0.138	108.046	107.896	1.418	107.802	107.696	0.487	0.402	0.509	0.344	32.292	5103	5088
333	0.141	120.450	108.249	1.473	120.206	108.056	0.508	0.402	0.556	0.322	31.271	5691	5105
334	0.150	119.242	108.563	1.486	118.999	108.331	0.466	0.444	0.560	0.341	40.610	5636	5118
335	0.145	102.125	109.474	1.528	101.854	109.284	0.550	0.360	0.579	0.319	163.755	4821	5163
336	0.149	43.396	109.737	1.508	43.138	109.516	0.529	0.423	0.581	0.327	147.305	2043	5174
337	0.139	77.223	109.806	1.486	77.047	109.538	0.339	0.572	0.569	0.312	101.107	3645	5175
338	0.136	128.322	109.792	1.443	128.058	109.622	0.550	0.339	0.550	0.314	173.989	6059	5179
339	0.135	36.503	109.886	1.441	36.237	109.664	0.508	0.423	0.551	0.312	36.501	1728	5181
340	0.162	73.107	110.806	1.623	72.792	110.596	0.593	0.423	0.604	0.341	27.831	3457	5225
341	0.132	128.449	110.977	1.413	128.185	110.786	0.508	0.360	0.528	0.319	22.067	6070	5234
342	0.132	82.933	111.367	1.401	82.677	111.188	0.508	0.360	0.547	0.306	24.987	3919	5253
343	0.134	90.238	111.591	1.443	89.958	111.421	0.550	0.339	0.574	0.297	161.279	4256	5264
344	0.138	108.035	112.373	1.438	107.886	112.099	0.318	0.550	0.548	0.319	79.562	5103	5296
345	0.146	68.745	112.495	1.533	68.474	112.310	0.550	0.381	0.560	0.332	24.902	3249	5306
346	0.139	67.242	113.483	1.468	67.014	113.284	0.487	0.402	0.531	0.334	148.562	3168	5352
347	0.127	90.982	113.991	1.366	90.720	113.834	0.508	0.318	0.514	0.314	2.840	4296	5378
348	0.133	42.073	114.255	1.438	41.910	113.961	0.318	0.550	0.542	0.312	81.635	1989	5384
349	0.108	87.333	114.494	1.276	87.186	114.279	0.296	0.466	0.475	0.289	96.090	4121	5399
350	0.128	128.694	114.616	1.388	128.439	114.427	0.487	0.381	0.512	0.317	27.614	6081	5406
351	0.125	52.246	114.679	1.341	52.028	114.490	0.444	0.381	0.510	0.313	148.665	2459	5409
352	0.126	76.673	114.696	1.371	76.433	114.512	0.487	0.360	0.500	0.322	165.982	3622	5410
353	0.134	38.106	114.945	1.396	37.952	114.681	0.318	0.529	0.526	0.324	95.770	1798	5418
354	0.148	64.004	114.890	1.515	63.754	114.681	0.508	0.423	0.586	0.321	146.979	3013	5418
355	0.146	92.416	115.100	1.503	92.181	114.872	0.487	0.444	0.567	0.328	38.842	4370	5427
356	0.145	58.694	116.163	1.498	58.526	115.888	0.339	0.572	0.566	0.326	92.677	2770	5475
357	0.138	48.283	116.270	1.461	48.048	116.057	0.444	0.466	0.549	0.321	127.859	2271	5483
358	0.139	36.021	116.587	1.461	35.772	116.374	0.508	0.402	0.573	0.309	148.112	1695	5498
359	0.124	69.742	116.546	1.346	69.490	116.374	0.508	0.339	0.503	0.313	162.789	3289	5498
360	0.129	71.797	117.045	1.341	71.607	116.819	0.381	0.444	0.494	0.331	125.927	3387	5519
361	0.108	44.274	117.035	1.244	44.027	116.882	0.466	0.318	0.453	0.305	11.237	2090	5522
362	0.128	86.338	117.269	1.376	86.148	117.009	0.381	0.487	0.480	0.340	112.315	4076	5528
363	0.128	44.551	118.014	1.383	44.281	117.856	0.529	0.318	0.514	0.317	1.547	2101	5568
364	0.131	103.650	119.134	1.388	103.463	118.872	0.360	0.508	0.515	0.325	111.857	4894	5616
365	0.119	127.780	119.208	1.366	127.550	119.020	0.466	0.360	0.509	0.298	152.156	6027	5623
366	0.133	95.152	119.317	1.426	94.911	119.105	0.466	0.402	0.547	0.310	34.373	4500	5627
367	0.124	121.605	119.428	1.341	121.348	119.274	0.508	0.318	0.501	0.314	170.687	5738	5635
368	0.134	79.202	119.572	1.443	78.909	119.401	0.550	0.339	0.545	0.313	13.564	3744	5641
369	0.129	74.249	120.480	1.413	74.083	120.206	0.339	0.529	0.523	0.315	102.868	3505	5679
370	0.118	77.289	121.461	1.323	77.026	121.306	0.508	0.296	0.512	0.294	8.825	3650	5731
371	0.142	71.272	121.627	1.448	71.056	121.391	0.444	0.466	0.549	0.330	50.227	3368	5735
372	0.127	38.840	121.928	1.413	38.672	121.666	0.360	0.508	0.539	0.300	113.804	1829	5748
373	0.123	24.191	122.104	1.359	23.961	121.899	0.444	0.402	0.525	0.298	41.372	1146	5759
374	0.136	105.138	122.206	1.426	104.966	121.941	0.339	0.529	0.536	0.322	94.167	4964	5761
375	0.146	49.022	122.379	1.486	48.768	122.153	0.487	0.423	0.555	0.335	37.798	2319	5771
376	0.163	100.161	122.488	1.558	99.864	122.280	0.550	0.402	0.566	0.367	23.047	4735	5777
377	0.140	40.871	122.940	1.468	40.704	122.682	0.360	0.529	0.551	0.324	72.288	1929	5796
378	0.115	50.970	122.849	1.311	50.736	122.682	0.466	0.339	0.500	0.292	153.109	2399	5796
379	0.134	37.093	123.851	1.431	36.915	123.592	0.360	0.529	0.551	0.311	112.655	1747	5839
380	0.136	72.106	124.289	1.413	71.946	124.016	0.339	0.529	0.514	0.336	99.666	3403	5859
381	0.136	53.866	124.429	1.418	53.636	124.206	0.444	0.444	0.524	0.331	44.337	2547	5868
382	0.131	81.078	124.965	1.486	80.793	124.820	0.550	0.339	0.526	0.318	169.412	3822	5897
383	0.129	109.180	125.599	1.443	108.966	125.391	0.402	0.444	0.498	0.330	125.095	5152	5924
384	0.140	101.593	126.062	1.486	101.410	125.772	0.360	0.550	0.546	0.326	74.817	4800	5942
385	0.131	19.232	126.107	1.448	19.050	125.836	0.381	0.529	0.560	0.298	119.051	902	5945
386	0.123	68.111	126.558	1.371	67.924	126.302	0.360	0.487	0.510	0.307	60.844	3221	5967
387	0.142	78.182	126.611	1.508	77.978	126.302	0.381	0.572	0.575	0.314	67.989	3696	5967
388	0.065	15.312	126.635	0.967	15.155	126.492	0.318	0.296	0.332	0.251	32.988	722	5976
389	0.060	109.637	127.877	0.997	109.495	127.698	0.275	0.360	0.375	0.202	66.938	5179	6033
390	0.124	44.641	127.998	1.401	44.450	127.720	0.360	0.508	0.516	0.305	62.661	2112	6034
391	0.138	63.033	127.976	1.473	62.780	127.783	0.508	0.381	0.537	0.327	155.937	2973	6037
392	0.125	123.419	129.041	1.413	123.254	128.799	0.318	0.529	0.501	0.319	94.313	5829	6085
393	0.147	53.866	129.491	1.526	53.658	129.244	0.444	0.487	0.568	0.329	125.787	2538	6106
394	0.147	98.900	129.605	1.486	98.700	129.328	0.381	0.529	0.565	0.331	64.600	4675	6110
395	0.163	46.805	130.028	1.558	46.609	129.752	0.402	0.550	0.576	0.361	111.343	2204	6130
396	0.103	77.775	130.350	1.286	77.618	130.112	0.339	0.466	0.521	0.253	117.799	3668	6147
397	0.144	45.152	130.430	1.510	44.958	130.175	0.381	0.508	0.539	0.341	59.841	2137	6150
398	0.130	52.495	130.809	1.359	52.303	130.577	0.381	0.466	0.512	0.323	119.189	2475	6169
399	0.142	122.198	130.870	1.438	121.984	130.641	0.423	0.444	0.525	0.345	51.144	5773	6172
400	0.062	60.057	130.835	1.052	59.880	130.704	0.402	0.254	0.361	0.218	5.090	2833	6175
401	0.117	75.426	131.058	1.311	75.226	130.852	0.402	0.402	0.506	0.296	134.436	3555	6182
402	0.138	98.774	131.752	1.443	98.573	131.508	0.402	0.487	0.549	0.319	59.095	4667	6213
403	0.134	74.784	131.898	1.401	74.549	131.720	0.487	0.381	0.511	0.333	157.445	3525	6223
404	0.138	58.328	132.490	1.431	58.145	132.228	0.360	0.529	0.521	0.338	72.313	2755	6247
405	0.151	67.513	132.571	1.618	67.225	132.398	0.614	0.381	0.588	0.328	179.678	3187	6255
406	0.143	57.731	132.702	1.498	57.552	132.419	0.339	0.550	0.560	0.325	84.255	2726	6256
407	0.147	49.547	133.095	1.486	49.340	132.842	0.423	0.487	0.528	0.355	119.554	2336	6276
408	0.115	86.152	133.354	1.371	86.000	133.096	0.296	0.550	0.533	0.274	97.185	4067	6288
409	0.144	46.727	133.535	1.510	46.461	133.350	0.529	0.360	0.552	0.333	174.610	2204	6300
410	0.168	44.605	134.009	1.648	44.429	133.689	0.360	0.635	0.615	0.347	94.679	2106	6316
411	0.127	99.517	134.427	1.391	99.378	134.154	0.296	0.529	0.540	0.300	94.097	4698	6338
412	0.131	52.312	134.822	1.413	52.155	134.556	0.339	0.529	0.548	0.305	70.467	2472	6357
