 	Area	X	Y	Perim.	BX	BY	Width	Height	Major	Minor	Angle	XStart	YStart
1	0.048	111.364	13.232	0.897	111.273	13.060	0.169	0.339	0.349	0.175	89.932	5262	617
2	0.131	23.321	15.596	1.348	23.156	15.367	0.339	0.466	0.485	0.343	82.595	1099	726
3	0.086	47.906	17.132	1.107	47.773	16.933	0.275	0.402	0.399	0.273	74.654	2264	800
4	0.095	26.218	17.447	1.137	26.035	17.272	0.360	0.339	0.361	0.335	164.322	1237	816
5	0.127	32.943	17.597	1.353	32.745	17.378	0.381	0.444	0.489	0.331	117.590	1550	821
6	0.121	102.218	18.127	1.304	102.002	17.949	0.444	0.381	0.447	0.346	23.067	4827	848
7	0.111	113.753	18.341	1.239	113.580	18.140	0.360	0.402	0.420	0.337	56.575	5375	857
8	0.081	81.963	18.364	1.064	81.788	18.203	0.339	0.318	0.337	0.305	33.835	3870	860
9	0.143	70.514	18.754	1.431	70.316	18.500	0.381	0.508	0.511	0.356	79.891	3330	874
10	0.079	61.885	18.861	1.040	61.743	18.669	0.296	0.360	0.346	0.290	107.134	2921	882
11	0.096	82.306	19.054	1.154	82.148	18.860	0.318	0.402	0.390	0.315	93.675	3886	891
12	0.147	30.669	19.533	1.456	30.501	19.262	0.339	0.550	0.554	0.337	83.682	1448	910
13	0.093	77.436	19.721	1.124	77.237	19.558	0.381	0.318	0.404	0.293	32.086	3657	924
14	0.142	106.959	19.986	1.426	106.786	19.727	0.339	0.529	0.516	0.351	86.060	5053	932
15	0.160	114.932	21.074	1.553	114.766	20.786	0.360	0.572	0.582	0.350	90.833	5426	982
16	0.152	30.686	23.534	1.533	30.480	23.241	0.402	0.550	0.563	0.344	63.863	1454	1098
17	0.233	81.623	23.575	2.026	81.344	23.304	0.614	0.550	0.638	0.466	10.393	3851	1101
18	0.151	17.986	23.752	1.498	17.801	23.495	0.360	0.550	0.552	0.348	86.651	846	1110
19	0.157	66.747	24.222	1.575	66.569	23.940	0.381	0.550	0.544	0.368	87.002	3150	1131
20	0.134	33.854	24.706	1.396	33.634	24.511	0.466	0.381	0.506	0.338	151.280	1591	1158
21	0.147	53.814	25.160	1.461	53.573	24.956	0.487	0.423	0.513	0.365	35.364	2541	1179
22	0.137	45.340	25.538	1.436	45.127	25.294	0.423	0.487	0.541	0.322	127.575	2137	1195
23	0.114	36.214	25.645	1.286	35.983	25.464	0.444	0.360	0.466	0.312	27.335	1711	1203
24	0.162	29.338	26.316	1.575	29.104	26.056	0.466	0.508	0.577	0.357	123.029	1380	1231
25	0.141	49.663	26.558	1.431	49.466	26.310	0.402	0.487	0.534	0.336	59.672	2347	1243
26	0.125	82.356	27.279	1.383	82.169	27.030	0.360	0.487	0.494	0.321	70.736	3892	1277
27	0.151	21.076	27.578	1.498	20.807	27.390	0.529	0.360	0.536	0.358	6.909	996	1294
28	0.119	39.462	27.712	1.311	39.306	27.474	0.318	0.487	0.487	0.310	81.595	1863	1298
29	0.155	75.888	27.716	1.551	75.628	27.496	0.508	0.444	0.558	0.355	152.825	3581	1299
30	0.126	41.521	27.812	1.351	41.275	27.622	0.466	0.402	0.503	0.320	142.584	1954	1305
31	0.153	70.590	27.814	1.610	70.294	27.622	0.572	0.423	0.555	0.350	20.829	3338	1305
32	0.137	33.511	27.916	1.421	33.338	27.665	0.339	0.508	0.528	0.330	83.316	1581	1307
33	0.156	67.875	27.829	1.523	67.585	27.665	0.572	0.339	0.567	0.350	177.350	3200	1307
34	0.145	74.956	28.664	1.473	74.676	28.490	0.550	0.339	0.556	0.332	171.964	3537	1346
35	0.135	26.531	29.296	1.388	26.289	29.104	0.487	0.381	0.523	0.329	149.543	1247	1375
36	0.139	44.037	29.983	1.418	43.815	29.760	0.444	0.444	0.550	0.322	133.893	2073	1406
37	0.141	76.709	29.996	1.431	76.454	29.803	0.508	0.381	0.514	0.350	2.188	3624	1408
38	0.133	87.137	30.126	1.401	86.974	29.866	0.339	0.529	0.525	0.321	100.522	4114	1411
39	0.119	85.214	30.665	1.304	85.048	30.416	0.339	0.487	0.485	0.312	110.945	4023	1437
40	0.135	58.571	30.704	1.378	58.399	30.459	0.339	0.487	0.503	0.341	80.683	2765	1439
41	0.136	55.907	31.140	1.413	55.668	30.946	0.487	0.381	0.541	0.320	150.420	2633	1462
42	0.138	106.870	31.579	1.436	106.659	31.306	0.402	0.508	0.526	0.334	60.357	5051	1479
43	0.135	54.406	31.622	1.406	54.144	31.454	0.529	0.360	0.527	0.326	16.245	2569	1486
44	0.160	77.915	32.288	1.688	77.618	32.068	0.572	0.466	0.550	0.372	19.254	3682	1515
45	0.128	51.391	32.523	1.359	51.181	32.322	0.423	0.423	0.486	0.335	46.093	2428	1527
46	0.146	12.505	33.120	1.456	12.319	32.872	0.381	0.508	0.548	0.339	61.748	591	1553
47	0.125	93.969	33.244	1.334	93.726	33.062	0.487	0.360	0.473	0.338	14.488	4439	1562
48	0.154	74.589	34.549	1.515	74.316	34.354	0.550	0.381	0.575	0.341	158.193	3515	1623
49	0.149	65.164	35.052	1.510	64.982	34.777	0.360	0.550	0.566	0.336	107.662	3074	1643
50	0.145	61.469	35.113	1.466	61.278	34.840	0.381	0.550	0.551	0.335	66.935	2905	1646
51	0.142	12.023	35.106	1.426	11.769	34.925	0.508	0.360	0.538	0.337	18.696	568	1650
52	0.123	99.578	35.207	1.311	99.420	34.967	0.318	0.487	0.487	0.322	96.463	4702	1652
53	0.139	48.261	35.652	1.443	48.070	35.391	0.381	0.508	0.524	0.338	109.001	2278	1672
54	0.155	72.046	35.778	1.588	71.755	35.602	0.593	0.360	0.597	0.330	176.710	3401	1682
55	0.155	52.808	35.994	1.508	52.536	35.772	0.529	0.423	0.560	0.354	29.663	2497	1690
56	0.152	75.920	36.269	1.515	75.734	35.983	0.360	0.572	0.567	0.341	83.565	3585	1700
57	0.147	84.055	36.707	1.456	83.799	36.534	0.529	0.360	0.524	0.357	1.323	3966	1726
58	0.147	43.330	36.809	1.450	43.074	36.640	0.529	0.339	0.543	0.344	173.049	2040	1731
59	0.140	98.301	36.947	1.486	98.129	36.682	0.339	0.550	0.555	0.322	96.229	4641	1733
60	0.132	24.676	36.965	1.388	24.426	36.766	0.487	0.381	0.506	0.332	21.278	1170	1737
61	0.144	64.793	37.086	1.515	64.516	36.915	0.593	0.339	0.565	0.325	175.421	3056	1744
62	0.152	69.041	37.305	1.498	68.770	37.126	0.550	0.360	0.556	0.348	14.770	3260	1754
63	0.135	104.005	38.219	1.406	103.822	37.952	0.381	0.508	0.547	0.314	120.127	4908	1793
64	0.151	48.932	38.272	1.503	48.747	37.994	0.381	0.550	0.565	0.339	73.691	2311	1795
65	0.126	44.580	38.818	1.376	44.386	38.566	0.381	0.487	0.509	0.315	114.928	2103	1822
66	0.153	39.336	39.232	1.503	39.074	39.031	0.550	0.381	0.568	0.342	161.353	1852	1844
67	0.154	97.708	39.898	1.533	97.536	39.603	0.360	0.572	0.559	0.350	92.551	4613	1871
68	0.143	42.102	39.830	1.413	41.846	39.645	0.508	0.360	0.537	0.340	161.980	1982	1873
69	0.157	62.844	39.933	1.521	62.590	39.709	0.508	0.444	0.570	0.351	145.775	2962	1876
70	0.132	96.540	40.037	1.413	96.351	39.793	0.381	0.487	0.523	0.320	63.345	4565	1880
71	0.121	60.505	40.154	1.341	60.262	40.005	0.508	0.318	0.515	0.300	13.584	2856	1890
72	0.135	62.067	40.776	1.406	61.849	40.555	0.444	0.444	0.544	0.317	136.053	2924	1916
73	0.136	40.217	40.764	1.418	39.963	40.576	0.508	0.381	0.518	0.334	157.379	1893	1917
74	0.152	33.311	40.871	1.515	32.999	40.704	0.593	0.339	0.582	0.332	178.986	1569	1923
75	0.154	89.774	41.403	1.510	89.514	41.212	0.529	0.381	0.570	0.343	154.282	4230	1947
76	0.144	64.966	41.482	1.438	64.791	41.233	0.360	0.508	0.530	0.347	71.920	3067	1948
77	0.161	9.773	41.749	1.575	9.504	41.550	0.550	0.402	0.559	0.366	18.808	465	1963
78	0.135	53.849	41.734	1.406	53.615	41.550	0.508	0.381	0.509	0.338	20.653	2542	1963
79	0.134	106.502	41.927	1.376	106.299	41.698	0.423	0.444	0.514	0.331	133.299	5026	1970
80	0.153	61.009	42.831	1.508	60.748	42.630	0.529	0.423	0.565	0.345	31.416	2883	2014
81	0.147	86.075	43.141	1.510	85.788	42.968	0.572	0.339	0.595	0.315	164.676	4059	2030
82	0.132	109.422	43.601	1.413	109.178	43.413	0.487	0.381	0.522	0.321	29.168	5172	2051
83	0.150	65.981	43.739	1.491	65.765	43.476	0.423	0.508	0.561	0.341	59.871	3118	2054
84	0.127	49.575	44.128	1.376	49.340	43.921	0.466	0.402	0.503	0.321	37.156	2344	2075
85	0.140	55.345	44.323	1.418	55.118	44.111	0.466	0.423	0.540	0.329	37.254	2617	2084
86	0.166	84.163	44.393	1.588	83.968	44.111	0.381	0.593	0.602	0.351	74.834	3975	2084
87	0.129	47.614	44.384	1.366	47.434	44.154	0.360	0.466	0.501	0.327	63.999	2249	2086
88	0.137	60.780	44.438	1.418	60.558	44.217	0.444	0.444	0.543	0.320	45.073	2872	2089
89	0.134	76.483	44.551	1.388	76.264	44.323	0.423	0.444	0.519	0.328	51.151	3614	2094
90	0.136	55.536	44.772	1.396	55.287	44.598	0.508	0.339	0.520	0.333	11.948	2621	2107
91	0.149	57.237	45.642	1.461	57.002	45.424	0.466	0.444	0.533	0.355	39.908	2705	2146
92	0.134	95.256	45.626	1.383	94.996	45.466	0.508	0.339	0.505	0.339	178.982	4495	2148
93	0.155	91.532	45.964	1.510	91.250	45.784	0.550	0.360	0.568	0.347	13.463	4323	2163
94	0.142	42.611	46.032	1.450	42.354	45.868	0.529	0.339	0.535	0.337	14.322	2010	2167
95	0.123	22.583	46.574	1.334	22.373	46.355	0.402	0.444	0.493	0.318	125.735	1061	2190
96	0.124	75.643	46.654	1.383	75.480	46.397	0.360	0.487	0.519	0.303	116.472	3567	2192
97	0.156	26.362	46.774	1.515	26.098	46.567	0.508	0.423	0.573	0.347	145.958	1236	2200
98	0.151	39.611	46.907	1.498	39.328	46.736	0.572	0.339	0.570	0.336	11.706	1869	2208
99	0.150	25.358	47.177	1.503	25.125	46.948	0.487	0.444	0.540	0.354	142.387	1190	2218
100	0.134	62.388	47.491	1.388	62.145	47.286	0.466	0.402	0.513	0.333	37.167	2947	2234
101	0.147	57.786	47.645	1.473	57.616	47.371	0.360	0.550	0.553	0.337	103.911	2727	2238
102	0.128	101.530	47.658	1.359	101.304	47.456	0.466	0.381	0.510	0.319	152.348	4791	2242
103	0.135	47.742	47.894	1.426	47.498	47.710	0.508	0.360	0.538	0.320	23.102	2257	2254
104	0.151	78.862	48.296	1.575	78.676	48.027	0.381	0.529	0.534	0.359	101.124	3721	2269
105	0.149	98.038	48.571	1.543	97.811	48.302	0.466	0.529	0.591	0.321	129.452	4625	2282
106	0.148	36.029	48.625	1.491	35.793	48.408	0.487	0.444	0.561	0.337	40.209	1704	2287
107	0.130	57.414	49.608	1.371	57.235	49.361	0.360	0.487	0.514	0.323	113.098	2709	2332
108	0.148	41.533	49.557	1.473	41.254	49.382	0.550	0.360	0.549	0.343	165.586	1955	2333
109	0.152	68.958	49.656	1.508	68.770	49.382	0.381	0.550	0.543	0.356	98.608	3256	2333
110	0.142	73.064	49.671	1.486	72.856	49.424	0.423	0.487	0.558	0.325	120.932	3443	2335
111	0.142	121.690	49.722	1.456	121.412	49.551	0.550	0.339	0.543	0.334	1.528	5745	2341
112	0.143	38.444	49.857	1.456	38.185	49.678	0.529	0.360	0.552	0.331	161.598	1808	2347
113	0.143	59.741	50.271	1.461	59.542	50.038	0.423	0.487	0.533	0.342	47.664	2826	2364
114	0.140	54.417	50.334	1.433	54.250	50.080	0.339	0.508	0.528	0.337	82.668	2568	2366
115	0.163	112.008	50.598	1.575	111.824	50.292	0.381	0.593	0.605	0.342	110.888	5286	2376
116	0.125	104.355	50.714	1.311	104.119	50.546	0.466	0.339	0.475	0.334	170.886	4926	2388
117	0.128	16.554	51.193	1.391	16.383	50.969	0.360	0.466	0.518	0.315	59.359	782	2408
118	0.147	109.122	51.609	1.478	108.902	51.372	0.487	0.444	0.548	0.342	140.941	5149	2427
119	0.129	61.961	51.661	1.341	61.722	51.477	0.466	0.360	0.486	0.340	20.057	2929	2432
120	0.159	79.234	52.122	1.526	78.994	51.880	0.487	0.487	0.584	0.347	137.532	3735	2451
121	0.134	46.079	52.173	1.394	45.868	51.943	0.444	0.444	0.537	0.316	133.341	2170	2454
122	0.136	94.938	52.696	1.443	94.678	52.514	0.508	0.360	0.545	0.317	21.514	4487	2481
123	0.130	47.610	52.785	1.378	47.350	52.642	0.529	0.296	0.534	0.311	173.658	2241	2487
124	0.149	88.339	53.218	1.498	88.074	53.022	0.529	0.381	0.571	0.332	25.814	4174	2505
125	0.144	43.565	53.450	1.473	43.307	53.276	0.529	0.360	0.547	0.336	165.600	2050	2517
126	0.154	118.838	53.501	1.523	118.554	53.319	0.550	0.360	0.570	0.344	10.979	5616	2519
127	0.154	63.250	53.762	1.503	62.992	53.552	0.508	0.423	0.543	0.360	33.679	2990	2530
128	0.144	70.962	54.328	1.450	70.781	54.081	0.360	0.508	0.540	0.339	112.176	3347	2555
129	0.148	80.644	54.368	1.473	80.412	54.166	0.466	0.423	0.525	0.358	34.586	3810	2559
130	0.135	45.357	54.635	1.453	45.148	54.398	0.423	0.487	0.540	0.318	54.898	2144	2570
131	0.148	44.501	54.960	1.461	44.238	54.737	0.487	0.423	0.535	0.352	37.114	2103	2586
132	0.130	83.758	54.912	1.371	83.502	54.737	0.508	0.339	0.511	0.325	12.143	3957	2586
133	0.141	44.570	55.986	1.436	44.365	55.753	0.423	0.487	0.549	0.327	53.241	2106	2634
134	0.122	92.199	56.089	1.376	91.969	55.880	0.444	0.423	0.529	0.294	40.836	4358	2640
135	0.146	113.638	56.737	1.461	113.390	56.536	0.508	0.402	0.549	0.339	150.209	5359	2671
136	0.137	42.088	56.895	1.426	41.825	56.727	0.529	0.339	0.526	0.331	168.994	1982	2680
137	0.146	44.071	57.135	1.468	43.900	56.854	0.339	0.550	0.550	0.338	97.642	2081	2686
138	0.142	88.298	57.268	1.418	88.053	57.065	0.487	0.402	0.540	0.334	31.887	4173	2696
139	0.146	76.912	57.379	1.483	76.687	57.129	0.466	0.487	0.557	0.334	130.519	3626	2699
140	0.141	30.199	57.437	1.443	29.930	57.256	0.529	0.360	0.536	0.334	162.349	1421	2705
141	0.128	92.071	58.254	1.371	91.863	58.039	0.402	0.444	0.520	0.313	131.208	4343	2742
142	0.131	87.729	58.569	1.401	87.503	58.357	0.444	0.423	0.538	0.310	40.492	4148	2757
143	0.133	72.788	58.842	1.378	72.538	58.674	0.487	0.339	0.510	0.331	167.121	3433	2772
144	0.133	43.833	59.181	1.443	43.667	58.886	0.339	0.550	0.531	0.318	78.398	2074	2782
145	0.122	40.805	59.755	1.341	40.576	59.563	0.444	0.381	0.495	0.315	37.183	1927	2814
146	0.150	72.077	60.194	1.503	71.840	59.965	0.487	0.444	0.548	0.347	143.119	3405	2833
147	0.137	119.037	60.231	1.396	118.787	60.050	0.487	0.360	0.507	0.343	156.840	5616	2837
148	0.157	98.485	60.439	1.533	98.298	60.156	0.381	0.572	0.575	0.347	76.233	4652	2842
149	0.136	43.302	60.677	1.471	43.095	60.431	0.423	0.508	0.562	0.307	50.532	2050	2855
150	0.153	35.930	60.698	1.528	35.645	60.516	0.572	0.360	0.591	0.329	164.318	1691	2859
151	0.141	83.722	60.916	1.461	83.460	60.727	0.529	0.381	0.543	0.331	24.374	3956	2869
152	0.141	85.103	61.299	1.424	84.857	61.087	0.487	0.423	0.534	0.336	34.232	4022	2886
153	0.147	45.535	61.459	1.486	45.254	61.278	0.550	0.360	0.551	0.339	178.216	2147	2895
154	0.134	113.495	61.537	1.438	113.326	61.278	0.339	0.529	0.557	0.307	109.695	5356	2895
155	0.142	105.497	61.774	1.461	105.304	61.510	0.381	0.529	0.554	0.327	115.962	4979	2906
156	0.145	100.783	62.234	1.468	100.605	61.955	0.360	0.529	0.556	0.332	110.557	4759	2927
157	0.142	79.891	62.409	1.443	79.650	62.230	0.508	0.360	0.518	0.349	5.576	3772	2940
158	0.149	115.524	62.526	1.486	115.337	62.251	0.381	0.529	0.559	0.340	66.228	5460	2941
159	0.142	74.024	62.751	1.426	73.766	62.590	0.529	0.339	0.534	0.337	3.659	3492	2957
160	0.154	36.137	63.249	1.473	35.878	63.056	0.529	0.381	0.558	0.350	158.023	1698	2979
161	0.167	82.704	63.249	1.623	82.402	63.056	0.593	0.381	0.584	0.364	11.967	3906	2979
162	0.139	30.557	63.325	1.431	30.290	63.140	0.529	0.360	0.538	0.329	10.364	1446	2983
163	0.151	83.750	63.442	1.503	83.481	63.246	0.550	0.381	0.556	0.346	15.817	3960	2988
164	0.150	71.527	63.774	1.503	71.332	63.500	0.381	0.550	0.555	0.344	107.961	3376	3000
165	0.151	63.680	64.150	1.521	63.458	63.881	0.444	0.508	0.584	0.328	52.159	3012	3018
166	0.126	91.034	64.201	1.371	90.826	63.987	0.402	0.444	0.492	0.326	53.316	4301	3023
167	0.153	43.002	64.392	1.526	42.778	64.135	0.444	0.508	0.573	0.340	127.247	2025	3030
168	0.151	78.047	64.497	1.533	77.809	64.283	0.487	0.423	0.514	0.373	32.000	3687	3037
169	0.148	78.695	64.565	1.468	78.422	64.389	0.529	0.360	0.558	0.337	162.673	3709	3042
170	0.156	111.246	64.682	1.493	111.083	64.410	0.339	0.550	0.562	0.353	89.642	5252	3043
171	0.146	112.383	65.252	1.503	112.204	64.960	0.360	0.572	0.563	0.331	105.293	5307	3069
172	0.144	95.179	65.887	1.478	94.975	65.638	0.402	0.529	0.553	0.332	112.970	4490	3101
173	0.133	22.651	65.853	1.396	22.416	65.659	0.466	0.381	0.512	0.331	151.099	1064	3102
174	0.138	83.879	66.073	1.466	83.608	65.892	0.550	0.360	0.532	0.330	172.579	3960	3113
175	0.150	29.790	66.137	1.473	29.528	65.934	0.508	0.402	0.548	0.348	152.448	1401	3115
176	0.157	36.418	66.260	1.526	36.153	66.040	0.550	0.423	0.573	0.349	152.174	1713	3120
177	0.131	53.358	66.297	1.401	53.086	66.146	0.529	0.318	0.531	0.313	179.813	2515	3125
178	0.158	73.066	66.503	1.535	72.877	66.230	0.360	0.550	0.568	0.353	86.646	3449	3129
179	0.143	47.302	66.760	1.473	47.117	66.484	0.360	0.550	0.555	0.328	78.210	2234	3141
180	0.143	83.892	66.871	1.466	83.630	66.696	0.550	0.360	0.544	0.336	168.112	3955	3151
181	0.138	28.733	66.930	1.426	28.469	66.760	0.529	0.339	0.535	0.330	173.929	1352	3154
182	0.121	40.641	67.050	1.316	40.450	66.823	0.381	0.444	0.474	0.326	54.705	1922	3157
183	0.145	111.319	67.178	1.473	111.040	66.992	0.529	0.381	0.547	0.338	159.012	5253	3165
184	0.148	106.804	67.744	1.461	106.532	67.564	0.529	0.381	0.555	0.340	157.173	5037	3192
185	0.138	45.751	68.384	1.426	45.487	68.220	0.529	0.339	0.538	0.326	171.999	2157	3223
186	0.148	112.347	68.616	1.478	112.141	68.368	0.423	0.508	0.548	0.345	56.331	5310	3230
187	0.146	51.358	68.569	1.473	51.096	68.390	0.529	0.381	0.550	0.338	19.163	2425	3231
188	0.134	111.799	68.891	1.413	111.633	68.644	0.360	0.508	0.532	0.322	71.564	5280	3243
189	0.139	32.705	69.142	1.448	32.448	68.940	0.508	0.402	0.554	0.319	31.284	1547	3257
190	0.132	84.649	69.346	1.413	84.455	69.109	0.381	0.487	0.525	0.321	118.217	3991	3265
191	0.141	82.601	69.361	1.431	82.360	69.152	0.487	0.402	0.515	0.349	31.964	3904	3267
192	0.143	109.794	69.436	1.448	109.580	69.194	0.423	0.487	0.546	0.333	55.071	5188	3269
193	0.147	53.770	69.519	1.533	53.509	69.278	0.529	0.423	0.521	0.359	8.396	2541	3273
194	0.143	99.259	69.568	1.431	99.060	69.321	0.402	0.487	0.551	0.330	122.658	4684	3275
195	0.142	34.783	70.311	1.443	34.523	70.146	0.550	0.339	0.545	0.332	178.682	1637	3314
196	0.125	96.993	70.360	1.351	96.774	70.146	0.423	0.444	0.491	0.324	129.035	4576	3314
197	0.142	7.685	70.880	1.586	7.451	70.654	0.466	0.487	0.556	0.325	46.233	366	3338
198	0.127	60.390	70.878	1.364	60.134	70.697	0.487	0.381	0.503	0.322	153.883	2847	3340
199	0.144	16.374	71.402	1.473	16.150	71.184	0.466	0.444	0.554	0.330	42.841	776	3363
200	0.150	55.365	71.467	1.498	55.076	71.289	0.572	0.339	0.568	0.336	175.140	2613	3368
201	0.135	73.416	71.952	1.406	73.216	71.713	0.402	0.487	0.547	0.315	122.814	3462	3388
202	0.158	14.707	72.179	1.503	14.499	71.924	0.423	0.508	0.560	0.360	59.107	695	3398
203	0.145	87.290	72.271	1.443	87.037	72.094	0.529	0.360	0.540	0.342	19.324	4122	3406
204	0.134	67.329	72.346	1.431	67.077	72.157	0.487	0.402	0.548	0.312	148.521	3172	3409
205	0.128	16.007	72.583	1.371	15.790	72.390	0.444	0.402	0.490	0.332	34.650	757	3420
206	0.136	29.660	72.804	1.461	29.400	72.602	0.508	0.402	0.562	0.308	28.211	1405	3430
207	0.121	66.563	73.339	1.351	66.315	73.110	0.444	0.423	0.483	0.319	44.545	3148	3454
208	0.134	52.003	73.339	1.421	51.731	73.194	0.529	0.318	0.552	0.310	173.584	2449	3458
209	0.160	61.740	73.575	1.558	61.553	73.300	0.381	0.572	0.578	0.353	78.914	2916	3463
210	0.121	25.043	73.614	1.401	24.807	73.406	0.466	0.402	0.527	0.292	30.755	1192	3468
211	0.134	107.932	73.938	1.443	107.760	73.660	0.339	0.529	0.533	0.321	82.173	5100	3480
212	0.153	72.696	73.953	1.538	72.496	73.681	0.402	0.550	0.573	0.339	117.234	3429	3481
213	0.168	16.589	74.515	1.570	16.298	74.337	0.593	0.360	0.597	0.357	174.922	778	3512
214	0.159	81.739	75.000	1.556	81.470	74.761	0.529	0.466	0.577	0.352	139.805	3856	3532
215	0.134	16.502	75.399	1.383	16.256	75.226	0.508	0.339	0.526	0.325	163.652	772	3554
216	0.134	76.349	75.678	1.376	76.136	75.459	0.444	0.423	0.516	0.330	137.337	3601	3565
217	0.140	37.391	75.826	1.431	37.126	75.628	0.508	0.381	0.512	0.347	26.040	1767	3573
218	0.147	39.890	76.200	1.491	39.688	75.946	0.402	0.529	0.564	0.333	64.406	1884	3588
219	0.149	63.702	76.379	1.486	63.521	76.115	0.360	0.550	0.572	0.332	108.694	3004	3596
220	0.141	34.738	76.466	1.443	34.502	76.264	0.487	0.402	0.534	0.337	30.336	1642	3603
221	0.098	8.132	76.575	1.149	7.938	76.412	0.381	0.318	0.385	0.323	179.062	383	3610
222	0.132	93.930	76.746	1.364	93.747	76.496	0.381	0.487	0.515	0.326	119.750	4433	3614
223	0.135	120.714	76.667	1.396	120.460	76.496	0.508	0.339	0.516	0.333	8.438	5702	3614
224	0.103	8.128	77.313	1.244	7.916	77.152	0.402	0.339	0.392	0.336	160.782	381	3645
225	0.133	9.737	77.988	1.388	9.525	77.788	0.444	0.423	0.502	0.336	39.543	459	3675
226	0.159	112.066	78.137	1.540	111.781	77.957	0.572	0.360	0.587	0.344	163.461	5286	3683
227	0.147	81.969	78.306	1.498	81.788	78.020	0.339	0.572	0.582	0.323	99.065	3869	3686
228	0.144	52.391	78.298	1.443	52.134	78.105	0.508	0.381	0.545	0.337	154.403	2466	3690
229	0.120	67.967	79.002	1.334	67.755	78.782	0.423	0.423	0.511	0.299	134.870	3204	3722
230	0.131	54.007	79.322	1.359	53.784	79.121	0.444	0.402	0.515	0.324	139.862	2544	3738
231	0.133	81.690	79.689	1.406	81.470	79.460	0.444	0.444	0.527	0.321	132.048	3853	3754
232	0.140	26.182	80.157	1.413	25.908	79.989	0.529	0.339	0.533	0.334	12.647	1235	3779
233	0.132	61.244	80.359	1.394	61.045	80.095	0.381	0.508	0.515	0.325	64.842	2895	3784
234	0.135	72.332	80.408	1.424	72.115	80.179	0.444	0.466	0.516	0.334	46.764	3421	3788
235	0.137	48.447	80.677	1.431	48.260	80.412	0.360	0.529	0.528	0.330	75.869	2290	3799
236	0.151	50.468	80.753	1.496	50.250	80.497	0.444	0.508	0.560	0.344	124.335	2380	3803
237	0.137	30.982	80.687	1.413	30.734	80.518	0.529	0.339	0.534	0.327	168.356	1456	3804
238	0.142	88.329	80.804	1.468	88.159	80.518	0.339	0.550	0.551	0.327	80.371	4174	3804
239	0.126	35.989	80.903	1.334	35.750	80.708	0.466	0.381	0.482	0.333	156.226	1697	3813
240	0.127	43.166	81.358	1.359	42.926	81.174	0.487	0.360	0.505	0.321	26.464	2040	3835
241	0.150	104.627	81.474	1.478	104.394	81.238	0.444	0.487	0.568	0.336	127.886	4935	3838
242	0.158	26.925	81.483	1.498	26.649	81.280	0.529	0.381	0.533	0.378	12.376	1271	3840
243	0.162	72.609	81.897	1.533	72.390	81.661	0.444	0.508	0.556	0.371	56.239	3429	3858
244	0.142	49.698	82.052	1.461	49.509	81.788	0.402	0.508	0.540	0.334	121.910	2342	3864
245	0.129	7.679	81.984	1.378	7.472	81.809	0.423	0.360	0.457	0.361	21.171	361	3865
246	0.143	67.412	82.232	1.443	67.225	81.978	0.381	0.508	0.540	0.337	64.144	3185	3873
247	0.129	25.419	82.398	1.351	25.210	82.169	0.423	0.444	0.506	0.324	46.874	1203	3882
248	0.153	65.707	82.568	1.496	65.468	82.338	0.487	0.466	0.558	0.350	43.582	3106	3890
249	0.155	74.782	82.715	1.515	74.507	82.529	0.550	0.381	0.567	0.348	159.991	3525	3899
250	0.129	87.956	82.710	1.431	87.694	82.550	0.572	0.318	0.538	0.304	6.990	4153	3900
251	0.155	77.929	82.845	1.526	77.703	82.592	0.466	0.508	0.590	0.335	130.347	3674	3902
252	0.142	109.683	82.827	1.473	109.432	82.614	0.487	0.423	0.569	0.319	144.202	5174	3903
253	0.125	80.412	83.029	1.376	80.222	82.783	0.381	0.487	0.510	0.312	114.976	3794	3911
254	0.141	87.244	83.073	1.480	87.058	82.804	0.360	0.529	0.564	0.318	108.974	4116	3912
255	0.125	45.172	83.336	1.383	45.022	83.079	0.318	0.508	0.507	0.313	91.733	2130	3925
256	0.131	88.155	83.271	1.383	87.905	83.100	0.508	0.339	0.517	0.322	171.244	4161	3926
257	0.149	64.251	83.513	1.493	64.093	83.227	0.318	0.572	0.577	0.329	85.425	3034	3932
258	0.138	12.914	83.555	1.486	12.742	83.291	0.339	0.550	0.555	0.317	80.433	609	3935
259	0.152	35.160	83.587	1.515	34.904	83.397	0.529	0.402	0.570	0.339	28.487	1660	3940
260	0.152	82.966	83.714	1.480	82.698	83.545	0.550	0.339	0.557	0.348	174.704	3913	3947
261	0.150	114.643	83.875	1.521	114.427	83.608	0.423	0.529	0.562	0.339	122.581	5409	3950
262	0.151	23.731	84.050	1.480	23.558	83.778	0.339	0.550	0.564	0.340	98.741	1118	3958
263	0.145	69.571	84.036	1.491	69.300	83.862	0.529	0.360	0.533	0.346	174.962	3284	3962
264	0.136	31.994	84.127	1.401	31.729	83.947	0.508	0.360	0.512	0.337	14.367	1511	3966
265	0.132	85.164	84.500	1.378	85.005	84.243	0.318	0.508	0.520	0.322	87.908	4022	3980
266	0.129	63.265	84.633	1.378	63.034	84.434	0.444	0.381	0.495	0.333	28.996	2996	3989
267	0.153	16.115	85.472	1.521	15.875	85.238	0.487	0.466	0.575	0.338	41.302	766	4027
268	0.142	15.488	86.019	1.478	15.304	85.746	0.360	0.572	0.558	0.324	103.940	728	4051
269	0.147	13.727	86.761	1.426	13.462	86.593	0.529	0.339	0.530	0.352	1.286	642	4091
270	0.143	79.602	86.938	1.456	79.417	86.678	0.360	0.529	0.549	0.332	105.612	3756	4095
271	0.145	80.093	86.921	1.448	79.883	86.678	0.423	0.487	0.556	0.332	129.585	3776	4095
272	0.143	66.055	87.056	1.448	65.850	86.804	0.423	0.487	0.547	0.334	125.756	3114	4101
273	0.140	21.565	87.191	1.424	21.357	86.932	0.423	0.487	0.531	0.336	129.418	1013	4107
274	0.164	11.692	87.273	1.570	11.515	86.974	0.360	0.593	0.592	0.353	85.276	553	4109
275	0.142	48.704	87.493	1.570	48.535	87.143	0.318	0.635	0.594	0.304	85.747	2302	4117
276	0.155	45.732	87.850	1.510	45.572	87.566	0.339	0.572	0.583	0.339	78.879	2159	4137
277	0.148	119.667	87.752	1.486	119.401	87.566	0.529	0.381	0.551	0.343	19.811	5654	4137
278	0.152	48.552	88.095	1.523	48.387	87.820	0.339	0.572	0.576	0.337	82.554	2292	4149
279	0.137	60.284	88.117	1.413	60.113	87.863	0.339	0.529	0.533	0.328	98.443	2844	4151
280	0.147	77.379	88.083	1.453	77.131	87.863	0.508	0.423	0.547	0.341	145.995	3650	4151
281	0.143	68.743	88.196	1.436	68.538	87.948	0.423	0.487	0.530	0.343	125.468	3242	4155
282	0.153	15.113	88.708	1.478	14.859	88.498	0.508	0.423	0.547	0.357	151.978	708	4181
283	0.140	75.239	88.792	1.401	75.015	88.582	0.444	0.423	0.518	0.345	138.956	3547	4185
284	0.159	100.725	88.949	1.553	100.563	88.667	0.339	0.593	0.595	0.340	87.868	4755	4189
285	0.131	59.732	88.914	1.383	59.478	88.752	0.508	0.339	0.526	0.318	20.238	2819	4193
286	0.127	102.709	89.142	1.366	102.552	88.900	0.318	0.508	0.508	0.319	90.928	4849	4200
287	0.155	113.137	89.145	1.515	112.861	88.964	0.550	0.360	0.554	0.355	9.208	5342	4203
288	0.138	82.485	89.681	1.456	82.317	89.408	0.339	0.550	0.555	0.317	100.982	3894	4224
289	0.147	86.876	89.838	1.503	86.678	89.577	0.402	0.529	0.575	0.325	62.811	4105	4232
290	0.135	87.837	89.809	1.418	87.566	89.620	0.508	0.381	0.532	0.324	29.254	4150	4234
291	0.150	46.095	89.921	1.521	45.889	89.641	0.423	0.529	0.589	0.324	121.686	2171	4235
292	0.137	45.509	90.225	1.426	45.318	89.980	0.360	0.508	0.534	0.326	108.934	2145	4251
293	0.139	74.718	90.399	1.426	74.464	90.234	0.508	0.339	0.519	0.342	1.024	3526	4263
294	0.155	75.312	90.725	1.491	75.078	90.488	0.444	0.487	0.558	0.354	128.037	3551	4275
295	0.130	57.659	90.782	1.396	57.489	90.530	0.339	0.508	0.525	0.316	109.749	2720	4277
296	0.139	54.016	90.890	1.448	53.848	90.614	0.339	0.550	0.527	0.335	97.768	2550	4281
297	0.127	21.007	90.829	1.336	20.764	90.678	0.487	0.318	0.499	0.324	174.414	986	4284
298	0.161	21.312	91.293	1.586	21.040	91.038	0.508	0.508	0.602	0.340	48.232	1010	4301
299	0.130	47.663	91.536	1.426	47.498	91.250	0.318	0.550	0.538	0.307	94.368	2248	4311
300	0.133	75.425	91.474	1.394	75.184	91.271	0.487	0.402	0.523	0.324	149.115	3557	4312
301	0.130	86.398	91.508	1.378	86.170	91.313	0.444	0.381	0.508	0.326	32.117	4084	4314
302	0.145	65.228	91.748	1.573	64.939	91.504	0.508	0.487	0.560	0.330	131.363	3077	4323
303	0.155	18.395	91.789	1.515	18.140	91.588	0.508	0.402	0.549	0.360	154.782	861	4327
304	0.146	55.245	91.856	1.448	54.991	91.652	0.508	0.402	0.550	0.338	150.073	2602	4330
305	0.140	15.591	91.858	1.486	15.325	91.694	0.550	0.360	0.578	0.308	21.491	735	4332
306	0.127	75.564	91.940	1.351	75.353	91.715	0.444	0.423	0.498	0.325	135.567	3564	4333
307	0.138	45.450	92.227	1.426	45.191	92.054	0.508	0.360	0.533	0.329	21.679	2146	4349
308	0.146	113.018	92.738	1.556	112.818	92.456	0.423	0.529	0.562	0.331	59.800	5343	4368
309	0.131	81.428	92.711	1.406	81.195	92.498	0.487	0.402	0.528	0.315	147.132	3842	4370
310	0.146	80.716	92.946	1.483	80.476	92.710	0.466	0.466	0.533	0.349	49.271	3813	4380
311	0.142	69.879	93.055	1.413	69.617	92.879	0.508	0.360	0.524	0.345	164.388	3294	4388
312	0.147	74.153	93.066	1.456	73.872	92.901	0.550	0.339	0.546	0.343	179.121	3499	4389
313	0.142	53.092	93.284	1.456	52.938	93.006	0.318	0.572	0.554	0.326	90.119	2507	4394
314	0.140	50.540	93.488	1.431	50.356	93.218	0.381	0.508	0.508	0.352	107.292	2385	4404
315	0.150	62.388	93.532	1.483	62.145	93.303	0.508	0.444	0.570	0.334	143.189	2941	4408
316	0.158	19.559	93.747	1.538	19.325	93.493	0.466	0.508	0.578	0.347	127.451	917	4417
317	0.131	78.583	93.665	1.408	78.296	93.514	0.550	0.296	0.549	0.303	0.633	3708	4418
318	0.129	83.168	93.831	1.364	82.952	93.620	0.444	0.423	0.517	0.318	42.306	3931	4423
319	0.139	113.732	93.958	1.456	113.559	93.684	0.339	0.550	0.559	0.316	108.844	5370	4426
320	0.131	17.714	94.098	1.378	17.462	93.938	0.508	0.318	0.520	0.321	173.864	831	4438
321	0.135	29.024	94.354	1.383	28.766	94.192	0.508	0.339	0.513	0.334	175.947	1364	4450
322	0.131	27.565	94.518	1.388	27.368	94.276	0.402	0.466	0.524	0.319	53.889	1305	4454
323	0.137	78.404	94.487	1.406	78.147	94.276	0.487	0.402	0.524	0.333	32.276	3706	4454
324	0.138	7.635	94.514	1.443	7.430	94.298	0.423	0.444	0.495	0.355	54.114	361	4455
325	0.151	122.227	94.680	1.503	122.047	94.403	0.381	0.550	0.560	0.344	73.841	5775	4460
326	0.135	18.119	94.836	1.388	17.907	94.615	0.423	0.444	0.521	0.329	130.025	849	4470
327	0.145	76.431	94.916	1.443	76.179	94.721	0.508	0.381	0.536	0.344	157.787	3604	4475
328	0.154	66.790	94.965	1.491	66.548	94.742	0.487	0.444	0.573	0.342	140.807	3147	4476
329	0.144	55.463	95.005	1.496	55.224	94.763	0.466	0.487	0.593	0.309	131.292	2613	4477
330	0.149	47.620	95.114	1.515	47.456	94.827	0.339	0.593	0.590	0.321	99.893	2247	4480
331	0.135	29.401	95.105	1.413	29.231	94.848	0.360	0.508	0.533	0.322	113.155	1382	4481
332	0.136	40.893	95.250	1.408	40.725	94.996	0.339	0.508	0.529	0.327	107.134	1926	4488
333	0.133	56.572	95.343	1.394	56.367	95.102	0.423	0.466	0.528	0.321	130.949	2667	4493
334	0.135	78.702	95.441	1.421	78.444	95.292	0.529	0.318	0.544	0.316	7.441	3713	4502
335	0.134	17.107	95.495	1.468	16.849	95.335	0.529	0.339	0.551	0.308	17.742	808	4504
336	0.115	33.990	95.616	1.281	33.761	95.462	0.466	0.318	0.466	0.314	7.616	1605	4510
337	0.134	53.805	95.721	1.431	53.573	95.504	0.466	0.423	0.537	0.316	134.254	2534	4512
338	0.143	94.743	95.815	1.453	94.488	95.589	0.487	0.444	0.549	0.332	137.352	4469	4516
339	0.135	39.803	95.954	1.408	39.645	95.694	0.318	0.529	0.541	0.318	83.837	1878	4521
340	0.054	129.125	96.014	0.950	128.968	95.843	0.275	0.318	0.346	0.200	59.536	6101	4528
341	0.138	70.067	96.104	1.448	69.850	95.864	0.444	0.466	0.543	0.322	137.956	3302	4529
342	0.143	84.195	96.079	1.448	83.947	95.864	0.508	0.402	0.548	0.333	149.247	3972	4529
343	0.130	31.042	96.179	1.406	30.861	95.927	0.360	0.508	0.516	0.322	109.241	1462	4532
344	0.138	24.424	97.175	1.486	24.151	96.986	0.529	0.381	0.566	0.312	153.419	1142	4582
345	0.138	54.749	97.195	1.424	54.504	96.986	0.508	0.402	0.534	0.328	144.404	2579	4582
346	0.115	78.902	97.286	1.291	78.676	97.113	0.466	0.360	0.473	0.310	31.239	3726	4588
347	0.118	45.492	97.588	1.341	45.339	97.346	0.318	0.508	0.496	0.303	91.999	2147	4599
348	0.138	117.615	97.792	1.448	117.412	97.536	0.402	0.508	0.540	0.324	60.676	5558	4608
349	0.137	68.991	97.822	1.413	68.792	97.578	0.381	0.487	0.523	0.333	117.463	3255	4610
350	0.151	14.288	98.043	1.456	14.034	97.854	0.508	0.381	0.527	0.366	15.252	675	4623
351	0.156	57.322	98.415	1.521	57.086	98.171	0.487	0.466	0.569	0.349	138.901	2702	4638
352	0.161	29.618	98.942	1.553	29.337	98.764	0.572	0.360	0.590	0.348	13.863	1397	4666
353	0.138	40.576	99.062	1.443	40.386	98.806	0.381	0.508	0.565	0.312	118.572	1910	4668
354	0.142	12.576	99.229	1.466	12.340	98.996	0.444	0.487	0.554	0.327	130.083	587	4677
355	0.133	104.824	99.366	1.426	104.648	99.102	0.339	0.529	0.547	0.308	72.344	4953	4682
356	0.141	22.820	99.402	1.461	22.585	99.187	0.487	0.423	0.549	0.326	146.768	1072	4686
357	0.147	28.716	99.547	1.461	28.512	99.293	0.423	0.487	0.538	0.348	126.631	1352	4691
358	0.153	15.976	99.480	1.510	15.706	99.314	0.550	0.360	0.556	0.351	15.025	751	4692
359	0.126	14.059	99.564	1.336	13.822	99.399	0.466	0.339	0.500	0.321	23.600	661	4696
360	0.122	80.548	99.730	1.346	80.349	99.505	0.423	0.423	0.523	0.298	137.923	3798	4701
361	0.142	52.407	99.811	1.466	52.155	99.589	0.508	0.423	0.559	0.323	142.201	2468	4705
362	0.138	15.719	99.992	1.431	15.452	99.822	0.529	0.360	0.540	0.326	159.716	733	4716
363	0.150	23.474	100.319	1.486	23.220	100.140	0.529	0.360	0.541	0.353	14.456	1108	4731
364	0.146	30.219	100.401	1.503	29.951	100.224	0.550	0.360	0.573	0.324	163.248	1419	4735
365	0.131	20.123	101.018	1.401	19.939	100.753	0.360	0.508	0.539	0.309	63.574	952	4760
366	0.154	78.662	100.942	1.498	78.380	100.753	0.550	0.360	0.558	0.352	174.838	3715	4760
367	0.151	63.225	101.066	1.526	62.950	100.859	0.572	0.402	0.583	0.331	156.742	2981	4765
368	0.078	57.815	101.231	1.124	57.679	101.071	0.296	0.339	0.351	0.281	77.677	2727	4775
369	0.132	47.428	101.364	1.376	47.223	101.134	0.423	0.444	0.515	0.326	133.154	2236	4778
370	0.149	22.468	101.346	1.491	22.204	101.156	0.529	0.381	0.565	0.336	157.065	1051	4779
371	0.154	68.960	101.405	1.510	68.686	101.219	0.550	0.360	0.574	0.342	166.459	3251	4782
372	0.128	120.773	101.404	1.348	120.523	101.240	0.487	0.318	0.505	0.323	10.290	5703	4783
373	0.159	28.086	101.440	1.545	27.792	101.261	0.593	0.360	0.600	0.338	15.756	1326	4784
374	0.120	61.434	101.482	1.339	61.214	101.261	0.444	0.423	0.515	0.297	135.640	2897	4784
375	0.145	11.023	101.589	1.450	10.858	101.325	0.339	0.529	0.539	0.343	96.472	516	4787
376	0.170	9.687	102.097	1.570	9.398	101.918	0.593	0.360	0.591	0.366	175.725	452	4815
377	0.145	48.087	102.089	1.438	47.816	101.918	0.529	0.339	0.544	0.339	8.457	2269	4815
378	0.154	57.441	102.131	1.528	57.171	101.939	0.550	0.381	0.580	0.337	158.967	2705	4816
379	0.153	59.836	102.266	1.503	59.563	102.087	0.550	0.381	0.553	0.353	163.562	2819	4823
380	0.142	80.905	102.419	1.431	80.708	102.172	0.381	0.508	0.522	0.348	109.474	3817	4827
381	0.123	97.727	102.357	1.359	97.472	102.172	0.487	0.360	0.522	0.300	27.406	4619	4827
382	0.122	26.015	102.441	1.401	25.781	102.235	0.466	0.402	0.521	0.299	41.304	1232	4830
383	0.141	88.462	102.794	1.456	88.286	102.510	0.339	0.550	0.550	0.326	82.123	4179	4843
384	0.144	115.698	102.859	1.496	115.422	102.658	0.529	0.423	0.574	0.319	148.783	5457	4850
385	0.134	31.111	102.828	1.396	30.840	102.680	0.550	0.296	0.549	0.310	1.159	1463	4851
386	0.084	7.531	103.104	1.154	7.408	102.891	0.275	0.444	0.418	0.255	87.995	353	4861
387	0.141	76.407	103.150	1.486	76.221	102.891	0.360	0.550	0.559	0.322	105.825	3605	4861
388	0.138	61.385	103.202	1.431	61.129	103.018	0.529	0.360	0.557	0.316	155.909	2891	4867
389	0.134	79.039	103.394	1.438	78.761	103.230	0.529	0.339	0.543	0.315	169.645	3728	4877
390	0.129	87.148	103.718	1.431	86.974	103.442	0.360	0.529	0.544	0.302	115.501	4112	4887
391	0.127	76.046	103.716	1.353	75.883	103.463	0.318	0.508	0.499	0.325	91.987	3592	4888
392	0.147	56.649	103.680	1.461	56.388	103.484	0.508	0.402	0.562	0.332	147.545	2667	4889
393	0.133	75.066	103.896	1.436	74.845	103.632	0.423	0.487	0.558	0.304	48.976	3551	4896
394	0.151	19.197	103.960	1.513	18.902	103.759	0.572	0.402	0.565	0.341	158.545	904	4902
395	0.151	8.906	104.189	1.456	8.700	103.950	0.423	0.466	0.535	0.359	126.914	414	4911
396	0.141	47.994	104.303	1.431	47.752	104.098	0.487	0.402	0.536	0.335	150.704	2260	4918
397	0.119	24.005	104.349	1.299	23.770	104.182	0.466	0.339	0.464	0.326	172.115	1129	4922
398	0.170	81.523	104.461	1.700	81.280	104.204	0.466	0.508	0.517	0.418	65.971	3853	4923
399	0.132	104.049	104.864	1.406	103.844	104.627	0.423	0.466	0.537	0.313	53.117	4917	4943
400	0.086	123.811	104.849	1.077	123.634	104.690	0.339	0.318	0.345	0.319	32.769	5847	4946
401	0.154	20.140	105.054	1.508	19.918	104.817	0.466	0.487	0.582	0.336	48.147	954	4952
402	0.149	87.387	105.015	1.473	87.143	104.817	0.508	0.402	0.558	0.340	30.699	4129	4952
403	0.141	46.250	105.215	1.453	46.038	104.966	0.423	0.508	0.558	0.321	127.130	2179	4959
404	0.146	62.923	105.244	1.486	62.717	104.987	0.402	0.508	0.566	0.328	118.636	2965	4960
405	0.139	109.108	105.420	1.450	108.945	105.135	0.318	0.550	0.553	0.321	93.757	5153	4967
406	0.147	21.737	105.414	1.503	21.442	105.241	0.572	0.360	0.588	0.318	165.900	1021	4972
407	0.142	51.671	105.584	1.456	51.393	105.410	0.550	0.339	0.554	0.326	5.049	2445	4980
408	0.163	88.226	105.700	1.563	87.948	105.474	0.529	0.444	0.587	0.353	33.679	4171	4983
409	0.140	77.580	105.882	1.431	77.322	105.685	0.508	0.381	0.532	0.334	27.687	3666	4993
410	0.138	89.414	106.027	1.383	89.218	105.791	0.381	0.466	0.504	0.347	62.487	4224	4998
411	0.155	85.650	106.191	1.521	85.450	105.897	0.402	0.550	0.577	0.343	116.743	4042	5003
412	0.134	116.763	106.174	1.413	116.586	105.918	0.360	0.508	0.536	0.319	66.551	5518	5004
413	0.137	53.256	106.455	1.431	53.022	106.236	0.466	0.423	0.534	0.327	37.179	2523	5019
414	0.131	31.785	106.455	1.401	31.538	106.257	0.487	0.381	0.522	0.319	154.938	1497	5020
415	0.136	17.040	106.880	1.413	16.785	106.701	0.508	0.360	0.537	0.323	23.091	805	5041
416	0.148	83.927	107.063	1.473	83.693	106.849	0.487	0.423	0.559	0.338	142.735	3955	5048
417	0.124	71.772	107.332	1.353	71.628	107.061	0.296	0.529	0.521	0.303	95.623	3387	5058
418	0.131	16.199	107.507	1.431	15.981	107.273	0.423	0.466	0.543	0.307	47.023	771	5068
419	0.155	70.074	107.745	1.575	69.892	107.442	0.360	0.614	0.609	0.325	97.960	3309	5076
420	0.150	60.133	107.751	1.468	59.859	107.569	0.529	0.360	0.548	0.348	162.272	2833	5082
421	0.159	82.024	107.781	1.515	81.746	107.590	0.550	0.381	0.579	0.349	17.791	3876	5083
422	0.131	25.487	107.890	1.376	25.252	107.696	0.466	0.402	0.526	0.318	36.946	1204	5088
423	0.143	44.124	108.160	1.473	43.878	107.971	0.508	0.381	0.559	0.326	26.650	2085	5101
424	0.141	16.837	108.164	1.456	16.574	107.992	0.550	0.339	0.550	0.326	11.201	793	5102
425	0.131	84.463	108.196	1.383	84.222	108.014	0.487	0.360	0.513	0.325	22.168	3991	5103
426	0.155	26.945	108.386	1.510	26.670	108.204	0.550	0.360	0.579	0.340	166.739	1267	5112
427	0.135	110.025	108.901	1.408	109.855	108.648	0.339	0.508	0.531	0.325	106.997	5192	5133
428	0.134	50.362	108.832	1.413	50.102	108.670	0.529	0.339	0.531	0.322	169.893	2372	5134
429	0.137	67.268	109.019	1.436	67.035	108.776	0.444	0.466	0.529	0.329	46.703	3181	5139
430	0.146	86.047	109.142	1.473	85.852	108.881	0.381	0.529	0.560	0.331	110.226	4059	5144
431	0.158	92.733	109.344	1.538	92.477	109.114	0.508	0.466	0.592	0.339	139.098	4372	5155
432	0.147	109.671	110.174	1.473	109.474	109.918	0.402	0.508	0.556	0.337	117.730	5175	5193
433	0.141	84.363	110.481	1.480	84.201	110.194	0.318	0.572	0.574	0.312	98.251	3981	5206
434	0.139	77.292	110.432	1.418	77.089	110.215	0.423	0.466	0.528	0.336	46.897	3652	5207
435	0.142	50.109	110.646	1.483	49.848	110.405	0.487	0.466	0.570	0.316	40.986	2372	5216
436	0.134	23.850	110.709	1.413	23.686	110.448	0.339	0.529	0.526	0.323	81.571	1125	5218
437	0.147	22.393	111.022	1.521	22.162	110.765	0.466	0.487	0.572	0.326	43.494	1065	5233
438	0.128	55.457	110.998	1.376	55.245	110.765	0.423	0.444	0.514	0.317	46.582	2625	5233
439	0.142	72.081	111.410	1.450	71.924	111.125	0.318	0.550	0.562	0.322	98.433	3402	5250
440	0.134	82.291	111.405	1.426	82.063	111.210	0.466	0.402	0.533	0.321	32.597	3888	5254
441	0.142	33.159	111.738	1.463	32.893	111.570	0.529	0.339	0.562	0.322	165.221	1560	5271
442	0.129	55.924	111.835	1.394	55.732	111.570	0.381	0.508	0.521	0.315	66.627	2643	5271
443	0.131	103.781	112.018	1.394	103.590	111.781	0.381	0.487	0.501	0.333	110.391	4899	5281
444	0.137	108.158	112.499	1.408	107.992	112.247	0.339	0.508	0.525	0.331	78.297	5107	5303
445	0.158	117.930	112.465	1.558	117.644	112.268	0.572	0.381	0.590	0.342	17.531	5575	5304
446	0.143	105.398	113.408	1.478	105.198	113.157	0.402	0.508	0.554	0.329	120.348	4974	5346
447	0.139	111.940	113.825	1.450	111.781	113.559	0.318	0.550	0.555	0.320	95.334	5285	5365
448	0.154	108.144	113.875	1.528	107.844	113.707	0.593	0.339	0.607	0.322	166.600	5101	5372
449	0.130	47.429	113.999	1.401	47.244	113.750	0.360	0.508	0.547	0.302	116.677	2235	5374
450	0.125	90.855	114.254	1.401	90.678	113.961	0.339	0.529	0.525	0.305	70.938	4293	5384
451	0.149	123.933	114.216	1.443	123.677	114.025	0.508	0.381	0.497	0.381	0.126	5853	5387
452	0.133	67.686	114.333	1.406	67.479	114.088	0.402	0.487	0.534	0.316	55.688	3199	5390
453	0.129	34.934	115.234	1.473	34.671	115.041	0.529	0.381	0.573	0.288	28.359	1660	5435
454	0.149	89.494	115.804	1.521	89.302	115.506	0.381	0.572	0.568	0.333	70.909	4230	5457
455	0.142	93.310	116.070	1.473	93.091	115.845	0.444	0.466	0.550	0.328	47.490	4410	5473
456	0.142	48.646	116.724	1.498	48.493	116.417	0.318	0.593	0.577	0.313	84.837	2297	5500
457	0.136	98.153	116.827	1.401	97.959	116.586	0.381	0.487	0.527	0.328	120.386	4632	5508
458	0.139	53.515	116.908	1.443	53.340	116.650	0.360	0.529	0.532	0.333	77.891	2526	5511
459	0.151	63.158	117.304	1.508	62.886	117.094	0.529	0.423	0.564	0.340	26.556	2988	5532
460	0.141	15.632	117.446	1.448	15.430	117.179	0.381	0.529	0.543	0.331	66.575	740	5536
461	0.131	36.518	117.957	1.413	36.280	117.771	0.487	0.381	0.536	0.312	31.111	1726	5564
462	0.161	9.484	118.127	1.528	9.208	117.941	0.550	0.381	0.563	0.364	10.103	450	5572
463	0.134	43.686	118.941	1.371	43.519	118.682	0.339	0.508	0.514	0.331	102.931	2061	5607
464	0.098	124.881	119.345	1.161	124.735	119.147	0.318	0.381	0.386	0.322	102.835	5895	5629
465	0.137	82.707	119.472	1.418	82.486	119.253	0.444	0.444	0.538	0.325	133.861	3900	5634
466	0.140	17.820	119.660	1.406	17.590	119.465	0.487	0.402	0.508	0.351	24.603	842	5644
467	0.157	81.160	120.325	1.586	80.899	120.100	0.529	0.466	0.578	0.345	34.841	3838	5674
468	0.145	67.027	120.575	1.491	66.802	120.311	0.423	0.508	0.569	0.325	52.266	3171	5684
469	0.146	94.241	121.480	1.480	94.086	121.200	0.318	0.572	0.574	0.323	87.200	4450	5726
470	0.156	63.341	121.520	1.508	63.140	121.243	0.402	0.550	0.576	0.345	60.862	2995	5728
471	0.152	43.286	121.732	1.480	43.095	121.476	0.360	0.529	0.539	0.360	102.976	2041	5739
472	0.134	120.083	122.295	1.413	119.909	122.026	0.339	0.529	0.538	0.317	110.291	5670	5765
473	0.143	65.563	122.876	1.448	65.363	122.597	0.381	0.529	0.545	0.334	67.457	3099	5792
474	0.159	24.562	123.613	1.528	24.278	123.423	0.550	0.381	0.553	0.365	166.901	1155	5831
475	0.162	23.030	125.166	1.556	22.775	124.926	0.508	0.487	0.594	0.348	42.839	1090	5902
476	0.170	16.084	125.208	1.613	15.769	125.032	0.614	0.360	0.622	0.347	175.831	754	5907
477	0.143	57.641	125.952	1.473	57.468	125.688	0.360	0.550	0.563	0.323	74.534	2722	5938
478	0.145	83.667	126.058	1.438	83.502	125.794	0.339	0.529	0.551	0.335	101.245	3948	5943
479	0.150	32.298	126.650	1.515	32.131	126.344	0.339	0.593	0.566	0.336	94.319	1526	5969
480	0.145	25.011	127.622	1.456	24.829	127.360	0.360	0.529	0.553	0.333	72.599	1181	6017
481	0.137	88.074	128.446	1.468	87.905	128.164	0.339	0.550	0.559	0.312	78.233	4162	6055
482	0.128	92.647	128.495	1.388	92.477	128.228	0.360	0.508	0.520	0.312	117.071	4373	6058
483	0.136	23.984	129.461	1.448	23.728	129.244	0.487	0.423	0.561	0.309	38.544	1135	6106
484	0.117	59.309	129.857	1.366	59.140	129.604	0.318	0.487	0.508	0.293	73.502	2804	6123
485	0.136	77.846	129.959	1.418	77.597	129.773	0.508	0.381	0.533	0.325	21.712	3679	6131
486	0.143	58.183	131.517	1.456	58.018	131.233	0.339	0.550	0.543	0.336	98.871	2744	6200
