 	Area	X	Y	Perim.	BX	BY	Width	Height	Major	Minor	Angle	XStart	YStart
1	0.138	30.106	15.830	1.413	29.930	15.579	0.360	0.508	0.517	0.340	82.273	1420	736
2	0.125	51.413	16.061	1.366	51.244	15.812	0.318	0.508	0.501	0.319	93.922	2427	747
3	0.139	60.683	16.139	1.443	60.516	15.875	0.339	0.529	0.530	0.334	98.177	2865	750
4	0.102	92.627	16.131	1.256	92.477	15.917	0.296	0.466	0.433	0.299	87.635	4374	752
5	0.126	98.307	16.171	1.418	98.129	15.917	0.360	0.487	0.486	0.331	95.102	4641	752
6	0.125	101.379	16.179	1.336	101.198	15.938	0.339	0.466	0.473	0.337	93.968	4788	753
7	0.128	84.647	16.499	1.366	84.476	16.256	0.339	0.487	0.514	0.317	69.413	4000	768
8	0.137	85.279	16.587	1.443	85.111	16.320	0.339	0.529	0.529	0.330	84.218	4028	771
9	0.128	44.865	16.938	1.366	44.704	16.679	0.318	0.508	0.506	0.322	87.573	2119	788
10	0.107	56.829	17.409	1.214	56.663	17.187	0.339	0.423	0.442	0.307	118.937	2681	812
11	0.117	100.374	17.677	1.341	100.203	17.420	0.339	0.487	0.511	0.292	113.035	4737	823
12	0.096	59.797	18.191	1.172	59.626	17.992	0.339	0.402	0.417	0.293	122.962	2821	850
13	0.121	21.609	18.490	1.334	21.421	18.267	0.381	0.466	0.462	0.332	112.730	1017	863
14	0.119	24.859	18.600	1.341	24.702	18.330	0.318	0.508	0.497	0.304	76.959	1175	866
15	0.112	103.567	18.610	1.256	103.378	18.415	0.381	0.402	0.480	0.296	131.196	4885	870
16	0.120	68.274	19.258	1.353	68.093	19.029	0.360	0.444	0.456	0.334	71.806	3225	899
17	0.103	53.829	19.809	1.226	53.658	19.600	0.360	0.402	0.452	0.292	52.378	2546	926
18	0.119	46.977	20.132	1.304	46.778	19.918	0.402	0.423	0.494	0.306	45.147	2224	941
19	0.106	108.969	20.478	1.311	108.712	20.320	0.487	0.318	0.511	0.264	156.692	5143	960
20	0.096	26.325	20.802	1.226	26.120	20.638	0.423	0.339	0.461	0.266	30.383	1246	975
21	0.111	57.582	20.859	1.286	57.383	20.638	0.381	0.423	0.476	0.297	49.642	2724	975
22	0.162	68.167	21.031	1.586	67.945	20.786	0.466	0.508	0.551	0.375	125.713	3215	982
23	0.133	109.276	21.118	1.396	109.093	20.870	0.360	0.487	0.511	0.331	71.708	5162	986
24	0.123	79.616	21.305	1.323	79.375	21.146	0.487	0.318	0.481	0.326	172.226	3755	999
25	0.121	90.327	22.076	1.323	90.085	21.929	0.487	0.318	0.478	0.322	1.203	4261	1036
26	0.122	71.735	22.844	1.346	71.543	22.606	0.381	0.444	0.469	0.331	60.222	3390	1068
27	0.153	73.224	23.016	1.528	73.025	22.754	0.381	0.529	0.542	0.359	105.039	3454	1075
28	0.132	81.882	22.968	1.383	81.640	22.796	0.487	0.339	0.501	0.335	178.365	3866	1077
29	0.127	63.958	23.111	1.329	63.733	22.924	0.444	0.381	0.464	0.348	34.445	3019	1083
30	0.134	44.388	24.706	1.413	44.132	24.532	0.508	0.360	0.555	0.306	156.427	2087	1159
31	0.136	66.575	24.905	1.401	66.400	24.638	0.360	0.508	0.514	0.336	113.071	3141	1164
32	0.121	59.735	24.918	1.353	59.500	24.723	0.444	0.381	0.491	0.314	29.326	2825	1168
33	0.137	14.398	25.275	1.413	14.160	25.082	0.487	0.381	0.509	0.342	158.634	675	1185
34	0.126	52.770	25.406	1.334	52.557	25.188	0.423	0.423	0.485	0.331	43.576	2495	1190
35	0.147	55.304	25.397	1.478	55.012	25.210	0.550	0.360	0.548	0.341	167.470	2608	1191
36	0.128	24.544	25.821	1.508	24.363	25.506	0.360	0.572	0.532	0.306	74.201	1159	1205
37	0.123	46.000	26.352	1.336	45.741	26.204	0.508	0.296	0.517	0.304	173.186	2166	1238
38	0.138	61.882	26.515	1.418	61.659	26.289	0.444	0.444	0.514	0.343	43.727	2925	1242
39	0.127	57.975	26.707	1.371	57.743	26.522	0.466	0.381	0.515	0.314	27.524	2740	1253
40	0.134	113.604	26.763	1.443	113.411	26.522	0.381	0.508	0.557	0.305	118.325	5361	1253
41	0.134	24.793	26.812	1.396	24.638	26.543	0.318	0.529	0.524	0.324	83.483	1171	1254
42	0.119	26.829	26.998	1.316	26.670	26.755	0.339	0.487	0.494	0.306	109.278	1263	1264
43	0.133	27.336	27.001	1.371	27.093	26.818	0.487	0.360	0.506	0.335	20.230	1291	1267
44	0.125	122.766	27.560	1.371	122.513	27.390	0.508	0.339	0.505	0.316	174.598	5797	1294
45	0.143	45.835	28.135	1.468	45.572	27.961	0.529	0.360	0.555	0.329	165.142	2157	1321
46	0.135	91.601	28.840	1.408	91.334	28.681	0.529	0.318	0.535	0.322	179.730	4324	1355
47	0.115	114.101	28.915	1.311	113.856	28.766	0.487	0.318	0.473	0.309	166.746	5384	1359
48	0.147	72.630	29.353	1.473	72.432	29.083	0.381	0.529	0.519	0.360	94.609	3432	1374
49	0.126	60.882	29.504	1.381	60.664	29.274	0.423	0.444	0.493	0.327	48.251	2877	1383
50	0.127	91.443	29.766	1.394	91.207	29.528	0.423	0.466	0.509	0.317	57.525	4321	1395
51	0.130	105.337	30.189	1.388	105.092	29.972	0.466	0.402	0.511	0.324	34.317	4979	1416
52	0.133	85.918	30.237	1.401	85.662	30.057	0.508	0.360	0.508	0.334	12.478	4061	1420
53	0.112	19.429	30.683	1.291	19.240	30.459	0.381	0.444	0.472	0.304	58.487	920	1439
54	0.155	67.414	30.834	1.521	67.204	30.565	0.402	0.529	0.529	0.373	70.529	3185	1444
55	0.114	54.842	31.378	1.299	54.610	31.221	0.466	0.318	0.481	0.303	8.912	2591	1475
56	0.132	80.634	31.398	1.353	80.391	31.242	0.487	0.339	0.491	0.343	2.961	3803	1476
57	0.142	67.505	31.534	1.513	67.289	31.284	0.423	0.466	0.502	0.360	54.856	3191	1478
58	0.129	126.205	31.539	1.359	125.963	31.369	0.487	0.339	0.484	0.338	6.654	5959	1482
59	0.121	102.501	31.798	1.359	102.277	31.581	0.423	0.423	0.505	0.304	42.944	4847	1492
60	0.127	53.089	32.503	1.359	52.896	32.258	0.381	0.466	0.515	0.313	56.834	2510	1524
61	0.115	54.507	32.709	1.323	54.293	32.533	0.444	0.360	0.487	0.300	33.775	2576	1537
62	0.155	91.715	32.898	1.503	91.461	32.702	0.529	0.402	0.550	0.360	22.885	4331	1545
63	0.139	75.112	33.470	1.443	74.930	33.210	0.339	0.529	0.523	0.338	93.389	3547	1569
64	0.118	40.376	33.722	1.274	40.196	33.507	0.381	0.423	0.456	0.329	124.920	1904	1583
65	0.119	40.707	34.627	1.329	40.513	34.417	0.402	0.423	0.501	0.302	130.504	1915	1626
66	0.081	133.145	34.690	1.117	132.990	34.523	0.318	0.360	0.330	0.313	102.525	6289	1631
67	0.142	53.314	34.946	1.461	53.086	34.713	0.444	0.466	0.548	0.330	50.795	2519	1640
68	0.134	50.171	35.080	1.388	49.974	34.840	0.381	0.487	0.519	0.328	117.845	2365	1646
69	0.129	74.516	36.177	1.388	74.337	35.920	0.360	0.487	0.503	0.326	66.279	3523	1697
70	0.134	80.711	36.177	1.394	80.497	35.941	0.423	0.466	0.520	0.327	131.463	3809	1698
71	0.121	96.666	36.395	1.329	96.499	36.153	0.339	0.487	0.493	0.313	106.648	4564	1708
72	0.147	25.717	36.675	1.473	25.527	36.407	0.402	0.508	0.544	0.344	119.500	1209	1720
73	0.128	23.169	37.090	1.388	23.008	36.830	0.318	0.529	0.522	0.313	97.864	1092	1740
74	0.129	53.735	37.266	1.413	53.446	37.105	0.550	0.318	0.535	0.308	177.545	2536	1753
75	0.141	73.741	37.373	1.456	73.533	37.126	0.402	0.487	0.516	0.348	115.778	3481	1754
76	0.114	49.311	37.758	1.271	49.086	37.613	0.444	0.296	0.470	0.309	8.182	2325	1777
77	0.138	37.166	38.124	1.418	36.936	37.910	0.487	0.402	0.539	0.325	147.593	1749	1791
78	0.131	96.483	38.478	1.401	96.308	38.227	0.360	0.508	0.524	0.318	107.759	4552	1806
79	0.096	117.160	38.423	1.154	117.009	38.227	0.318	0.402	0.410	0.297	106.814	5531	1806
80	0.133	60.777	38.833	1.388	60.600	38.587	0.360	0.508	0.499	0.339	103.237	2868	1823
81	0.137	77.717	39.377	1.436	77.534	39.116	0.381	0.529	0.528	0.331	66.945	3673	1848
82	0.134	21.210	39.449	1.396	20.955	39.285	0.508	0.339	0.532	0.321	14.247	1001	1856
83	0.120	37.525	39.661	1.329	37.359	39.412	0.339	0.487	0.495	0.308	107.262	1770	1862
84	0.124	97.654	39.649	1.341	97.472	39.412	0.360	0.466	0.469	0.337	68.742	4618	1862
85	0.146	62.174	39.881	1.450	61.912	39.709	0.529	0.339	0.542	0.342	5.444	2933	1876
86	0.164	77.047	40.380	1.610	76.750	40.196	0.572	0.402	0.557	0.375	3.949	3636	1899
87	0.128	52.531	40.502	1.376	52.345	40.259	0.381	0.466	0.505	0.322	60.566	2483	1902
88	0.129	49.328	41.333	1.353	49.086	41.169	0.508	0.318	0.510	0.322	3.431	2327	1945
89	0.131	34.116	41.438	1.383	33.867	41.254	0.466	0.381	0.503	0.333	149.517	1605	1949
90	0.111	98.501	41.537	1.299	98.319	41.338	0.381	0.402	0.472	0.300	51.183	4654	1953
91	0.126	123.910	42.027	1.353	123.677	41.846	0.466	0.360	0.509	0.315	157.238	5848	1977
92	0.129	107.962	42.103	1.371	107.717	41.931	0.508	0.339	0.507	0.323	162.487	5093	1981
93	0.124	52.507	42.229	1.336	52.260	42.058	0.487	0.318	0.510	0.309	7.007	2481	1987
94	0.114	85.150	42.395	1.274	84.963	42.185	0.381	0.423	0.485	0.300	50.017	4025	1993
95	0.046	81.150	42.742	0.895	80.962	42.630	0.360	0.212	0.359	0.163	163.107	3830	2014
96	0.125	103.957	42.926	1.383	103.801	42.651	0.318	0.529	0.537	0.296	106.112	4907	2015
97	0.135	90.497	42.935	1.388	90.297	42.693	0.402	0.466	0.504	0.340	125.316	4269	2017
98	0.142	30.207	42.957	1.448	29.951	42.757	0.529	0.381	0.515	0.351	160.464	1421	2020
99	0.143	79.462	43.402	1.491	79.184	43.222	0.550	0.360	0.554	0.329	13.416	3756	2042
100	0.124	95.438	43.460	1.388	95.208	43.244	0.444	0.423	0.505	0.313	38.937	4514	2043
101	0.137	96.710	43.750	1.456	96.478	43.540	0.466	0.423	0.530	0.328	34.168	4574	2057
102	0.142	126.815	43.823	1.456	126.556	43.667	0.529	0.339	0.532	0.340	178.148	5983	2063
103	0.135	82.761	44.576	1.401	82.592	44.323	0.339	0.508	0.520	0.331	103.601	3906	2094
104	0.127	87.141	44.976	1.418	86.953	44.746	0.381	0.466	0.507	0.320	59.728	4120	2114
105	0.104	24.959	45.948	1.232	24.744	45.784	0.444	0.339	0.459	0.289	152.561	1172	2163
106	0.146	75.866	46.495	1.491	75.671	46.228	0.402	0.529	0.566	0.328	60.737	3587	2184
107	0.127	59.422	47.083	1.353	59.246	46.842	0.360	0.466	0.477	0.340	70.486	2809	2213
108	0.121	86.646	47.291	1.341	86.487	47.032	0.318	0.508	0.503	0.306	77.645	4096	2222
109	0.129	91.754	47.336	1.396	91.609	47.054	0.296	0.550	0.540	0.304	91.866	4332	2223
110	0.141	72.989	48.009	1.503	72.813	47.752	0.339	0.529	0.532	0.337	97.161	3443	2256
111	0.125	116.182	48.223	1.329	116.014	47.985	0.339	0.487	0.485	0.327	108.042	5485	2267
112	0.119	55.448	48.286	1.323	55.287	48.048	0.318	0.487	0.493	0.307	81.445	2618	2270
113	0.138	19.070	48.496	1.545	18.817	48.302	0.508	0.381	0.510	0.346	7.995	908	2282
114	0.121	36.033	49.400	1.329	35.856	49.149	0.339	0.487	0.477	0.322	104.201	1700	2322
115	0.109	27.022	49.350	1.239	26.797	49.191	0.444	0.318	0.462	0.301	16.376	1276	2324
116	0.120	37.199	49.638	1.299	36.999	49.445	0.423	0.381	0.483	0.316	142.360	1750	2336
117	0.126	28.602	49.707	1.359	28.384	49.509	0.444	0.402	0.506	0.317	39.526	1354	2339
118	0.115	35.349	50.082	1.299	35.179	49.848	0.339	0.466	0.493	0.298	71.255	1670	2355
119	0.148	63.415	50.251	1.491	63.161	50.038	0.487	0.423	0.539	0.350	34.285	2996	2364
120	0.156	121.083	50.954	1.551	120.819	50.736	0.529	0.444	0.598	0.333	144.519	5711	2397
121	0.107	102.679	51.136	1.239	102.489	50.927	0.360	0.402	0.448	0.304	55.848	4852	2406
122	0.114	53.753	51.204	1.269	53.509	51.054	0.466	0.318	0.468	0.311	169.336	2532	2412
123	0.128	101.963	51.356	1.353	101.727	51.181	0.487	0.339	0.501	0.325	160.967	4810	2418
124	0.129	112.190	51.468	1.431	111.972	51.244	0.444	0.444	0.554	0.298	46.181	5303	2421
125	0.134	24.187	51.931	1.431	23.940	51.731	0.487	0.402	0.538	0.318	149.038	1136	2444
126	0.140	72.429	51.983	1.448	72.157	51.795	0.529	0.381	0.521	0.342	19.462	3423	2447
127	0.151	62.925	52.436	1.515	62.759	52.155	0.360	0.572	0.561	0.343	80.827	2973	2464
128	0.108	47.547	52.391	1.261	47.308	52.218	0.466	0.339	0.460	0.299	18.076	2249	2467
129	0.119	105.546	52.553	1.336	105.389	52.324	0.339	0.466	0.499	0.303	70.066	4986	2472
130	0.121	46.895	52.619	1.388	46.672	52.430	0.487	0.381	0.508	0.304	31.459	2218	2477
131	0.135	85.497	53.191	1.436	85.259	52.980	0.466	0.423	0.523	0.329	40.578	4040	2503
132	0.118	32.617	53.322	1.323	32.385	53.150	0.444	0.360	0.482	0.311	28.806	1540	2511
133	0.151	73.625	53.559	1.521	73.364	53.361	0.529	0.402	0.542	0.356	153.556	3470	2521
134	0.132	32.920	53.625	1.413	32.660	53.467	0.529	0.339	0.541	0.310	167.942	1547	2526
135	0.160	21.884	53.808	1.575	21.696	53.509	0.381	0.550	0.551	0.371	107.160	1030	2528
136	0.110	44.943	53.861	1.256	44.768	53.658	0.360	0.423	0.468	0.300	58.233	2123	2535
137	0.149	74.613	54.221	1.580	74.422	53.933	0.381	0.572	0.578	0.327	71.735	3526	2548
138	0.104	93.228	54.398	1.239	93.091	54.166	0.275	0.487	0.475	0.280	93.192	4402	2559
139	0.103	102.493	54.417	1.232	102.277	54.250	0.444	0.339	0.454	0.289	155.236	4837	2563
140	0.134	99.812	54.690	1.426	99.547	54.504	0.508	0.360	0.524	0.327	20.703	4717	2575
141	0.115	50.716	54.804	1.306	50.482	54.631	0.444	0.339	0.484	0.303	25.477	2397	2581
142	0.119	82.800	54.839	1.323	82.571	54.674	0.466	0.339	0.497	0.304	21.825	3912	2583
143	0.134	92.030	54.948	1.401	91.779	54.737	0.466	0.402	0.518	0.328	35.211	4349	2586
144	0.124	54.471	55.068	1.376	54.293	54.822	0.381	0.487	0.500	0.316	118.616	2570	2590
145	0.106	90.821	56.121	1.209	90.657	55.922	0.339	0.402	0.449	0.301	58.853	4290	2642
146	0.119	73.683	57.393	1.339	73.448	57.171	0.444	0.423	0.482	0.315	41.539	3485	2701
147	0.119	54.140	57.507	1.304	53.912	57.319	0.444	0.381	0.492	0.307	145.143	2550	2708
148	0.147	85.805	57.505	1.443	85.534	57.319	0.529	0.360	0.534	0.350	173.945	4050	2708
149	0.133	12.118	57.590	1.418	11.917	57.362	0.402	0.466	0.511	0.330	124.870	566	2710
150	0.144	38.455	57.729	1.466	38.248	57.468	0.423	0.508	0.545	0.337	58.046	1819	2715
151	0.085	96.216	57.982	1.099	96.033	57.806	0.360	0.339	0.398	0.273	42.794	4546	2731
152	0.138	15.034	58.033	1.383	14.774	57.848	0.487	0.360	0.493	0.355	10.610	711	2733
153	0.127	73.028	58.371	1.376	72.792	58.166	0.466	0.402	0.510	0.317	34.616	3453	2748
154	0.135	74.632	58.468	1.371	74.443	58.230	0.381	0.466	0.499	0.344	119.470	3521	2751
155	0.134	93.295	58.926	1.401	93.070	58.716	0.444	0.423	0.503	0.338	42.694	4408	2774
156	0.128	77.584	58.991	1.359	77.343	58.801	0.487	0.360	0.512	0.319	158.717	3661	2778
157	0.103	93.313	59.303	1.226	93.070	59.140	0.444	0.318	0.439	0.299	15.292	4410	2794
158	0.134	60.177	59.878	1.401	59.923	59.711	0.508	0.360	0.499	0.343	173.167	2836	2821
159	0.128	58.823	60.054	1.353	58.589	59.880	0.487	0.339	0.498	0.328	168.202	2773	2829
160	0.123	54.755	60.118	1.388	54.525	59.902	0.444	0.423	0.526	0.299	39.959	2592	2830
161	0.130	64.432	60.844	1.418	64.177	60.685	0.508	0.339	0.509	0.326	0.964	3039	2867
162	0.149	67.918	60.877	1.521	67.670	60.685	0.529	0.381	0.546	0.348	159.605	3201	2867
163	0.138	67.381	60.998	1.418	67.141	60.812	0.487	0.381	0.517	0.339	27.982	3181	2873
164	0.138	61.422	61.012	1.413	61.150	60.833	0.508	0.360	0.511	0.343	17.840	2901	2874
165	0.125	116.399	61.355	1.353	116.247	61.087	0.318	0.508	0.502	0.317	93.336	5496	2886
166	0.123	102.788	61.360	1.353	102.531	61.214	0.508	0.318	0.510	0.307	9.148	4852	2892
167	0.119	87.766	61.412	1.341	87.503	61.256	0.508	0.318	0.511	0.296	10.163	4147	2894
168	0.143	63.047	61.489	1.478	62.780	61.320	0.529	0.360	0.534	0.342	175.274	2973	2897
169	0.130	61.899	61.857	1.413	61.659	61.701	0.487	0.339	0.496	0.334	170.632	2915	2915
170	0.116	79.345	61.939	1.329	79.142	61.722	0.402	0.423	0.495	0.297	51.403	3750	2916
171	0.115	47.870	62.048	1.291	47.688	61.828	0.381	0.444	0.480	0.305	122.534	2256	2921
172	0.127	94.401	62.326	1.413	94.149	62.166	0.508	0.339	0.530	0.306	20.053	4458	2937
173	0.136	73.502	63.146	1.473	73.321	62.886	0.360	0.550	0.574	0.302	112.404	3467	2971
174	0.138	84.561	63.379	1.438	84.392	63.119	0.360	0.508	0.535	0.329	105.764	3990	2982
175	0.120	23.242	63.467	1.334	23.029	63.267	0.423	0.402	0.477	0.321	39.450	1099	2989
176	0.118	60.634	63.530	1.316	60.431	63.310	0.402	0.423	0.485	0.310	131.701	2858	2991
177	0.105	108.934	63.513	1.239	108.712	63.352	0.444	0.318	0.455	0.295	159.301	5141	2993
178	0.118	58.479	63.954	1.281	58.251	63.796	0.466	0.318	0.471	0.320	173.053	2756	3014
179	0.140	63.752	64.419	1.413	63.500	64.241	0.508	0.360	0.522	0.341	164.317	3005	3035
180	0.137	12.879	65.002	1.461	12.615	64.812	0.508	0.381	0.543	0.321	28.257	609	3062
181	0.110	10.083	65.824	1.196	9.885	65.659	0.402	0.339	0.406	0.344	11.589	473	3102
182	0.141	69.292	66.136	1.473	69.109	65.871	0.360	0.529	0.524	0.342	77.303	3273	3112
183	0.120	57.903	66.043	1.294	57.658	65.892	0.487	0.296	0.500	0.306	1.427	2731	3113
184	0.137	96.685	66.338	1.426	96.520	66.061	0.339	0.529	0.523	0.333	83.235	4565	3121
185	0.126	59.179	66.421	1.341	58.928	66.252	0.487	0.339	0.494	0.326	11.055	2796	3130
186	0.102	53.540	66.595	1.204	53.382	66.379	0.296	0.423	0.436	0.298	97.044	2527	3136
187	0.104	104.949	66.993	1.244	104.775	66.760	0.339	0.444	0.456	0.290	113.090	4955	3154
188	0.138	71.475	67.562	1.426	71.289	67.310	0.360	0.508	0.517	0.339	108.786	3373	3180
189	0.141	60.451	67.507	1.443	60.198	67.331	0.529	0.360	0.539	0.333	169.687	2850	3181
190	0.122	51.596	67.740	1.329	51.372	67.564	0.466	0.360	0.489	0.319	155.549	2430	3192
191	0.132	77.811	67.918	1.443	77.639	67.628	0.339	0.550	0.540	0.311	106.197	3673	3195
192	0.135	83.748	68.061	1.421	83.587	67.797	0.318	0.529	0.537	0.321	91.756	3953	3203
193	0.124	84.808	68.001	1.299	84.582	67.818	0.444	0.360	0.467	0.339	22.298	4005	3204
194	0.093	126.607	67.998	1.112	126.428	67.839	0.381	0.318	0.369	0.321	5.877	5979	3205
195	0.122	46.023	68.259	1.346	45.847	68.030	0.381	0.444	0.481	0.323	123.898	2169	3214
196	0.103	53.845	68.267	1.209	53.679	68.051	0.318	0.423	0.438	0.299	77.439	2543	3215
197	0.114	126.914	68.442	1.264	126.682	68.284	0.444	0.318	0.448	0.324	5.009	5993	3226
198	0.116	106.401	68.640	1.281	106.236	68.411	0.318	0.466	0.468	0.316	89.714	5024	3232
199	0.118	106.529	69.092	1.311	106.299	68.919	0.466	0.339	0.471	0.319	6.727	5032	3256
200	0.124	79.175	69.269	1.376	78.994	69.024	0.360	0.508	0.507	0.312	72.672	3740	3261
201	0.121	107.547	69.645	1.334	107.357	69.406	0.381	0.466	0.491	0.313	58.488	5084	3279
202	0.122	82.307	70.749	1.329	82.127	70.527	0.360	0.466	0.473	0.328	71.127	3888	3332
203	0.133	114.262	70.943	1.376	114.067	70.718	0.402	0.466	0.513	0.329	54.013	5400	3341
204	0.107	87.535	70.949	1.274	87.334	70.739	0.402	0.402	0.497	0.274	135.089	4127	3342
205	0.147	71.337	72.175	1.491	71.120	71.924	0.423	0.487	0.529	0.353	122.207	3366	3398
206	0.106	99.966	72.327	1.251	99.758	72.157	0.423	0.339	0.479	0.282	150.991	4714	3409
207	0.151	33.008	72.421	1.580	32.766	72.200	0.487	0.466	0.534	0.360	42.088	1560	3411
208	0.134	15.820	72.925	1.418	15.558	72.729	0.508	0.381	0.550	0.309	30.787	750	3436
209	0.121	41.566	73.094	1.341	41.360	72.877	0.402	0.423	0.511	0.303	49.583	1965	3443
210	0.132	25.245	73.215	1.418	24.998	73.025	0.508	0.381	0.511	0.328	159.543	1186	3450
211	0.133	50.222	73.458	1.383	50.038	73.216	0.360	0.487	0.515	0.328	113.428	2368	3459
212	0.121	94.486	73.611	1.366	94.234	73.470	0.529	0.296	0.526	0.292	171.486	4454	3471
213	0.139	63.269	73.769	1.448	63.034	73.575	0.487	0.402	0.520	0.340	29.732	2988	3476
214	0.132	28.170	73.859	1.406	27.898	73.660	0.508	0.381	0.537	0.314	30.398	1333	3480
215	0.113	15.901	74.691	1.306	15.727	74.486	0.339	0.402	0.414	0.349	84.165	753	3519
216	0.123	23.958	74.829	1.396	23.686	74.676	0.550	0.296	0.553	0.284	2.851	1133	3528
217	0.112	89.379	74.943	1.261	89.175	74.740	0.402	0.402	0.480	0.296	132.909	4217	3531
218	0.116	94.583	75.203	1.299	94.340	75.036	0.466	0.339	0.480	0.307	159.947	4464	3545
219	0.136	99.815	75.556	1.401	99.632	75.311	0.381	0.487	0.542	0.319	119.225	4709	3558
220	0.135	21.288	75.928	1.424	21.082	75.692	0.423	0.466	0.524	0.329	125.232	1000	3576
221	0.135	42.450	76.004	1.406	42.228	75.798	0.466	0.423	0.527	0.327	142.527	1997	3581
222	0.122	31.037	75.983	1.311	30.798	75.819	0.466	0.339	0.492	0.315	22.607	1464	3582
223	0.110	78.838	76.541	1.239	78.613	76.390	0.444	0.318	0.465	0.301	162.851	3717	3609
224	0.120	33.620	76.884	1.448	33.464	76.645	0.381	0.487	0.497	0.307	71.882	1588	3621
225	0.127	81.422	76.992	1.383	81.153	76.835	0.529	0.318	0.517	0.313	165.753	3839	3630
226	0.139	36.616	77.532	1.426	36.364	77.343	0.487	0.381	0.530	0.335	152.994	1723	3654
227	0.113	78.836	78.047	1.269	78.676	77.809	0.339	0.444	0.474	0.304	117.460	3719	3676
228	0.134	97.819	78.342	1.394	97.600	78.126	0.466	0.423	0.518	0.328	139.063	4614	3691
229	0.098	108.793	78.570	1.167	108.585	78.422	0.423	0.296	0.435	0.287	168.943	5135	3705
230	0.129	97.155	78.619	1.371	96.901	78.444	0.487	0.360	0.502	0.327	157.167	4585	3706
231	0.113	74.775	79.100	1.281	74.591	78.888	0.360	0.423	0.476	0.302	57.027	3533	3727
232	0.128	98.519	79.087	1.401	98.277	78.888	0.487	0.381	0.544	0.299	148.930	4646	3727
233	0.138	65.899	79.166	1.431	65.722	78.930	0.360	0.508	0.508	0.345	75.322	3111	3729
234	0.127	68.563	79.147	1.366	68.305	78.994	0.508	0.318	0.512	0.315	168.295	3232	3732
235	0.127	86.113	79.316	1.388	85.873	79.100	0.466	0.402	0.522	0.309	33.776	4075	3737
236	0.137	25.888	79.619	1.448	25.718	79.354	0.339	0.529	0.524	0.333	89.500	1220	3749
237	0.122	41.981	79.608	1.299	41.741	79.438	0.466	0.339	0.481	0.323	163.125	1978	3753
238	0.107	99.242	79.611	1.196	99.039	79.438	0.402	0.339	0.416	0.328	23.457	4686	3753
239	0.133	77.658	79.796	1.381	77.449	79.566	0.423	0.466	0.530	0.319	130.312	3662	3759
240	0.114	100.812	80.606	1.334	100.584	80.412	0.444	0.381	0.492	0.295	35.075	4765	3799
241	0.128	78.441	80.886	1.388	78.232	80.666	0.423	0.423	0.513	0.317	137.815	3697	3811
242	0.150	36.275	81.364	1.523	36.089	81.090	0.360	0.550	0.586	0.326	107.100	1709	3831
243	0.115	57.620	81.559	1.269	57.383	81.407	0.466	0.318	0.468	0.314	176.043	2717	3846
244	0.156	13.073	81.908	1.551	12.827	81.682	0.487	0.444	0.527	0.377	32.603	618	3859
245	0.099	90.096	82.208	1.191	89.874	82.063	0.423	0.296	0.437	0.288	162.125	4249	3877
246	0.122	73.827	82.813	1.341	73.660	82.571	0.339	0.487	0.511	0.304	108.972	3483	3901
247	0.113	104.397	83.250	1.269	104.246	83.016	0.318	0.466	0.459	0.315	80.572	4931	3922
248	0.118	79.655	83.268	1.318	79.417	83.122	0.487	0.296	0.497	0.303	171.963	3756	3927
249	0.114	42.954	83.572	1.274	42.778	83.333	0.339	0.466	0.460	0.316	71.470	2031	3937
250	0.116	86.883	83.681	1.286	86.678	83.481	0.423	0.381	0.469	0.314	142.733	4100	3944
251	0.104	9.855	84.558	1.244	9.694	84.328	0.360	0.423	0.395	0.335	96.016	466	3984
252	0.112	106.184	84.524	1.291	105.982	84.328	0.402	0.402	0.453	0.316	50.691	5016	3984
253	0.094	96.129	84.553	1.124	95.948	84.370	0.360	0.339	0.389	0.306	37.325	4542	3986
254	0.112	37.239	84.863	1.304	37.042	84.646	0.402	0.423	0.488	0.292	126.965	1755	3999
255	0.124	96.692	84.917	1.334	96.499	84.688	0.381	0.466	0.470	0.335	66.512	4569	4001
256	0.112	66.311	85.010	1.251	66.104	84.836	0.423	0.339	0.462	0.307	156.278	3127	4008
257	0.106	97.534	85.020	1.269	97.303	84.857	0.466	0.318	0.493	0.274	157.536	4602	4009
258	0.124	73.859	85.192	1.346	73.639	84.984	0.444	0.402	0.489	0.323	142.105	3483	4015
259	0.149	15.318	85.314	1.580	15.113	85.069	0.402	0.487	0.496	0.383	101.746	720	4019
260	0.125	47.276	85.363	1.341	47.032	85.196	0.508	0.318	0.498	0.321	176.141	2229	4025
261	0.116	98.171	85.350	1.311	97.917	85.196	0.487	0.318	0.498	0.296	169.520	4637	4025
262	0.113	48.909	85.608	1.274	48.704	85.408	0.423	0.381	0.467	0.309	38.316	2313	4035
263	0.123	107.926	85.887	1.371	107.760	85.640	0.339	0.508	0.535	0.293	66.712	5100	4046
264	0.117	77.412	85.858	1.299	77.195	85.683	0.444	0.360	0.496	0.301	146.570	3648	4048
265	0.127	101.372	86.899	1.341	101.198	86.678	0.360	0.466	0.494	0.327	68.021	4788	4095
266	0.125	28.650	87.072	1.396	28.490	86.826	0.339	0.487	0.509	0.311	71.842	1352	4102
267	0.123	22.938	87.167	1.388	22.775	86.910	0.339	0.508	0.501	0.312	104.288	1079	4106
268	0.127	51.229	87.170	1.353	50.990	86.995	0.487	0.339	0.509	0.317	162.582	2414	4110
269	0.108	53.442	87.455	1.244	53.234	87.270	0.423	0.360	0.464	0.296	34.460	2526	4123
270	0.131	21.937	87.547	1.406	21.738	87.312	0.402	0.466	0.512	0.326	55.298	1037	4125
271	0.108	28.523	87.513	1.274	28.300	87.334	0.444	0.360	0.468	0.294	33.234	1348	4126
272	0.125	103.331	87.793	1.346	103.145	87.545	0.360	0.487	0.499	0.318	68.161	4883	4136
273	0.106	105.052	88.456	1.239	104.881	88.244	0.339	0.423	0.438	0.309	71.800	4963	4169
274	0.124	32.532	88.601	1.334	32.322	88.392	0.423	0.423	0.506	0.311	134.859	1530	4176
275	0.129	45.335	88.752	1.406	45.148	88.498	0.360	0.529	0.529	0.311	110.674	2137	4181
276	0.105	41.753	88.862	1.209	41.592	88.646	0.318	0.423	0.427	0.313	77.304	1971	4188
277	0.103	113.298	88.915	1.251	113.157	88.667	0.275	0.487	0.478	0.274	97.301	5351	4189
278	0.138	98.666	88.927	1.461	98.425	88.710	0.466	0.444	0.550	0.319	44.568	4662	4191
279	0.047	17.181	89.062	0.805	17.082	88.900	0.190	0.318	0.305	0.199	83.064	812	4200
280	0.121	71.760	89.331	1.346	71.564	89.112	0.381	0.466	0.489	0.316	120.436	3385	4210
281	0.125	78.296	89.315	1.366	78.063	89.133	0.466	0.360	0.508	0.314	152.794	3692	4211
282	0.115	84.011	89.325	1.323	83.756	89.175	0.487	0.318	0.488	0.300	9.533	3967	4213
283	0.099	96.454	89.443	1.196	96.245	89.281	0.423	0.318	0.448	0.282	27.872	4557	4218
284	0.134	41.529	89.682	1.396	41.360	89.429	0.339	0.508	0.511	0.332	85.373	1959	4225
285	0.122	9.782	89.691	1.316	9.567	89.493	0.444	0.381	0.474	0.329	148.392	457	4228
286	0.115	64.744	89.818	1.299	64.580	89.577	0.318	0.487	0.480	0.305	82.282	3057	4232
287	0.106	72.013	90.145	1.226	71.840	89.937	0.360	0.402	0.445	0.303	127.826	3396	4249
288	0.103	52.593	90.433	1.269	52.409	90.212	0.360	0.423	0.480	0.273	49.487	2490	4262
289	0.087	43.680	90.676	1.167	43.519	90.488	0.339	0.381	0.449	0.246	53.238	2066	4275
290	0.129	59.984	90.727	1.394	59.754	90.530	0.508	0.381	0.520	0.315	152.964	2827	4277
291	0.145	23.574	91.032	1.443	23.368	90.805	0.423	0.466	0.527	0.351	53.169	1114	4290
292	0.097	99.171	91.208	1.184	98.975	91.038	0.402	0.339	0.439	0.280	29.117	4687	4301
293	0.133	77.278	92.400	1.376	77.047	92.202	0.466	0.402	0.515	0.328	143.691	3643	4356
294	0.143	9.878	92.526	1.436	9.652	92.308	0.466	0.423	0.502	0.363	149.927	461	4361
295	0.126	28.725	92.687	1.376	28.512	92.477	0.444	0.423	0.526	0.306	139.957	1350	4369
296	0.108	71.897	93.658	1.274	71.734	93.408	0.339	0.466	0.484	0.285	117.111	3394	4413
297	0.108	39.967	93.593	1.269	39.751	93.451	0.487	0.296	0.471	0.291	9.965	1884	4415
298	0.106	87.676	93.805	1.269	87.524	93.557	0.318	0.466	0.456	0.297	104.261	4139	4420
299	0.128	77.179	93.914	1.388	76.983	93.662	0.423	0.444	0.513	0.317	135.539	3640	4425
300	0.116	40.305	94.047	1.316	40.068	93.874	0.444	0.360	0.480	0.307	155.514	1899	4435
301	0.134	19.281	94.081	1.418	19.008	93.895	0.529	0.360	0.525	0.326	19.542	913	4436
302	0.116	49.273	94.073	1.329	49.022	93.916	0.487	0.339	0.511	0.288	153.484	2317	4437
303	0.107	21.450	94.133	1.221	21.230	93.980	0.444	0.296	0.449	0.303	178.139	1009	4440
304	0.130	58.320	94.401	1.366	58.145	94.170	0.360	0.466	0.503	0.329	113.040	2750	4449
305	0.118	90.101	94.509	1.311	89.874	94.340	0.466	0.339	0.484	0.310	11.822	4259	4457
306	0.125	33.005	94.589	1.346	32.787	94.403	0.466	0.381	0.492	0.322	30.239	1559	4460
307	0.135	54.692	94.721	1.426	54.525	94.467	0.339	0.529	0.522	0.329	102.001	2581	4463
308	0.122	77.554	94.641	1.323	77.301	94.488	0.487	0.318	0.493	0.316	9.503	3661	4464
309	0.134	60.974	94.867	1.401	60.770	94.636	0.402	0.466	0.527	0.323	126.551	2874	4471
310	0.107	56.267	95.242	1.249	56.049	95.060	0.423	0.381	0.472	0.287	142.445	2652	4491
311	0.129	48.723	95.325	1.411	48.514	95.081	0.423	0.487	0.520	0.315	126.106	2295	4492
312	0.133	52.699	95.519	1.401	52.493	95.292	0.423	0.444	0.527	0.322	130.955	2483	4502
313	0.127	97.516	95.599	1.366	97.282	95.419	0.487	0.339	0.513	0.316	15.844	4609	4508
314	0.108	72.774	95.728	1.239	72.559	95.568	0.444	0.318	0.470	0.292	157.026	3430	4515
315	0.116	58.516	95.751	1.286	58.251	95.589	0.487	0.318	0.471	0.312	0.336	2763	4516
316	0.135	44.617	96.021	1.401	44.429	95.779	0.381	0.487	0.518	0.333	119.254	2102	4525
317	0.136	68.759	96.322	1.431	68.495	96.139	0.529	0.360	0.533	0.324	12.148	3248	4542
318	0.127	59.228	96.690	1.341	58.992	96.520	0.487	0.339	0.493	0.328	170.839	2793	4560
319	0.121	100.758	96.901	1.341	100.520	96.753	0.508	0.318	0.489	0.316	2.708	4754	4571
320	0.113	22.564	97.186	1.299	22.331	97.007	0.466	0.339	0.490	0.294	22.058	1070	4583
321	0.121	86.662	97.440	1.299	86.424	97.282	0.466	0.339	0.464	0.331	168.516	4087	4596
322	0.126	102.815	97.991	1.383	102.595	97.790	0.444	0.402	0.536	0.300	38.712	4859	4620
323	0.110	55.829	97.959	1.239	55.605	97.811	0.466	0.296	0.470	0.299	170.562	2631	4621
324	0.137	46.000	98.132	1.426	45.826	97.854	0.339	0.529	0.524	0.333	77.085	2174	4623
325	0.125	57.609	98.469	1.371	57.425	98.213	0.360	0.487	0.510	0.312	113.793	2716	4640
326	0.147	14.193	98.662	1.468	13.928	98.488	0.550	0.339	0.559	0.335	173.164	664	4653
327	0.120	73.579	98.668	1.294	73.342	98.510	0.466	0.318	0.477	0.320	12.176	3472	4654
328	0.117	78.854	98.726	1.316	78.634	98.531	0.466	0.360	0.477	0.314	149.374	3719	4655
329	0.119	115.946	98.858	1.294	115.718	98.700	0.466	0.318	0.465	0.326	8.874	5474	4663
330	0.093	40.288	98.935	1.129	40.111	98.764	0.360	0.360	0.369	0.321	39.841	1902	4666
331	0.115	84.250	99.140	1.276	84.011	98.996	0.466	0.296	0.488	0.299	174.512	3974	4677
332	0.114	26.649	99.176	1.251	26.437	99.018	0.444	0.318	0.444	0.327	9.483	1255	4678
333	0.131	43.586	99.189	1.383	43.328	99.039	0.529	0.318	0.531	0.315	175.776	2051	4679
334	0.143	90.584	99.549	1.448	90.318	99.356	0.508	0.402	0.543	0.335	146.827	4272	4694
335	0.126	56.738	99.641	1.371	56.536	99.441	0.402	0.444	0.493	0.325	127.025	2673	4698
336	0.104	82.826	99.707	1.251	82.656	99.505	0.339	0.423	0.437	0.304	108.604	3909	4701
337	0.120	63.256	99.940	1.341	63.013	99.780	0.487	0.339	0.490	0.312	164.930	2982	4714
338	0.093	70.929	99.945	1.154	70.739	99.780	0.402	0.318	0.443	0.268	150.605	3344	4714
339	0.132	120.661	100.067	1.401	120.481	99.822	0.360	0.508	0.506	0.333	76.897	5701	4716
340	0.102	69.370	100.118	1.179	69.152	99.970	0.423	0.296	0.432	0.301	7.838	3273	4723
341	0.124	65.930	100.286	1.353	65.701	100.097	0.444	0.381	0.483	0.326	30.934	3115	4729
342	0.102	99.775	100.322	1.274	99.547	100.140	0.444	0.360	0.499	0.261	146.004	4704	4731
343	0.139	39.731	100.421	1.438	39.560	100.161	0.339	0.529	0.536	0.331	101.942	1874	4732
344	0.124	95.295	100.722	1.436	95.102	100.499	0.402	0.466	0.500	0.315	123.031	4496	4748
345	0.125	70.990	100.948	1.329	70.760	100.774	0.466	0.360	0.479	0.334	22.498	3351	4761
346	0.126	37.059	101.553	1.401	36.872	101.304	0.360	0.487	0.509	0.316	114.443	1748	4786
347	0.115	73.764	101.534	1.299	73.596	101.304	0.339	0.466	0.467	0.314	112.370	3481	4786
348	0.111	128.250	101.834	1.299	128.080	101.621	0.339	0.444	0.482	0.292	64.779	6058	4801
349	0.142	74.046	102.062	1.456	73.850	101.812	0.381	0.508	0.540	0.335	113.763	3492	4810
350	0.125	45.236	102.210	1.336	45.000	102.044	0.466	0.339	0.487	0.325	17.311	2136	4821
351	0.138	37.311	102.450	1.413	37.126	102.193	0.360	0.508	0.524	0.334	113.699	1759	4828
352	0.128	55.584	102.795	1.388	55.330	102.616	0.508	0.339	0.526	0.309	162.327	2621	4848
353	0.115	54.562	102.922	1.286	54.377	102.701	0.360	0.444	0.475	0.307	119.402	2575	4852
354	0.105	32.817	103.072	1.202	32.618	102.891	0.402	0.360	0.430	0.311	140.242	1544	4861
355	0.133	58.635	103.157	1.408	58.378	102.997	0.529	0.318	0.531	0.319	176.783	2764	4866
356	0.122	72.871	103.232	1.331	72.729	102.997	0.296	0.487	0.499	0.311	92.082	3438	4866
357	0.138	38.819	103.392	1.450	38.650	103.124	0.339	0.529	0.554	0.317	103.940	1830	4872
358	0.127	54.096	103.604	1.366	53.912	103.378	0.381	0.444	0.511	0.316	123.057	2549	4884
359	0.122	57.926	103.602	1.316	57.679	103.442	0.487	0.339	0.476	0.326	11.484	2734	4887
360	0.129	61.739	103.737	1.401	61.532	103.505	0.423	0.444	0.543	0.304	134.590	2908	4890
361	0.122	87.750	104.341	1.329	87.566	104.119	0.381	0.444	0.505	0.308	126.242	4138	4919
362	0.116	28.539	104.676	1.269	28.300	104.521	0.466	0.318	0.462	0.320	179.678	1344	4938
363	0.103	72.696	105.177	1.196	72.538	104.966	0.318	0.423	0.421	0.310	87.578	3432	4959
364	0.140	106.385	105.344	1.426	106.214	105.092	0.339	0.529	0.539	0.331	102.233	5021	4965
365	0.116	96.298	105.562	1.299	96.118	105.346	0.360	0.444	0.474	0.310	112.404	4544	4977
366	0.110	95.230	105.654	1.276	95.060	105.431	0.318	0.444	0.469	0.299	76.639	4498	4981
367	0.128	60.152	105.824	1.376	59.944	105.600	0.423	0.444	0.514	0.317	48.139	2844	4989
368	0.119	75.337	105.925	1.304	75.142	105.706	0.381	0.444	0.484	0.314	123.655	3555	4994
369	0.143	101.394	105.947	1.473	101.113	105.749	0.529	0.381	0.542	0.337	20.560	4793	4996
370	0.136	59.368	106.186	1.443	59.182	105.960	0.402	0.487	0.537	0.322	58.479	2805	5006
371	0.118	92.403	106.300	1.316	92.223	106.066	0.360	0.466	0.510	0.294	120.729	4359	5011
372	0.122	94.752	106.862	1.346	94.552	106.638	0.402	0.444	0.514	0.302	48.885	4479	5038
373	0.121	87.791	106.875	1.341	87.566	106.680	0.444	0.381	0.495	0.310	146.475	4142	5040
374	0.131	91.941	107.101	1.418	91.694	106.913	0.508	0.381	0.528	0.316	157.449	4339	5051
375	0.113	34.292	107.203	1.274	34.078	107.019	0.444	0.360	0.464	0.310	150.373	1613	5056
376	0.136	117.824	107.333	1.413	117.581	107.124	0.466	0.402	0.503	0.345	28.525	5571	5061
377	0.115	85.255	107.354	1.274	85.048	107.167	0.444	0.360	0.469	0.311	153.276	4022	5063
378	0.109	51.815	107.479	1.244	51.604	107.294	0.423	0.360	0.447	0.310	152.319	2444	5069
379	0.122	92.937	107.710	1.311	92.752	107.484	0.381	0.423	0.490	0.318	126.071	4385	5078
380	0.110	90.801	107.818	1.269	90.572	107.654	0.444	0.339	0.447	0.313	14.410	4291	5086
381	0.118	76.943	107.903	1.329	76.772	107.675	0.339	0.466	0.469	0.321	100.537	3631	5087
382	0.124	98.697	108.192	1.346	98.467	107.992	0.444	0.402	0.524	0.301	138.948	4654	5102
383	0.127	23.866	108.376	1.371	23.686	108.140	0.381	0.466	0.498	0.324	124.239	1122	5109
384	0.110	78.636	108.350	1.269	78.380	108.204	0.487	0.296	0.474	0.296	167.691	3708	5112
385	0.125	66.921	108.447	1.346	66.696	108.246	0.444	0.402	0.519	0.306	37.288	3164	5114
386	0.117	57.903	108.458	1.299	57.658	108.289	0.466	0.339	0.479	0.311	20.028	2735	5116
387	0.096	82.155	108.887	1.161	81.978	108.733	0.381	0.318	0.417	0.294	28.470	3879	5137
388	0.097	51.029	109.128	1.149	50.864	108.945	0.339	0.360	0.414	0.299	50.905	2410	5147
389	0.124	54.876	109.312	1.346	54.695	109.051	0.360	0.487	0.488	0.323	68.945	2594	5152
390	0.127	98.731	109.579	1.341	98.510	109.389	0.423	0.402	0.499	0.325	138.834	4656	5168
391	0.120	99.133	110.261	1.353	98.954	110.024	0.360	0.466	0.501	0.305	66.657	4683	5198
392	0.092	30.236	110.666	1.149	30.099	110.448	0.275	0.423	0.423	0.278	95.083	1426	5218
393	0.133	42.089	110.738	1.408	41.931	110.469	0.318	0.529	0.527	0.321	87.244	1988	5219
394	0.130	76.862	110.724	1.399	76.623	110.511	0.487	0.423	0.522	0.318	142.845	3624	5221
395	0.147	49.251	111.041	1.473	49.022	110.808	0.444	0.466	0.546	0.344	128.055	2319	5235
396	0.119	98.733	111.129	1.316	98.510	110.934	0.444	0.381	0.507	0.298	146.569	4658	5241
397	0.116	45.304	111.838	1.294	45.148	111.591	0.318	0.466	0.466	0.318	86.463	2138	5272
398	0.119	97.118	112.023	1.346	96.880	111.845	0.466	0.381	0.482	0.314	148.537	4582	5284
399	0.103	89.976	112.140	1.209	89.789	111.950	0.360	0.381	0.424	0.311	53.328	4251	5289
400	0.128	44.178	112.836	1.388	44.006	112.586	0.339	0.508	0.508	0.320	100.473	2084	5319
401	0.128	111.379	113.112	1.418	111.210	112.818	0.339	0.550	0.527	0.310	77.872	5262	5330
402	0.121	43.844	113.832	1.353	43.667	113.602	0.360	0.466	0.491	0.312	107.850	2067	5367
403	0.104	44.657	114.652	1.239	44.450	114.448	0.381	0.381	0.445	0.298	50.282	2110	5407
404	0.134	43.248	115.240	1.436	42.990	115.041	0.508	0.402	0.546	0.314	30.676	2046	5435
405	0.104	98.870	115.545	1.226	98.679	115.380	0.423	0.339	0.438	0.302	158.940	4664	5451
406	0.121	81.697	115.748	1.329	81.470	115.570	0.466	0.360	0.490	0.313	153.850	3852	5460
407	0.108	39.573	115.890	1.256	39.412	115.655	0.339	0.444	0.466	0.296	111.766	1866	5464
408	0.113	78.320	116.093	1.299	78.147	115.845	0.339	0.466	0.477	0.302	109.677	3696	5473
409	0.115	97.858	116.033	1.281	97.621	115.866	0.466	0.318	0.468	0.313	6.068	4621	5474
410	0.108	47.150	116.175	1.281	47.011	115.930	0.275	0.508	0.492	0.281	91.363	2226	5477
411	0.125	112.779	116.388	1.383	112.628	116.120	0.318	0.529	0.531	0.301	78.729	5328	5486
412	0.124	43.407	116.846	1.371	43.159	116.671	0.508	0.339	0.502	0.315	168.518	2047	5512
413	0.125	77.449	117.301	1.371	77.258	117.073	0.381	0.466	0.496	0.322	55.190	3664	5531
414	0.129	58.762	117.664	1.388	58.526	117.454	0.444	0.423	0.530	0.310	137.050	2769	5549
415	0.139	67.323	117.795	1.461	67.077	117.581	0.487	0.423	0.538	0.329	38.109	3182	5555
416	0.135	30.303	118.015	1.388	30.036	117.835	0.508	0.360	0.518	0.331	17.237	1433	5567
417	0.114	86.799	118.829	1.286	86.550	118.660	0.466	0.339	0.465	0.311	158.730	4096	5606
418	0.113	113.100	119.025	1.294	112.945	118.808	0.318	0.466	0.470	0.307	96.543	5338	5613
419	0.111	47.655	119.776	1.246	47.434	119.634	0.444	0.296	0.461	0.307	174.807	2244	5652
420	0.130	33.943	120.263	1.378	33.782	120.015	0.318	0.508	0.515	0.321	82.057	1602	5670
421	0.142	71.423	121.304	1.478	71.184	121.052	0.444	0.487	0.551	0.327	50.284	3376	5719
422	0.141	20.423	121.349	1.538	20.172	121.137	0.487	0.423	0.532	0.338	144.840	959	5723
423	0.117	80.765	122.450	1.311	80.603	122.216	0.318	0.487	0.483	0.309	78.473	3815	5774
424	0.139	40.503	122.445	1.418	40.238	122.259	0.529	0.360	0.519	0.340	10.814	1917	5776
425	0.102	86.917	123.422	1.196	86.720	123.254	0.402	0.339	0.447	0.290	151.320	4099	5823
426	0.120	96.485	123.901	1.334	96.245	123.740	0.508	0.339	0.483	0.316	169.352	4551	5846
427	0.141	120.402	124.086	1.383	120.163	123.910	0.487	0.360	0.495	0.362	4.305	5684	5854
428	0.138	26.813	124.623	1.431	26.649	124.354	0.339	0.550	0.537	0.327	97.890	1264	5875
429	0.133	22.098	124.716	1.388	21.886	124.481	0.402	0.466	0.509	0.333	125.860	1040	5881
430	0.128	115.717	125.510	1.341	115.485	125.328	0.466	0.360	0.483	0.338	166.674	5463	5921
431	0.134	70.781	126.180	1.426	70.633	125.899	0.318	0.550	0.551	0.310	93.697	3341	5948
432	0.126	91.110	126.165	1.353	90.847	126.005	0.508	0.318	0.514	0.313	13.392	4303	5953
433	0.130	96.432	126.369	1.391	96.181	126.217	0.508	0.318	0.528	0.315	178.319	4549	5963
434	0.122	74.430	126.521	1.383	74.253	126.259	0.339	0.508	0.507	0.307	100.255	3513	5965
435	0.101	114.517	127.562	1.214	114.321	127.381	0.381	0.381	0.464	0.278	137.290	5403	6018
436	0.114	31.662	127.634	1.269	31.454	127.444	0.402	0.381	0.459	0.315	41.663	1494	6021
437	0.098	108.660	127.836	1.196	108.479	127.635	0.360	0.381	0.446	0.279	43.547	5138	6030
438	0.143	92.629	127.863	1.486	92.350	127.677	0.550	0.360	0.563	0.323	17.412	4380	6032
439	0.129	25.402	128.463	1.413	25.146	128.291	0.529	0.339	0.534	0.308	6.732	1202	6061
440	0.108	62.679	128.713	1.244	62.484	128.524	0.381	0.402	0.446	0.308	130.203	2955	6072
441	0.121	35.164	128.765	1.334	34.967	128.545	0.402	0.444	0.498	0.308	49.849	1664	6073
442	0.124	71.857	128.918	1.346	71.692	128.651	0.339	0.508	0.488	0.323	84.019	3393	6078
443	0.127	94.140	130.056	1.371	93.895	129.858	0.466	0.381	0.505	0.320	34.725	4448	6135
444	0.123	24.120	130.089	1.316	23.940	129.879	0.381	0.444	0.492	0.318	54.455	1139	6136
445	0.121	81.534	130.211	1.341	81.365	129.963	0.339	0.487	0.504	0.306	69.068	3854	6140
446	0.121	43.969	130.183	1.329	43.752	129.984	0.423	0.402	0.506	0.303	135.333	2069	6141
447	0.100	74.858	130.257	1.184	74.697	130.027	0.318	0.423	0.426	0.298	107.659	3535	6143
448	0.129	121.532	130.313	1.394	121.306	130.090	0.444	0.444	0.517	0.317	135.055	5737	6146
449	0.139	61.517	130.668	1.468	61.235	130.492	0.550	0.339	0.566	0.312	20.119	2907	6165
450	0.108	28.358	130.861	1.264	28.215	130.641	0.296	0.466	0.474	0.289	98.486	1335	6172
451	0.120	19.838	131.327	1.329	19.622	131.128	0.423	0.402	0.476	0.321	45.890	937	6195
452	0.122	73.075	132.036	1.341	72.898	131.805	0.360	0.466	0.515	0.301	61.893	3454	6227
453	0.139	39.535	132.259	1.426	39.370	131.995	0.339	0.529	0.533	0.332	92.389	1866	6236
454	0.113	39.466	132.891	1.341	39.306	132.630	0.296	0.508	0.503	0.287	93.230	1863	6266
455	0.109	93.179	133.127	1.234	93.028	132.906	0.296	0.444	0.469	0.295	103.896	4398	6279
456	0.096	110.016	133.375	1.234	109.876	133.138	0.275	0.466	0.469	0.262	105.127	5194	6290
457	0.117	111.038	133.919	1.299	110.850	133.689	0.360	0.444	0.470	0.318	115.657	5242	6316
458	0.107	64.959	134.134	1.221	64.812	133.922	0.296	0.444	0.443	0.307	92.681	3065	6327
459	0.121	51.446	134.176	1.346	51.244	133.943	0.402	0.444	0.497	0.310	49.989	2433	6328
460	0.096	118.223	134.106	1.167	118.046	133.943	0.381	0.318	0.391	0.313	162.688	5580	6328
461	0.123	66.319	134.359	1.329	66.125	134.176	0.423	0.402	0.467	0.335	39.341	3131	6339
462	0.123	87.118	134.566	1.316	86.932	134.345	0.360	0.466	0.475	0.329	109.927	4111	6347
463	0.126	94.838	134.603	1.348	94.678	134.366	0.318	0.487	0.493	0.326	87.170	4478	6348
464	0.117	106.726	134.616	1.331	106.553	134.387	0.339	0.444	0.487	0.306	70.829	5040	6349
465	0.065	49.400	134.590	0.925	49.255	134.430	0.275	0.318	0.316	0.262	70.269	2334	6351
466	0.081	56.642	134.632	1.017	56.494	134.472	0.296	0.318	0.330	0.311	72.072	2674	6353
467	0.108	44.913	134.668	1.251	44.683	134.514	0.444	0.318	0.452	0.305	168.724	2117	6355
468	0.103	104.040	134.764	1.304	103.844	134.535	0.360	0.444	0.426	0.306	91.783	4914	6356
469	0.124	106.096	134.838	1.346	105.939	134.578	0.318	0.529	0.504	0.313	87.596	5012	6358
470	0.065	60.396	134.840	0.920	60.262	134.684	0.254	0.318	0.331	0.252	107.749	2850	6363
471	0.089	45.457	135.187	1.112	45.297	134.980	0.296	0.402	0.398	0.284	99.040	2147	6377
