 	Area	X	Y	Perim.	BX	BY	Width	Height	Major	Minor	Angle	XStart	YStart
1	0.120	75.374	12.990	1.353	75.142	12.806	0.444	0.381	0.497	0.308	32.430	3562	605
2	0.121	87.866	13.973	1.316	87.694	13.716	0.339	0.487	0.469	0.329	94.574	4149	648
3	0.125	42.390	14.029	1.383	42.228	13.758	0.318	0.529	0.518	0.308	94.050	2001	650
4	0.128	61.919	13.991	1.353	61.743	13.758	0.339	0.487	0.484	0.337	90.346	2922	650
5	0.123	80.363	14.061	1.378	80.200	13.822	0.339	0.487	0.513	0.306	70.750	3796	653
6	0.136	102.215	14.255	1.418	101.981	14.034	0.466	0.423	0.532	0.325	38.860	4833	663
7	0.092	40.210	14.599	1.167	40.068	14.372	0.296	0.423	0.416	0.282	77.995	1900	679
8	0.123	39.166	15.079	1.329	38.989	14.838	0.360	0.466	0.497	0.315	62.052	1850	701
9	0.142	63.972	15.300	1.461	63.690	15.113	0.550	0.360	0.542	0.335	15.860	3024	714
10	0.143	72.687	15.440	1.478	72.475	15.176	0.423	0.508	0.569	0.320	55.264	3437	717
11	0.119	66.271	15.430	1.316	66.019	15.261	0.487	0.339	0.486	0.312	18.459	3131	721
12	0.127	58.751	16.143	1.371	58.505	15.960	0.487	0.360	0.509	0.318	156.039	2769	754
13	0.126	91.561	16.174	1.406	91.334	15.960	0.444	0.444	0.547	0.293	133.520	4318	754
14	0.130	28.357	16.353	1.388	28.088	16.192	0.529	0.339	0.518	0.319	171.129	1335	765
15	0.128	93.147	16.596	1.394	92.858	16.425	0.550	0.339	0.508	0.320	12.654	4400	776
16	0.132	95.810	16.664	1.418	95.546	16.468	0.508	0.381	0.543	0.309	31.884	4527	778
17	0.124	61.304	16.707	1.329	61.087	16.510	0.444	0.381	0.493	0.320	30.306	2900	780
18	0.129	28.577	16.788	1.388	28.321	16.616	0.508	0.360	0.516	0.317	161.073	1342	785
19	0.143	102.483	17.223	1.498	102.193	17.060	0.550	0.339	0.555	0.328	2.785	4839	806
20	0.122	90.732	17.367	1.329	90.488	17.187	0.487	0.339	0.484	0.322	166.475	4283	812
21	0.128	98.839	17.482	1.473	98.594	17.272	0.466	0.402	0.514	0.318	143.852	4663	816
22	0.135	51.193	17.530	1.406	50.927	17.357	0.529	0.360	0.527	0.326	11.322	2420	820
23	0.131	81.909	17.867	1.413	81.703	17.632	0.402	0.466	0.507	0.328	60.339	3870	833
24	0.131	107.025	18.150	1.376	106.828	17.907	0.381	0.487	0.512	0.325	117.016	5052	846
25	0.128	62.437	18.571	1.388	62.188	18.394	0.508	0.360	0.532	0.305	23.817	2952	869
26	0.129	88.702	18.698	1.388	88.519	18.457	0.381	0.487	0.504	0.325	64.204	4192	872
27	0.144	78.623	18.836	1.580	78.359	18.627	0.508	0.444	0.543	0.337	34.383	3716	880
28	0.119	117.247	18.806	1.311	117.009	18.648	0.487	0.318	0.479	0.317	2.556	5535	881
29	0.096	64.689	18.921	1.204	64.537	18.711	0.296	0.402	0.425	0.287	81.587	3054	884
30	0.121	108.989	19.019	1.299	108.754	18.860	0.487	0.318	0.481	0.320	2.764	5145	891
31	0.130	102.560	19.189	1.376	102.320	19.008	0.508	0.360	0.530	0.312	22.943	4846	898
32	0.092	107.270	19.230	1.154	107.061	19.071	0.402	0.318	0.428	0.275	156.152	5067	901
33	0.152	70.504	19.352	1.515	70.252	19.156	0.529	0.402	0.563	0.345	29.545	3331	905
34	0.140	19.769	19.957	1.426	19.579	19.706	0.381	0.487	0.528	0.338	114.149	929	931
35	0.136	77.737	20.730	1.424	77.512	20.510	0.444	0.466	0.547	0.317	136.123	3665	969
36	0.110	44.541	20.783	1.304	44.344	20.574	0.381	0.444	0.487	0.287	124.488	2098	972
37	0.111	31.018	20.845	1.256	30.819	20.638	0.381	0.402	0.465	0.303	46.598	1467	975
38	0.126	108.220	21.316	1.359	108.014	21.103	0.423	0.423	0.500	0.320	128.971	5105	997
39	0.118	91.390	21.384	1.346	91.165	21.188	0.466	0.381	0.506	0.298	146.927	4310	1001
40	0.128	69.955	21.586	1.359	69.786	21.336	0.339	0.508	0.525	0.311	109.575	3300	1008
41	0.116	27.294	21.629	1.341	27.030	21.484	0.529	0.296	0.509	0.290	175.119	1284	1015
42	0.136	85.565	21.756	1.401	85.302	21.590	0.529	0.339	0.512	0.339	179.654	4039	1020
43	0.124	82.161	22.223	1.394	81.915	22.034	0.508	0.381	0.534	0.295	148.028	3873	1041
44	0.125	67.112	22.402	1.359	66.887	22.204	0.444	0.402	0.501	0.318	41.324	3171	1049
45	0.114	77.607	22.879	1.294	77.428	22.670	0.360	0.423	0.486	0.299	56.658	3667	1071
46	0.122	107.474	23.079	1.316	107.294	22.860	0.360	0.466	0.485	0.320	119.257	5071	1080
47	0.117	9.901	23.331	1.311	9.694	23.135	0.423	0.381	0.471	0.317	139.645	462	1093
48	0.147	114.307	23.757	1.426	114.046	23.580	0.508	0.360	0.517	0.363	173.444	5395	1114
49	0.095	76.377	24.071	1.142	76.221	23.876	0.318	0.402	0.413	0.291	110.683	3604	1128
50	0.124	78.460	24.279	1.341	78.232	24.088	0.444	0.381	0.497	0.317	148.015	3699	1138
51	0.136	85.244	24.293	1.418	84.984	24.109	0.529	0.360	0.551	0.313	158.698	4020	1139
52	0.123	84.804	24.669	1.364	84.624	24.426	0.360	0.508	0.520	0.300	111.074	4002	1154
53	0.118	39.321	24.792	1.269	39.095	24.617	0.444	0.339	0.448	0.336	175.530	1855	1163
54	0.104	75.384	24.850	1.221	75.163	24.702	0.423	0.318	0.458	0.290	154.111	3552	1167
55	0.128	62.302	25.295	1.353	62.061	25.125	0.487	0.339	0.495	0.330	15.022	2942	1187
56	0.108	39.597	25.750	1.239	39.412	25.548	0.360	0.402	0.464	0.298	129.124	1865	1207
57	0.129	80.070	25.711	1.401	79.798	25.548	0.529	0.339	0.511	0.323	0.551	3781	1207
58	0.129	78.925	26.268	1.401	78.676	26.077	0.487	0.381	0.496	0.330	155.880	3725	1232
59	0.119	79.471	26.246	1.294	79.248	26.077	0.444	0.339	0.476	0.318	155.540	3747	1232
60	0.123	80.306	26.408	1.371	80.031	26.247	0.529	0.318	0.540	0.291	14.745	3795	1240
61	0.129	56.865	26.642	1.396	56.706	26.374	0.318	0.529	0.525	0.314	84.162	2684	1246
62	0.136	64.738	26.908	1.401	64.558	26.649	0.339	0.529	0.520	0.334	80.572	3058	1259
63	0.124	46.110	26.899	1.366	45.889	26.712	0.444	0.381	0.495	0.319	31.826	2180	1262
64	0.134	32.037	27.028	1.406	31.814	26.818	0.466	0.423	0.539	0.315	40.028	1516	1267
65	0.131	86.271	27.453	1.388	86.042	27.242	0.444	0.423	0.516	0.324	143.677	4071	1287
66	0.100	90.798	27.717	1.179	90.614	27.538	0.381	0.339	0.432	0.296	147.194	4284	1301
67	0.142	76.684	28.329	1.436	76.454	28.109	0.444	0.444	0.524	0.344	46.685	3623	1328
68	0.129	73.723	28.521	1.401	73.554	28.258	0.339	0.529	0.519	0.317	76.097	3484	1335
69	0.147	36.611	28.682	1.456	36.364	28.490	0.508	0.381	0.542	0.346	156.551	1721	1346
70	0.126	107.697	28.985	1.371	107.484	28.766	0.423	0.423	0.526	0.305	43.863	5093	1359
71	0.125	108.371	29.217	1.371	108.098	29.062	0.529	0.318	0.534	0.298	163.852	5112	1373
72	0.129	111.567	29.318	1.341	111.379	29.104	0.381	0.444	0.491	0.333	120.534	5263	1375
73	0.143	74.918	29.507	1.438	74.655	29.337	0.529	0.339	0.547	0.333	169.454	3532	1386
74	0.155	97.597	29.672	1.503	97.282	29.506	0.593	0.339	0.576	0.342	4.677	4607	1394
75	0.134	88.454	30.078	1.426	88.286	29.824	0.339	0.508	0.520	0.329	77.612	4178	1409
76	0.128	92.900	30.090	1.418	92.668	29.866	0.466	0.423	0.529	0.308	142.669	4381	1411
77	0.131	38.611	30.344	1.443	38.439	30.057	0.339	0.550	0.535	0.312	77.720	1823	1420
78	0.142	110.904	30.732	1.461	110.702	30.480	0.402	0.508	0.573	0.316	122.892	5232	1440
79	0.127	40.420	30.676	1.359	40.174	30.501	0.487	0.360	0.488	0.332	18.310	1911	1441
80	0.119	39.459	30.871	1.316	39.264	30.649	0.381	0.444	0.472	0.322	119.985	1860	1448
81	0.139	77.674	30.975	1.456	77.364	30.819	0.572	0.318	0.556	0.319	2.533	3666	1456
82	0.111	92.169	31.018	1.286	91.948	30.840	0.444	0.360	0.511	0.276	144.015	4345	1457
83	0.123	95.813	31.163	1.359	95.610	30.967	0.423	0.402	0.487	0.321	41.682	4527	1463
84	0.128	103.348	31.358	1.371	103.103	31.178	0.487	0.360	0.516	0.316	22.285	4883	1473
85	0.120	103.812	31.430	1.321	103.632	31.200	0.381	0.466	0.506	0.301	123.842	4898	1474
86	0.118	94.260	31.481	1.276	94.044	31.327	0.444	0.318	0.468	0.320	13.026	4450	1480
87	0.154	38.537	31.849	1.521	38.312	31.602	0.466	0.487	0.575	0.341	129.339	1813	1493
88	0.129	113.842	32.291	1.371	113.644	32.046	0.381	0.466	0.509	0.324	58.055	5380	1514
89	0.133	49.826	32.339	1.388	49.594	32.152	0.487	0.381	0.516	0.328	26.786	2354	1519
90	0.120	80.530	33.009	1.299	80.285	32.851	0.487	0.318	0.478	0.318	177.712	3800	1552
91	0.143	85.439	33.654	1.466	85.217	33.401	0.444	0.487	0.551	0.331	127.984	4031	1578
92	0.153	9.180	33.878	1.521	8.911	33.676	0.550	0.402	0.558	0.350	160.474	428	1591
93	0.128	55.932	34.246	1.388	55.732	34.015	0.402	0.466	0.532	0.306	129.047	2635	1607
94	0.135	65.511	34.327	1.396	65.236	34.163	0.529	0.318	0.529	0.326	1.295	3091	1614
95	0.124	105.502	34.480	1.316	105.304	34.248	0.381	0.444	0.485	0.324	57.139	4985	1618
96	0.142	60.249	34.435	1.473	59.965	34.269	0.550	0.339	0.546	0.330	178.141	2843	1619
97	0.129	87.082	34.659	1.366	86.847	34.480	0.487	0.339	0.517	0.319	161.240	4108	1629
98	0.118	88.173	34.680	1.304	87.948	34.480	0.444	0.381	0.468	0.321	146.108	4161	1629
99	0.078	91.183	34.811	1.094	91.017	34.629	0.339	0.339	0.408	0.243	142.372	4301	1636
100	0.131	23.935	35.350	1.401	23.749	35.116	0.381	0.487	0.536	0.312	58.362	1132	1659
101	0.095	90.667	35.612	1.202	90.466	35.433	0.402	0.360	0.477	0.255	137.304	4275	1674
102	0.130	107.715	35.754	1.388	107.463	35.581	0.508	0.360	0.507	0.326	18.237	5089	1681
103	0.124	97.503	36.130	1.366	97.346	35.878	0.318	0.508	0.504	0.313	82.655	4605	1695
104	0.117	75.946	36.115	1.316	75.734	35.920	0.423	0.402	0.495	0.301	140.060	3579	1697
105	0.133	48.556	36.462	1.383	48.281	36.301	0.529	0.318	0.531	0.318	5.656	2292	1715
106	0.105	79.105	36.574	1.239	78.930	36.364	0.339	0.423	0.446	0.299	117.894	3735	1718
107	0.124	27.872	36.873	1.376	27.707	36.597	0.339	0.529	0.530	0.297	113.156	1312	1729
108	0.142	29.799	36.993	1.448	29.612	36.724	0.360	0.550	0.544	0.332	77.225	1407	1735
109	0.131	90.061	36.921	1.401	89.789	36.745	0.508	0.360	0.526	0.317	154.548	4248	1736
110	0.117	73.598	37.627	1.323	73.448	37.380	0.318	0.487	0.501	0.297	78.346	3477	1766
111	0.130	60.067	37.628	1.431	59.796	37.465	0.550	0.339	0.537	0.309	179.342	2836	1770
112	0.151	85.612	37.806	1.496	85.365	37.571	0.487	0.466	0.580	0.332	137.704	4037	1775
113	0.136	74.961	38.121	1.426	74.697	37.952	0.529	0.339	0.543	0.319	14.994	3541	1793
114	0.134	78.815	38.146	1.394	78.571	37.952	0.508	0.381	0.523	0.326	157.870	3717	1793
115	0.138	86.704	38.170	1.408	86.445	38.015	0.529	0.318	0.530	0.330	3.472	4090	1796
116	0.128	104.322	38.228	1.371	104.098	38.037	0.444	0.402	0.504	0.323	40.434	4927	1797
117	0.101	113.589	38.757	1.221	113.432	38.544	0.296	0.444	0.455	0.283	74.125	5366	1821
118	0.095	118.463	38.738	1.167	118.279	38.566	0.381	0.339	0.436	0.279	141.257	5589	1822
119	0.110	101.691	38.847	1.256	101.494	38.650	0.381	0.402	0.474	0.296	132.780	4799	1826
120	0.138	83.474	39.140	1.378	83.227	38.968	0.487	0.339	0.511	0.343	12.332	3941	1841
121	0.130	80.978	39.626	1.371	80.708	39.476	0.529	0.318	0.520	0.318	4.210	3820	1865
122	0.127	66.219	40.020	1.376	66.019	39.793	0.402	0.466	0.512	0.315	123.279	3123	1880
123	0.147	82.657	40.035	1.450	82.381	39.878	0.550	0.318	0.568	0.329	3.611	3899	1884
124	0.122	69.084	40.118	1.371	68.813	39.942	0.508	0.339	0.518	0.300	22.902	3265	1887
125	0.091	107.158	40.640	1.142	107.019	40.428	0.296	0.423	0.403	0.288	96.974	5061	1910
126	0.125	89.725	41.057	1.334	89.514	40.852	0.423	0.423	0.481	0.332	47.729	4239	1930
127	0.131	91.316	41.129	1.401	91.144	40.873	0.360	0.508	0.522	0.319	109.277	4309	1931
128	0.125	47.653	41.185	1.383	47.498	40.915	0.318	0.529	0.523	0.303	77.880	2251	1933
129	0.157	22.861	41.236	1.510	22.691	40.958	0.339	0.572	0.577	0.347	86.042	1078	1935
130	0.136	79.490	41.221	1.421	79.227	41.063	0.529	0.318	0.530	0.326	174.256	3749	1940
131	0.141	44.798	41.373	1.478	44.514	41.190	0.550	0.381	0.542	0.331	159.025	2110	1946
132	0.138	94.329	41.485	1.413	94.149	41.233	0.360	0.508	0.514	0.341	104.555	4452	1948
133	0.123	47.241	41.541	1.341	47.011	41.360	0.444	0.381	0.491	0.320	145.089	2222	1954
134	0.131	108.404	41.664	1.426	108.246	41.381	0.318	0.550	0.541	0.308	97.657	5120	1955
135	0.134	32.409	41.776	1.436	32.216	41.550	0.402	0.508	0.529	0.321	58.662	1531	1963
136	0.125	38.883	41.834	1.353	38.629	41.677	0.508	0.318	0.515	0.309	13.263	1835	1969
137	0.139	9.363	41.908	1.413	9.102	41.741	0.529	0.339	0.521	0.341	2.597	438	1972
138	0.134	39.687	42.001	1.408	39.518	41.762	0.339	0.487	0.512	0.332	88.163	1871	1973
139	0.151	79.886	42.381	1.480	79.608	42.206	0.550	0.339	0.563	0.342	6.020	3773	1994
140	0.141	86.706	42.748	1.456	86.508	42.482	0.381	0.508	0.543	0.330	63.860	4099	2007
141	0.069	11.369	42.719	0.992	11.218	42.566	0.296	0.296	0.315	0.281	54.973	536	2011
142	0.126	53.463	43.065	1.353	53.213	42.905	0.487	0.318	0.492	0.327	5.820	2522	2027
143	0.104	81.230	43.194	1.184	81.026	43.032	0.402	0.339	0.414	0.320	153.838	3833	2033
144	0.124	92.589	43.592	1.353	92.435	43.328	0.296	0.529	0.525	0.300	92.488	4373	2047
145	0.130	105.524	43.645	1.383	105.346	43.392	0.339	0.508	0.524	0.316	102.477	4982	2050
146	0.143	20.829	43.695	1.478	20.638	43.413	0.402	0.529	0.551	0.331	116.768	979	2051
147	0.127	91.972	43.684	1.466	91.800	43.413	0.339	0.529	0.499	0.324	78.732	4347	2051
148	0.146	118.220	43.798	1.468	117.941	43.624	0.550	0.339	0.547	0.339	9.837	5582	2061
149	0.132	93.441	43.941	1.408	93.282	43.688	0.318	0.508	0.521	0.322	90.727	4411	2064
150	0.135	71.193	44.168	1.421	71.035	43.900	0.318	0.529	0.533	0.322	92.638	3363	2074
151	0.122	114.707	44.702	1.388	114.512	44.450	0.402	0.466	0.532	0.292	128.488	5412	2100
152	0.132	33.080	44.956	1.388	32.893	44.704	0.381	0.487	0.516	0.325	65.853	1563	2112
153	0.146	71.479	45.077	1.510	71.310	44.810	0.339	0.550	0.566	0.328	80.916	3376	2117
154	0.134	52.097	45.051	1.431	51.880	44.831	0.444	0.444	0.538	0.317	139.104	2454	2118
155	0.134	106.290	45.301	1.424	106.066	45.043	0.423	0.487	0.533	0.321	52.473	5025	2128
156	0.135	74.334	45.250	1.431	74.083	45.064	0.529	0.360	0.544	0.316	161.092	3505	2129
157	0.119	47.115	45.708	1.361	46.863	45.572	0.529	0.275	0.535	0.283	176.511	2218	2153
158	0.120	65.601	45.864	1.311	65.363	45.699	0.487	0.318	0.483	0.315	5.478	3099	2159
159	0.125	127.525	45.929	1.336	127.275	45.784	0.508	0.296	0.516	0.308	0.796	6018	2163
160	0.122	91.554	46.090	1.364	91.313	45.868	0.444	0.423	0.514	0.302	43.556	4328	2167
161	0.087	51.812	46.306	1.082	51.647	46.143	0.360	0.318	0.360	0.309	162.337	2444	2180
162	0.142	104.497	47.062	1.463	104.330	46.778	0.318	0.550	0.557	0.325	92.330	4936	2210
163	0.113	70.936	47.221	1.323	70.718	47.032	0.444	0.360	0.495	0.292	30.701	3360	2222
164	0.116	83.978	47.269	1.323	83.735	47.117	0.508	0.296	0.509	0.290	165.707	3960	2226
165	0.132	76.077	47.919	1.406	75.798	47.731	0.529	0.360	0.526	0.319	162.893	3592	2255
166	0.138	127.758	47.937	1.456	127.487	47.773	0.550	0.339	0.552	0.318	11.376	6033	2257
167	0.152	87.758	48.370	1.515	87.482	48.175	0.529	0.381	0.550	0.353	17.021	4149	2276
168	0.145	104.745	48.829	1.491	104.542	48.556	0.402	0.529	0.558	0.330	61.905	4951	2294
169	0.128	69.446	48.961	1.346	69.236	48.747	0.423	0.423	0.496	0.328	44.261	3283	2303
170	0.140	75.861	48.994	1.436	75.607	48.789	0.508	0.402	0.539	0.331	149.315	3577	2305
171	0.094	126.030	49.057	1.202	125.815	48.895	0.423	0.339	0.471	0.254	34.162	5954	2310
172	0.137	100.453	49.218	1.426	100.182	49.043	0.529	0.339	0.545	0.320	11.957	4748	2317
173	0.128	93.044	49.249	1.371	92.774	49.064	0.508	0.339	0.506	0.322	11.622	4397	2318
174	0.141	65.068	49.608	1.424	64.855	49.361	0.423	0.487	0.544	0.329	127.849	3068	2332
175	0.135	28.376	49.681	1.388	28.173	49.445	0.402	0.466	0.510	0.338	57.224	1342	2336
176	0.129	35.367	49.859	1.329	35.179	49.636	0.381	0.444	0.488	0.337	56.205	1671	2345
177	0.140	88.133	50.070	1.431	87.948	49.826	0.381	0.508	0.545	0.327	61.403	4164	2354
178	0.141	56.954	50.413	1.426	56.748	50.165	0.402	0.466	0.524	0.343	55.092	2693	2370
179	0.153	25.854	50.464	1.486	25.590	50.271	0.529	0.381	0.533	0.366	5.164	1220	2375
180	0.124	83.190	50.771	1.401	83.016	50.525	0.339	0.529	0.531	0.297	109.341	3925	2387
181	0.127	108.530	50.760	1.388	108.331	50.525	0.402	0.466	0.530	0.305	128.999	5119	2387
182	0.121	98.714	50.956	1.353	98.552	50.694	0.318	0.508	0.514	0.300	97.980	4661	2395
183	0.149	62.283	51.485	1.551	62.103	51.181	0.339	0.593	0.573	0.331	88.353	2943	2418
184	0.122	93.191	52.188	1.391	93.049	51.922	0.296	0.529	0.543	0.287	89.187	4400	2453
185	0.134	38.791	52.236	1.401	38.544	52.070	0.529	0.339	0.525	0.326	12.810	1831	2460
186	0.121	68.024	52.636	1.334	67.797	52.430	0.423	0.423	0.508	0.302	132.284	3207	2477
187	0.126	90.570	52.780	1.378	90.424	52.514	0.296	0.529	0.536	0.299	82.941	4278	2481
188	0.135	73.878	52.959	1.401	73.681	52.726	0.402	0.466	0.537	0.320	126.308	3482	2491
189	0.143	119.204	53.447	1.486	119.020	53.192	0.381	0.508	0.546	0.333	115.414	5624	2513
190	0.128	128.803	53.603	1.346	128.609	53.382	0.402	0.444	0.491	0.331	123.523	6079	2522
191	0.127	95.466	53.710	1.346	95.250	53.488	0.423	0.423	0.508	0.318	44.762	4512	2527
192	0.153	119.940	53.809	1.498	119.655	53.636	0.572	0.339	0.575	0.339	6.541	5664	2534
193	0.143	94.330	54.304	1.468	94.149	54.038	0.360	0.529	0.555	0.329	75.191	4456	2553
194	0.113	68.243	54.401	1.264	68.093	54.166	0.296	0.466	0.467	0.308	94.579	3223	2559
195	0.133	100.999	54.605	1.424	100.774	54.335	0.423	0.487	0.525	0.321	52.149	4775	2567
196	0.117	72.034	54.765	1.299	71.861	54.546	0.360	0.444	0.479	0.311	60.768	3403	2577
197	0.150	114.748	54.728	1.498	114.469	54.546	0.550	0.360	0.566	0.337	163.963	5414	2577
198	0.126	71.281	55.151	1.353	71.120	54.906	0.318	0.508	0.501	0.320	85.694	3366	2594
199	0.135	113.169	55.242	1.401	112.988	54.991	0.360	0.508	0.513	0.336	108.694	5344	2598
200	0.134	101.916	55.425	1.421	101.769	55.160	0.296	0.550	0.552	0.308	87.381	4812	2606
201	0.134	120.170	55.534	1.413	119.909	55.372	0.529	0.339	0.532	0.322	4.809	5675	2616
202	0.133	102.113	56.114	1.383	101.875	55.922	0.466	0.381	0.506	0.334	32.994	4824	2642
203	0.103	99.993	56.340	1.269	99.843	56.113	0.296	0.466	0.465	0.283	95.801	4722	2651
204	0.117	66.533	56.616	1.281	66.358	56.409	0.360	0.423	0.475	0.313	121.365	3136	2665
205	0.125	57.377	57.203	1.329	57.171	57.002	0.423	0.402	0.477	0.332	145.369	2705	2693
206	0.109	66.496	57.202	1.226	66.294	57.023	0.402	0.360	0.432	0.321	37.850	3140	2694
207	0.113	107.877	57.521	1.286	107.717	57.277	0.318	0.487	0.474	0.303	75.053	5096	2706
208	0.114	60.754	57.624	1.291	60.537	57.425	0.444	0.381	0.465	0.312	141.986	2866	2713
209	0.139	109.412	57.706	1.418	109.178	57.489	0.466	0.423	0.542	0.327	141.552	5162	2716
210	0.144	104.548	58.562	1.521	104.225	58.399	0.593	0.360	0.567	0.323	163.511	4931	2759
211	0.128	93.314	58.689	1.378	93.133	58.462	0.360	0.466	0.499	0.326	66.056	4410	2762
212	0.138	48.193	59.681	1.456	48.027	59.394	0.339	0.550	0.540	0.326	85.477	2278	2806
213	0.117	37.512	59.864	1.304	37.338	59.626	0.360	0.466	0.479	0.312	61.621	1775	2817
214	0.135	127.111	59.988	1.418	126.915	59.732	0.381	0.508	0.522	0.330	65.366	6007	2822
215	0.124	108.187	60.560	1.353	107.950	60.388	0.487	0.339	0.501	0.314	22.321	5110	2853
216	0.136	114.000	60.606	1.411	113.750	60.388	0.466	0.444	0.534	0.324	138.500	5380	2853
217	0.107	128.612	60.736	1.214	128.397	60.558	0.423	0.339	0.430	0.317	28.138	6075	2861
218	0.152	119.117	60.872	1.510	118.830	60.706	0.572	0.339	0.575	0.336	175.593	5622	2868
219	0.137	80.410	61.144	1.461	80.179	60.918	0.466	0.444	0.566	0.308	140.878	3789	2878
220	0.119	128.488	61.565	1.299	128.249	61.404	0.466	0.339	0.473	0.321	171.604	6066	2901
221	0.120	85.768	61.806	1.364	85.577	61.574	0.381	0.466	0.496	0.308	120.210	4047	2909
222	0.098	71.682	62.162	1.167	71.501	61.976	0.360	0.360	0.397	0.314	39.815	3387	2928
223	0.116	68.421	62.217	1.299	68.220	62.018	0.402	0.402	0.482	0.306	49.550	3232	2930
224	0.140	122.188	62.334	1.448	122.026	62.061	0.360	0.529	0.513	0.348	99.977	5768	2932
225	0.126	65.940	62.847	1.364	65.722	62.632	0.444	0.423	0.512	0.313	137.210	3109	2959
226	0.108	83.863	63.080	1.226	83.672	62.886	0.360	0.402	0.426	0.322	120.235	3958	2971
227	0.125	68.926	64.044	1.348	68.665	63.902	0.508	0.296	0.516	0.307	172.009	3247	3019
228	0.140	81.726	64.504	1.424	81.492	64.283	0.444	0.466	0.516	0.346	134.928	3857	3037
229	0.137	18.427	64.542	1.401	18.203	64.326	0.444	0.423	0.516	0.338	38.523	873	3039
230	0.119	91.694	64.649	1.336	91.525	64.410	0.318	0.487	0.505	0.299	105.518	4328	3043
231	0.117	68.008	64.725	1.299	67.776	64.558	0.466	0.339	0.472	0.317	12.173	3212	3050
232	0.121	100.246	64.902	1.353	100.097	64.643	0.296	0.529	0.513	0.299	93.456	4734	3054
233	0.103	124.365	64.857	1.179	124.142	64.706	0.423	0.296	0.433	0.302	9.805	5873	3057
234	0.126	65.508	65.124	1.346	65.299	64.918	0.444	0.402	0.493	0.325	142.217	3089	3067
235	0.119	83.934	65.166	1.401	83.651	65.003	0.550	0.318	0.542	0.279	17.455	3965	3071
236	0.132	21.869	65.404	1.396	21.696	65.151	0.339	0.508	0.512	0.329	84.823	1033	3078
237	0.073	83.434	65.307	1.004	83.291	65.151	0.275	0.339	0.344	0.272	112.115	3937	3078
238	0.124	122.675	65.334	1.341	122.428	65.172	0.487	0.318	0.499	0.315	173.843	5793	3079
239	0.139	45.505	65.570	1.468	45.339	65.278	0.318	0.572	0.571	0.310	91.323	2146	3084
240	0.120	82.675	65.855	1.359	82.465	65.638	0.402	0.444	0.530	0.288	130.754	3898	3101
241	0.121	83.214	66.022	1.346	83.037	65.786	0.339	0.487	0.496	0.312	74.138	3930	3108
242	0.124	92.070	66.184	1.359	91.884	65.934	0.360	0.487	0.511	0.308	114.685	4344	3115
243	0.121	124.896	66.173	1.318	124.735	65.934	0.318	0.466	0.497	0.310	74.388	5899	3115
244	0.118	35.530	66.345	1.281	35.370	66.104	0.318	0.466	0.466	0.322	79.009	1680	3123
245	0.115	82.804	66.406	1.311	82.635	66.167	0.339	0.466	0.465	0.315	74.697	3913	3126
246	0.143	34.346	66.498	1.456	34.163	66.230	0.360	0.529	0.538	0.339	106.853	1620	3129
247	0.148	70.045	66.696	1.456	69.786	66.506	0.508	0.381	0.539	0.350	160.527	3303	3142
248	0.131	82.035	66.991	1.388	81.852	66.760	0.381	0.487	0.529	0.315	56.799	3877	3154
249	0.147	83.053	67.186	1.508	82.783	66.971	0.529	0.423	0.565	0.330	148.835	3919	3164
250	0.135	82.532	67.459	1.468	82.381	67.183	0.296	0.572	0.574	0.300	90.255	3896	3174
251	0.110	69.044	67.615	1.299	68.792	67.458	0.487	0.318	0.507	0.275	153.633	3253	3187
252	0.133	83.616	67.770	1.401	83.397	67.564	0.444	0.423	0.531	0.319	43.046	3951	3192
253	0.104	55.301	67.865	1.256	55.076	67.712	0.466	0.296	0.466	0.285	164.613	2607	3199
254	0.123	81.578	67.884	1.346	81.322	67.712	0.508	0.339	0.514	0.305	20.002	3855	3199
255	0.126	83.429	68.447	1.359	83.248	68.199	0.360	0.487	0.495	0.324	68.992	3944	3222
256	0.143	22.889	68.772	1.448	22.670	68.538	0.444	0.466	0.536	0.341	47.046	1085	3238
257	0.121	125.573	68.733	1.316	125.328	68.559	0.466	0.360	0.459	0.337	164.966	5929	3239
258	0.146	81.502	68.859	1.473	81.216	68.686	0.550	0.360	0.545	0.341	12.843	3849	3245
259	0.113	83.203	69.217	1.299	83.058	68.961	0.296	0.508	0.483	0.299	98.538	3927	3258
260	0.135	80.877	69.314	1.376	80.666	69.109	0.444	0.423	0.511	0.337	42.330	3821	3265
261	0.121	68.462	69.455	1.311	68.220	69.278	0.466	0.339	0.479	0.322	164.573	3230	3273
262	0.108	81.915	69.552	1.261	81.746	69.321	0.339	0.444	0.445	0.309	102.462	3867	3275
263	0.137	41.978	69.841	1.413	41.720	69.660	0.508	0.360	0.534	0.326	159.342	1977	3291
264	0.125	8.982	69.851	1.388	8.742	69.681	0.529	0.318	0.516	0.309	172.206	419	3292
265	0.097	31.734	69.939	1.214	31.496	69.786	0.466	0.296	0.439	0.282	177.615	1495	3297
266	0.126	82.395	70.050	1.359	82.190	69.829	0.402	0.444	0.503	0.320	53.459	3894	3299
267	0.113	54.073	70.801	1.294	53.848	70.654	0.466	0.318	0.471	0.305	9.279	2550	3338
268	0.106	35.702	71.068	1.209	35.475	70.908	0.423	0.318	0.424	0.317	6.403	1686	3350
269	0.092	84.376	71.120	1.137	84.222	70.930	0.296	0.402	0.404	0.289	105.733	3984	3351
270	0.109	78.652	71.301	1.286	78.486	71.099	0.360	0.444	0.459	0.303	57.231	3717	3359
271	0.133	24.809	71.377	1.406	24.574	71.162	0.466	0.423	0.536	0.316	139.380	1166	3362
272	0.121	111.383	71.414	1.341	111.210	71.184	0.339	0.466	0.475	0.324	80.159	5260	3363
273	0.111	83.056	71.412	1.256	82.846	71.226	0.402	0.381	0.445	0.318	144.361	3918	3365
274	0.128	21.342	71.565	1.371	21.188	71.289	0.318	0.529	0.526	0.310	80.158	1008	3368
275	0.129	81.708	71.511	1.388	81.470	71.310	0.466	0.402	0.515	0.319	142.603	3853	3369
276	0.124	81.046	71.610	1.371	80.836	71.416	0.423	0.423	0.488	0.324	44.157	3831	3374
277	0.120	59.143	71.653	1.388	58.907	71.459	0.466	0.402	0.524	0.292	33.033	2798	3376
278	0.125	35.380	71.741	1.346	35.158	71.564	0.466	0.360	0.474	0.336	14.531	1669	3381
279	0.110	47.417	71.943	1.214	47.223	71.755	0.381	0.381	0.397	0.354	121.908	2236	3390
280	0.116	80.535	72.081	1.306	80.370	71.840	0.318	0.466	0.470	0.313	96.870	3805	3394
281	0.139	79.787	72.100	1.461	79.502	71.924	0.550	0.339	0.556	0.318	168.990	3765	3398
282	0.134	18.717	72.315	1.418	18.542	72.030	0.360	0.529	0.525	0.324	112.181	881	3403
283	0.132	40.761	72.532	1.401	40.513	72.348	0.508	0.360	0.521	0.323	157.531	1919	3418
284	0.128	40.640	72.986	1.359	40.450	72.750	0.360	0.487	0.511	0.318	112.487	1915	3437
285	0.101	122.638	73.075	1.199	122.492	72.877	0.296	0.381	0.402	0.321	89.166	5792	3443
286	0.117	27.820	73.812	1.274	27.601	73.618	0.423	0.381	0.442	0.337	149.218	1309	3478
287	0.120	28.028	74.395	1.316	27.771	74.232	0.487	0.339	0.467	0.326	1.021	1323	3507
288	0.076	7.614	74.579	1.112	7.451	74.422	0.318	0.318	0.324	0.300	37.265	360	3516
289	0.103	72.734	75.031	1.226	72.496	74.888	0.466	0.296	0.458	0.286	177.527	3433	3538
290	0.132	42.753	75.199	1.359	42.503	75.036	0.508	0.339	0.498	0.337	179.767	2015	3545
291	0.129	59.729	75.286	1.388	59.521	75.057	0.423	0.444	0.524	0.315	131.102	2816	3546
292	0.096	34.019	75.726	1.172	33.846	75.544	0.360	0.381	0.377	0.325	66.052	1606	3569
293	0.134	124.340	75.843	1.341	124.164	75.607	0.360	0.466	0.491	0.348	110.324	5869	3572
294	0.096	74.651	76.004	1.149	74.507	75.798	0.296	0.402	0.412	0.296	100.622	3524	3581
295	0.135	52.883	76.725	1.431	52.705	76.475	0.381	0.508	0.532	0.324	114.029	2493	3613
296	0.103	71.999	77.637	1.239	71.861	77.406	0.275	0.487	0.471	0.277	89.614	3399	3657
297	0.089	81.402	77.773	1.119	81.195	77.639	0.402	0.275	0.411	0.275	14.073	3843	3668
298	0.086	81.498	78.202	1.094	81.301	78.063	0.381	0.296	0.390	0.282	165.756	3845	3688
299	0.138	38.373	78.359	1.401	38.206	78.105	0.360	0.508	0.506	0.347	88.243	1810	3690
300	0.109	81.280	78.521	1.261	81.090	78.317	0.402	0.402	0.483	0.287	132.591	3833	3700
301	0.132	26.196	78.727	1.366	25.950	78.571	0.508	0.318	0.521	0.323	172.260	1230	3712
302	0.141	42.712	78.880	1.503	42.439	78.698	0.529	0.360	0.552	0.325	164.887	2013	3718
303	0.105	75.782	78.970	1.214	75.544	78.804	0.444	0.318	0.433	0.309	8.496	3580	3723
304	0.099	35.189	79.458	1.209	34.967	79.312	0.444	0.296	0.458	0.274	159.707	1655	3747
305	0.104	31.804	80.024	1.239	31.644	79.798	0.318	0.444	0.451	0.294	76.622	1501	3770
306	0.129	54.487	80.182	1.436	54.271	79.925	0.444	0.466	0.495	0.333	137.689	2570	3776
307	0.144	57.405	80.505	1.498	57.108	80.349	0.572	0.339	0.577	0.318	172.264	2706	3796
308	0.138	46.650	80.845	1.450	46.482	80.582	0.339	0.529	0.539	0.327	97.653	2201	3807
309	0.121	128.535	81.745	1.341	128.291	81.576	0.487	0.339	0.482	0.321	11.066	6071	3854
310	0.113	59.178	82.076	1.261	58.970	81.894	0.423	0.381	0.451	0.319	141.090	2788	3869
311	0.110	70.782	82.522	1.226	70.548	82.360	0.444	0.318	0.437	0.319	3.205	3340	3891
312	0.129	121.775	82.544	1.388	121.518	82.360	0.508	0.360	0.530	0.309	25.110	5754	3891
313	0.101	71.953	82.599	1.226	71.797	82.381	0.318	0.444	0.461	0.279	66.210	3400	3892
314	0.153	75.969	82.622	1.510	75.692	82.465	0.593	0.318	0.594	0.327	176.355	3580	3896
315	0.129	80.581	82.735	1.443	80.412	82.465	0.318	0.572	0.562	0.292	105.409	3804	3896
316	0.147	119.340	82.991	1.448	119.105	82.762	0.466	0.444	0.534	0.350	41.443	5640	3910
317	0.129	121.715	83.645	1.371	121.476	83.460	0.487	0.360	0.516	0.319	24.947	5751	3943
318	0.128	42.970	83.932	1.366	42.799	83.693	0.339	0.487	0.518	0.314	108.304	2024	3954
319	0.111	31.522	83.988	1.244	31.284	83.799	0.444	0.339	0.431	0.327	3.207	1489	3959
320	0.078	127.418	84.781	1.034	127.233	84.646	0.339	0.296	0.355	0.281	146.523	6013	3999
321	0.129	48.530	85.455	1.353	48.281	85.280	0.487	0.339	0.500	0.329	9.491	2292	4029
322	0.107	22.881	85.702	1.226	22.712	85.492	0.339	0.423	0.431	0.316	109.592	1078	4039
323	0.070	127.854	86.300	0.967	127.698	86.148	0.318	0.296	0.326	0.275	20.430	6041	4070
324	0.129	56.653	86.511	1.341	56.409	86.339	0.487	0.339	0.501	0.329	10.709	2676	4079
325	0.133	49.030	86.949	1.413	48.853	86.678	0.339	0.529	0.531	0.318	102.213	2314	4095
326	0.132	42.034	87.079	1.413	41.783	86.910	0.529	0.339	0.542	0.310	18.242	1986	4106
327	0.065	73.251	88.084	0.950	73.110	87.926	0.275	0.318	0.319	0.261	89.254	3459	4154
328	0.114	80.831	88.586	1.304	80.624	88.371	0.402	0.423	0.489	0.296	135.753	3814	4175
329	0.114	67.276	88.846	1.286	67.120	88.604	0.318	0.487	0.488	0.297	103.201	3175	4186
330	0.096	50.287	89.080	1.154	50.102	88.900	0.360	0.360	0.390	0.313	132.829	2373	4200
331	0.121	35.334	89.504	1.341	35.116	89.302	0.444	0.381	0.497	0.310	31.822	1676	4219
332	0.113	33.310	90.409	1.256	33.126	90.212	0.381	0.402	0.439	0.327	53.382	1572	4262
333	0.112	77.446	90.769	1.256	77.216	90.614	0.466	0.318	0.467	0.304	16.373	3657	4281
334	0.119	24.976	90.901	1.291	24.744	90.699	0.444	0.381	0.460	0.328	32.130	1183	4285
335	0.137	39.145	90.931	1.396	38.883	90.763	0.508	0.339	0.511	0.341	12.154	1847	4288
336	0.113	71.190	91.004	1.334	70.993	90.826	0.423	0.402	0.469	0.308	41.199	3361	4291
337	0.121	56.831	91.314	1.311	56.600	91.144	0.466	0.339	0.497	0.310	156.746	2677	4306
338	0.124	72.305	91.432	1.359	72.051	91.271	0.508	0.339	0.503	0.314	165.932	3409	4312
339	0.189	79.076	91.708	1.840	78.804	91.440	0.550	0.529	0.562	0.428	138.765	3733	4320
340	0.129	34.482	92.250	1.388	34.248	92.054	0.466	0.402	0.506	0.324	34.582	1630	4349
341	0.130	98.131	92.587	1.436	97.832	92.414	0.572	0.339	0.532	0.311	175.807	4635	4366
342	0.129	72.869	92.600	1.341	72.623	92.435	0.487	0.339	0.489	0.337	6.741	3441	4367
343	0.137	63.587	93.141	1.431	63.352	92.922	0.487	0.402	0.536	0.326	146.915	2998	4390
344	0.132	79.441	93.153	1.376	79.227	92.922	0.423	0.444	0.519	0.325	47.733	3756	4390
345	0.094	79.787	93.571	1.142	79.587	93.408	0.402	0.318	0.393	0.303	9.290	3769	4413
346	0.136	75.890	93.806	1.431	75.671	93.578	0.444	0.444	0.540	0.320	134.540	3578	4421
347	0.144	51.437	94.549	1.491	51.223	94.298	0.466	0.466	0.554	0.330	139.878	2421	4455
348	0.070	127.160	94.542	0.980	127.021	94.382	0.296	0.318	0.339	0.263	120.631	6004	4459
349	0.150	121.019	94.655	1.450	120.756	94.488	0.529	0.339	0.542	0.351	1.396	5712	4464
350	0.121	76.059	94.735	1.316	75.819	94.573	0.487	0.339	0.494	0.313	20.305	3591	4468
351	0.145	72.439	94.760	1.438	72.178	94.594	0.529	0.339	0.537	0.343	0.255	3416	4469
352	0.150	116.070	94.895	1.473	115.803	94.700	0.529	0.381	0.548	0.348	16.586	5486	4474
353	0.132	113.016	94.959	1.371	112.840	94.721	0.360	0.487	0.493	0.340	73.797	5337	4475
354	0.106	81.015	95.141	1.232	80.836	94.954	0.381	0.402	0.454	0.297	48.457	3827	4486
355	0.141	112.298	95.216	1.413	112.056	95.017	0.466	0.402	0.498	0.359	33.056	5305	4489
356	0.081	89.070	95.535	1.064	88.921	95.356	0.296	0.360	0.394	0.261	63.553	4207	4505
357	0.117	71.924	96.785	1.276	71.692	96.626	0.444	0.318	0.459	0.326	7.146	3395	4565
358	0.127	46.878	97.230	1.388	46.694	96.986	0.381	0.487	0.524	0.309	58.417	2217	4582
359	0.100	127.983	97.200	1.167	127.826	97.007	0.318	0.402	0.415	0.308	105.579	6042	4583
360	0.232	59.890	97.578	2.032	59.521	97.324	0.677	0.572	0.780	0.378	149.876	2817	4598
361	0.117	63.707	97.571	1.274	63.479	97.388	0.444	0.360	0.459	0.324	154.190	3005	4601
362	0.126	72.451	97.571	1.383	72.200	97.388	0.487	0.360	0.529	0.304	29.835	3423	4601
363	0.121	28.042	97.890	1.329	27.813	97.726	0.466	0.339	0.480	0.320	14.238	1325	4617
364	0.130	65.877	98.022	1.351	65.638	97.832	0.487	0.381	0.489	0.339	27.183	3112	4622
365	0.122	73.518	98.352	1.318	73.279	98.213	0.487	0.296	0.512	0.303	1.199	3465	4640
366	0.138	90.822	98.676	1.478	90.572	98.467	0.487	0.423	0.551	0.320	33.489	4295	4652
367	0.115	87.979	98.764	1.329	87.820	98.510	0.296	0.508	0.496	0.294	92.183	4155	4654
368	0.112	93.244	98.822	1.269	93.006	98.658	0.466	0.318	0.466	0.305	176.311	4403	4661
369	0.124	44.086	99.131	1.388	43.836	98.954	0.529	0.339	0.532	0.297	158.354	2075	4675
370	0.097	87.673	99.149	1.161	87.503	98.975	0.339	0.360	0.413	0.299	54.710	4140	4676
371	0.133	27.744	99.214	1.408	27.474	99.060	0.529	0.318	0.531	0.318	9.516	1307	4680
372	0.092	90.623	99.296	1.124	90.424	99.145	0.402	0.296	0.401	0.293	4.810	4279	4684
373	0.126	80.448	99.610	1.371	80.264	99.378	0.360	0.487	0.522	0.308	117.334	3793	4695
374	0.133	30.680	99.792	1.388	30.459	99.589	0.466	0.402	0.499	0.339	33.928	1450	4705
375	0.134	101.925	100.491	1.396	101.664	100.330	0.529	0.318	0.538	0.317	10.897	4813	4740
376	0.107	90.163	100.566	1.219	89.980	100.372	0.381	0.402	0.433	0.315	128.889	4254	4742
377	0.129	30.370	100.630	1.376	30.099	100.457	0.529	0.339	0.518	0.317	18.606	1434	4746
378	0.144	54.715	100.640	1.456	54.441	100.457	0.529	0.360	0.543	0.339	168.722	2583	4746
379	0.082	73.451	100.711	1.082	73.279	100.542	0.360	0.318	0.381	0.274	146.135	3468	4750
380	0.114	87.043	100.913	1.329	86.868	100.648	0.339	0.487	0.499	0.290	63.963	4114	4755
381	0.136	45.315	100.956	1.406	45.043	100.774	0.508	0.381	0.520	0.333	153.085	2133	4761
382	0.123	113.434	101.519	1.366	113.242	101.282	0.360	0.466	0.502	0.311	115.652	5352	4785
383	0.121	63.459	101.995	1.311	63.204	101.833	0.487	0.318	0.480	0.320	175.325	2995	4811
384	0.083	48.419	102.673	1.094	48.281	102.489	0.296	0.381	0.394	0.269	69.829	2286	4842
385	0.081	74.716	102.798	1.082	74.549	102.637	0.360	0.318	0.381	0.270	34.100	3529	4849
386	0.104	70.738	103.106	1.232	70.506	102.934	0.444	0.339	0.458	0.290	157.332	3339	4863
387	0.131	32.356	103.397	1.413	32.194	103.103	0.318	0.550	0.539	0.310	101.017	1526	4871
388	0.097	89.195	103.394	1.154	89.006	103.209	0.360	0.360	0.388	0.318	129.923	4211	4876
389	0.076	71.301	103.731	1.040	71.141	103.568	0.318	0.339	0.339	0.284	64.608	3368	4893
390	0.136	38.402	103.859	1.468	38.121	103.674	0.529	0.360	0.537	0.323	167.067	1813	4898
391	0.147	45.461	104.125	1.508	45.233	103.865	0.444	0.508	0.562	0.332	55.421	2149	4907
392	0.146	19.918	104.767	1.443	19.748	104.500	0.360	0.529	0.527	0.352	100.058	936	4937
393	0.126	43.051	105.101	1.388	42.799	104.923	0.508	0.360	0.506	0.317	16.542	2034	4957
394	0.122	60.595	105.303	1.336	60.346	105.156	0.487	0.318	0.500	0.311	0.047	2857	4968
395	0.125	104.551	105.401	1.376	104.309	105.198	0.466	0.402	0.500	0.317	147.010	4936	4970
396	0.124	62.764	105.630	1.323	62.611	105.389	0.318	0.487	0.494	0.320	86.590	2963	4979
397	0.129	84.589	105.718	1.364	84.370	105.495	0.423	0.444	0.512	0.320	48.504	3997	4984
398	0.141	107.911	106.013	1.426	107.654	105.833	0.508	0.360	0.527	0.341	14.163	5099	5000
399	0.137	46.775	106.197	1.413	46.588	105.939	0.360	0.508	0.511	0.340	74.365	2212	5005
400	0.127	104.357	106.478	1.391	104.204	106.214	0.296	0.529	0.539	0.301	89.970	4928	5018
401	0.121	59.955	106.653	1.334	59.775	106.405	0.339	0.508	0.480	0.321	95.972	2832	5027
402	0.127	83.894	106.604	1.346	83.651	106.426	0.487	0.360	0.503	0.322	23.655	3963	5028
403	0.120	61.563	106.990	1.323	61.404	106.744	0.339	0.466	0.482	0.316	113.557	2903	5043
404	0.112	71.251	107.063	1.244	71.056	106.870	0.402	0.381	0.453	0.316	39.509	3368	5049
405	0.041	20.030	107.108	0.745	19.939	106.976	0.190	0.275	0.271	0.194	104.691	943	5054
406	0.128	33.215	107.224	1.371	32.999	107.040	0.466	0.381	0.497	0.328	27.415	1568	5057
407	0.119	82.823	107.465	1.348	82.656	107.230	0.318	0.487	0.496	0.305	80.581	3912	5066
408	0.111	109.268	107.613	1.294	109.114	107.378	0.296	0.487	0.468	0.302	89.989	5162	5073
409	0.129	48.599	107.799	1.396	48.429	107.548	0.339	0.508	0.528	0.310	68.009	2296	5081
410	0.157	50.537	107.867	1.558	50.356	107.569	0.360	0.593	0.594	0.337	95.285	2384	5082
411	0.109	32.472	108.528	1.269	32.322	108.289	0.296	0.487	0.475	0.293	82.857	1533	5116
412	0.114	54.537	108.916	1.304	54.356	108.691	0.360	0.466	0.494	0.293	115.572	2571	5135
413	0.112	64.852	108.912	1.256	64.685	108.691	0.339	0.444	0.464	0.309	116.794	3059	5135
414	0.139	90.174	109.530	1.456	89.895	109.368	0.572	0.318	0.560	0.316	172.498	4253	5167
415	0.121	121.214	109.659	1.311	120.989	109.474	0.444	0.360	0.478	0.322	29.139	5727	5172
416	0.115	22.895	109.755	1.286	22.712	109.538	0.381	0.423	0.483	0.302	132.172	1075	5175
417	0.125	101.549	110.782	1.418	101.367	110.532	0.360	0.508	0.546	0.291	116.812	4792	5222
418	0.145	102.330	111.012	1.456	102.066	110.829	0.529	0.360	0.560	0.329	160.544	4826	5236
419	0.118	77.651	111.660	1.311	77.491	111.421	0.318	0.487	0.487	0.308	91.626	3666	5264
420	0.126	97.941	111.647	1.366	97.705	111.464	0.466	0.360	0.526	0.305	151.429	4619	5266
421	0.128	74.354	111.682	1.371	74.147	111.485	0.423	0.423	0.497	0.327	48.257	3511	5267
422	0.134	102.485	112.727	1.371	102.298	112.480	0.360	0.487	0.500	0.342	103.640	4838	5314
423	0.071	89.468	112.697	0.992	89.323	112.543	0.296	0.318	0.351	0.257	50.810	4225	5317
424	0.130	42.078	113.050	1.383	41.825	112.882	0.508	0.339	0.525	0.315	160.501	1980	5333
425	0.124	23.473	113.363	1.359	23.199	113.199	0.529	0.318	0.517	0.306	11.194	1109	5348
426	0.135	63.981	113.355	1.396	63.712	113.199	0.529	0.318	0.531	0.324	177.613	3017	5348
427	0.113	65.354	113.379	1.299	65.130	113.220	0.487	0.318	0.474	0.304	8.066	3086	5349
428	0.121	30.596	113.985	1.341	30.395	113.771	0.402	0.423	0.497	0.311	48.649	1447	5375
429	0.121	36.809	113.936	1.341	36.576	113.771	0.466	0.339	0.487	0.316	21.553	1739	5375
430	0.113	84.603	114.294	1.281	84.392	114.131	0.423	0.360	0.456	0.315	28.205	3995	5392
431	0.118	119.818	114.960	1.336	119.655	114.723	0.318	0.466	0.495	0.304	106.470	5656	5420
432	0.129	52.286	115.186	1.366	52.134	114.935	0.318	0.508	0.500	0.329	89.064	2468	5430
433	0.136	65.914	115.853	1.413	65.659	115.676	0.508	0.360	0.516	0.335	13.526	3115	5465
434	0.106	33.416	116.237	1.299	33.232	115.993	0.339	0.466	0.484	0.278	63.670	1581	5480
435	0.126	70.726	116.441	1.353	70.570	116.184	0.318	0.508	0.517	0.311	98.177	3339	5489
436	0.119	33.658	116.798	1.316	33.486	116.544	0.339	0.487	0.505	0.299	66.660	1591	5506
437	0.101	53.894	117.151	1.299	53.636	117.009	0.487	0.275	0.490	0.262	2.901	2547	5528
438	0.136	35.764	118.105	1.406	35.518	117.920	0.487	0.402	0.524	0.331	148.185	1681	5571
439	0.129	94.404	118.303	1.381	94.170	118.089	0.444	0.444	0.521	0.316	139.643	4454	5579
440	0.106	91.164	118.737	1.214	90.974	118.554	0.381	0.381	0.436	0.309	135.295	4301	5601
441	0.118	60.139	118.809	1.304	59.944	118.576	0.381	0.444	0.496	0.303	49.720	2844	5602
442	0.130	82.379	118.928	1.448	82.169	118.682	0.444	0.466	0.515	0.322	130.856	3888	5607
443	0.121	94.698	119.303	1.321	94.488	119.105	0.444	0.402	0.508	0.304	140.864	4466	5627
444	0.107	79.865	120.050	1.239	79.714	119.803	0.296	0.466	0.462	0.295	79.297	3774	5660
445	0.124	65.166	120.090	1.353	65.003	119.824	0.318	0.508	0.508	0.310	87.896	3077	5661
446	0.115	88.468	120.890	1.269	88.286	120.692	0.381	0.402	0.449	0.327	52.744	4179	5702
447	0.114	109.900	121.737	1.281	109.664	121.560	0.444	0.339	0.475	0.305	26.486	5193	5743
448	0.115	51.340	124.466	1.316	51.118	124.312	0.466	0.360	0.470	0.312	168.547	2418	5873
449	0.118	53.327	124.701	1.281	53.171	124.460	0.318	0.466	0.466	0.322	99.506	2517	5880
450	0.117	55.968	124.913	1.311	55.732	124.756	0.487	0.318	0.479	0.312	168.467	2638	5894
451	0.134	58.005	125.750	1.366	57.764	125.582	0.487	0.339	0.511	0.333	166.187	2733	5933
452	0.098	44.646	126.044	1.204	44.429	125.899	0.423	0.296	0.449	0.277	20.456	2109	5948
453	0.109	44.424	126.357	1.214	44.238	126.174	0.381	0.381	0.438	0.317	137.475	2092	5961
