 	Area	X	Y	Perim.	BX	BY	Width	Height	Major	Minor	Angle	XStart	YStart
1	0.105	78.394	10.159	1.221	78.168	10.012	0.444	0.296	0.456	0.294	3.367	3705	473
2	0.127	79.348	10.357	1.336	79.184	10.118	0.339	0.466	0.492	0.328	106.185	3745	478
3	0.114	84.157	10.403	1.331	84.011	10.181	0.296	0.466	0.484	0.300	82.794	3974	481
4	0.126	82.697	12.357	1.371	82.529	12.107	0.339	0.508	0.517	0.311	76.879	3905	572
5	0.131	66.363	13.101	1.401	66.104	12.933	0.508	0.339	0.509	0.328	1.202	3132	611
6	0.126	55.247	17.767	1.383	55.076	17.526	0.339	0.508	0.514	0.313	102.149	2605	828
7	0.127	35.033	18.557	1.364	34.819	18.330	0.423	0.444	0.533	0.304	131.596	1648	866
8	0.128	95.307	20.931	1.371	95.144	20.659	0.318	0.529	0.524	0.310	88.471	4500	976
9	0.121	66.480	21.597	1.339	66.273	21.378	0.402	0.444	0.499	0.308	133.396	3135	1010
10	0.128	78.972	21.752	1.341	78.719	21.590	0.508	0.318	0.502	0.325	173.390	3725	1020
11	0.127	66.918	22.627	1.346	66.717	22.394	0.402	0.444	0.502	0.323	126.010	3156	1058
12	0.132	30.761	23.022	1.394	30.522	22.818	0.466	0.423	0.528	0.319	139.536	1446	1078
13	0.113	46.334	23.130	1.311	46.101	22.966	0.466	0.339	0.494	0.291	157.758	2181	1085
14	0.128	92.355	23.204	1.383	92.117	23.029	0.487	0.360	0.518	0.315	24.436	4363	1088
15	0.120	104.629	24.245	1.334	104.415	24.045	0.444	0.402	0.485	0.316	138.757	4936	1136
16	0.132	55.330	24.431	1.383	55.160	24.194	0.339	0.508	0.500	0.336	83.292	2612	1143
17	0.131	77.656	24.676	1.396	77.491	24.405	0.318	0.529	0.529	0.315	86.829	3668	1153
18	0.121	93.157	24.677	1.299	92.964	24.469	0.381	0.423	0.464	0.332	59.674	4401	1156
19	0.130	43.552	24.947	1.406	43.370	24.680	0.360	0.529	0.530	0.313	111.420	2055	1166
20	0.124	48.556	25.244	1.341	48.302	25.082	0.508	0.318	0.503	0.313	6.346	2292	1185
21	0.129	41.119	25.492	1.383	40.936	25.252	0.360	0.487	0.505	0.324	108.412	1938	1193
22	0.122	23.631	25.493	1.288	23.410	25.336	0.444	0.318	0.471	0.330	9.309	1112	1197
23	0.132	117.089	25.516	1.401	116.840	25.336	0.508	0.360	0.532	0.315	163.314	5527	1197
24	0.127	27.965	25.802	1.366	27.813	25.548	0.318	0.508	0.517	0.313	95.613	1319	1207
25	0.138	103.085	25.932	1.431	102.828	25.760	0.529	0.339	0.536	0.327	170.880	4863	1217
26	0.049	11.679	26.271	0.818	11.557	26.141	0.233	0.275	0.269	0.233	91.045	550	1235
27	0.121	90.993	26.782	1.336	90.847	26.522	0.296	0.508	0.512	0.301	83.238	4299	1253
28	0.134	84.482	27.531	1.376	84.264	27.305	0.423	0.444	0.495	0.345	49.866	3992	1290
29	0.127	73.557	28.010	1.336	73.321	27.834	0.466	0.339	0.481	0.337	165.715	3470	1315
30	0.120	91.841	28.239	1.336	91.673	28.004	0.318	0.487	0.497	0.307	84.058	4337	1323
31	0.140	87.892	28.351	1.424	87.651	28.152	0.487	0.423	0.535	0.334	34.928	4153	1330
32	0.120	86.447	28.558	1.366	86.275	28.321	0.339	0.487	0.503	0.303	77.550	4082	1338
33	0.129	109.140	28.777	1.366	108.902	28.617	0.487	0.339	0.513	0.319	16.115	5155	1352
34	0.134	112.009	29.252	1.383	111.760	29.083	0.487	0.339	0.497	0.342	6.371	5290	1374
35	0.113	43.575	29.348	1.269	43.392	29.146	0.381	0.402	0.439	0.329	133.082	2052	1377
36	0.138	23.126	29.494	1.448	22.881	29.295	0.487	0.402	0.548	0.320	33.210	1094	1384
37	0.125	107.632	29.902	1.341	107.400	29.697	0.444	0.381	0.484	0.329	36.905	5085	1403
38	0.132	20.321	30.103	1.371	20.151	29.845	0.339	0.508	0.521	0.323	75.912	960	1410
39	0.113	87.599	30.158	1.316	87.418	29.908	0.360	0.466	0.468	0.307	65.848	4141	1413
40	0.142	121.936	30.276	1.466	121.751	29.993	0.381	0.550	0.520	0.348	71.565	5763	1417
41	0.123	33.765	30.682	1.341	33.592	30.438	0.339	0.487	0.512	0.306	109.611	1591	1438
42	0.125	57.358	30.705	1.371	57.192	30.459	0.339	0.487	0.492	0.324	79.363	2710	1439
43	0.126	38.377	30.776	1.329	38.164	30.586	0.444	0.381	0.485	0.330	148.408	1806	1445
44	0.118	31.007	31.172	1.304	30.840	30.925	0.339	0.487	0.484	0.311	109.070	1462	1461
45	0.139	122.957	31.189	1.436	122.767	30.925	0.402	0.508	0.531	0.333	116.585	5806	1461
46	0.090	105.281	31.412	1.124	105.071	31.284	0.423	0.275	0.415	0.275	6.158	4968	1478
47	0.123	109.381	31.916	1.366	109.178	31.729	0.423	0.402	0.508	0.308	37.384	5168	1499
48	0.129	62.401	32.069	1.378	62.251	31.792	0.296	0.529	0.532	0.308	95.210	2947	1502
49	0.114	55.286	32.041	1.286	55.118	31.814	0.360	0.444	0.460	0.316	63.602	2614	1503
50	0.119	44.948	32.206	1.304	44.746	32.004	0.402	0.423	0.478	0.317	131.902	2117	1512
51	0.121	29.641	32.450	1.341	29.485	32.216	0.318	0.508	0.493	0.311	86.454	1398	1522
52	0.125	60.451	32.399	1.359	60.198	32.237	0.508	0.339	0.500	0.317	169.697	2850	1523
53	0.133	22.528	32.536	1.376	22.310	32.322	0.444	0.423	0.511	0.331	40.135	1066	1527
54	0.134	32.769	33.135	1.448	32.576	32.872	0.360	0.550	0.558	0.305	112.902	1544	1553
55	0.118	19.608	33.529	1.304	19.410	33.295	0.381	0.444	0.496	0.304	52.987	928	1573
56	0.129	84.137	34.271	1.396	83.884	34.100	0.508	0.339	0.528	0.311	18.306	3976	1611
57	0.123	70.002	34.403	1.323	69.786	34.226	0.444	0.360	0.491	0.319	151.161	3299	1617
58	0.129	118.630	34.464	1.406	118.385	34.269	0.466	0.381	0.477	0.346	31.897	5604	1619
59	0.134	21.158	34.815	1.388	20.955	34.586	0.423	0.444	0.491	0.349	128.430	993	1634
60	0.132	112.146	34.884	1.401	111.950	34.650	0.381	0.487	0.505	0.332	66.313	5297	1637
61	0.116	89.085	35.435	1.294	88.921	35.200	0.339	0.444	0.462	0.318	106.973	4206	1663
62	0.146	95.882	36.342	1.486	95.716	36.068	0.339	0.572	0.561	0.331	82.216	4528	1704
63	0.134	89.380	36.287	1.371	89.133	36.132	0.508	0.339	0.496	0.344	6.630	4217	1707
64	0.103	72.409	36.456	1.221	72.263	36.237	0.296	0.444	0.454	0.289	98.521	3417	1712
65	0.110	38.652	36.476	1.269	38.481	36.258	0.339	0.444	0.486	0.287	118.639	1820	1713
66	0.118	36.549	36.687	1.323	36.386	36.449	0.318	0.487	0.499	0.302	101.060	1722	1722
67	0.116	73.016	36.762	1.274	72.834	36.534	0.381	0.423	0.471	0.314	129.368	3444	1726
68	0.114	64.775	36.816	1.261	64.558	36.640	0.444	0.360	0.466	0.311	150.657	3053	1731
69	0.122	37.719	37.053	1.353	37.550	36.809	0.360	0.466	0.482	0.323	105.073	1778	1739
70	0.124	102.280	36.982	1.346	102.023	36.830	0.508	0.318	0.491	0.321	178.388	4826	1740
71	0.134	80.646	37.224	1.394	80.412	37.020	0.487	0.402	0.524	0.327	35.140	3811	1749
72	0.136	57.029	37.410	1.408	56.854	37.148	0.339	0.508	0.526	0.329	101.502	2691	1755
73	0.129	64.048	37.326	1.366	63.796	37.169	0.508	0.318	0.517	0.318	168.161	3018	1756
74	0.129	92.721	37.607	1.359	92.541	37.380	0.381	0.466	0.500	0.327	60.515	4382	1766
75	0.146	123.228	37.750	1.496	123.042	37.486	0.402	0.529	0.540	0.344	73.022	5820	1771
76	0.144	124.747	37.724	1.538	124.460	37.528	0.550	0.381	0.549	0.333	154.846	5884	1773
77	0.113	87.249	37.829	1.299	87.101	37.592	0.318	0.487	0.471	0.307	87.788	4122	1776
78	0.122	26.912	37.866	1.311	26.734	37.634	0.339	0.466	0.474	0.329	79.491	1270	1778
79	0.115	15.110	38.058	1.311	14.922	37.867	0.381	0.423	0.457	0.320	62.524	711	1789
80	0.125	75.164	38.185	1.371	74.994	37.910	0.339	0.508	0.501	0.319	76.983	3551	1791
81	0.121	85.869	38.230	1.361	85.704	37.994	0.318	0.487	0.500	0.309	77.951	4059	1795
82	0.106	23.616	38.211	1.239	23.389	38.058	0.444	0.318	0.445	0.304	13.381	1115	1798
83	0.130	63.303	38.261	1.364	63.077	38.058	0.466	0.402	0.517	0.320	141.991	2983	1798
84	0.139	71.603	38.594	1.468	71.438	38.312	0.339	0.550	0.563	0.315	106.209	3380	1810
85	0.133	116.578	38.741	1.401	116.353	38.544	0.466	0.402	0.504	0.335	36.580	5508	1821
86	0.125	47.605	39.027	1.353	47.434	38.777	0.339	0.487	0.502	0.317	102.095	2246	1832
87	0.116	30.908	39.072	1.311	30.734	38.820	0.339	0.466	0.471	0.314	108.878	1460	1834
88	0.099	68.021	39.157	1.189	67.860	38.926	0.318	0.444	0.450	0.280	113.871	3210	1839
89	0.127	50.933	39.336	1.381	50.715	39.095	0.444	0.444	0.528	0.307	134.408	2401	1847
90	0.136	21.769	39.426	1.418	21.569	39.158	0.381	0.508	0.516	0.335	66.759	1030	1850
91	0.134	19.495	39.762	1.383	19.240	39.582	0.508	0.339	0.507	0.336	0.453	919	1870
92	0.127	102.010	40.054	1.378	101.854	39.814	0.318	0.508	0.509	0.317	74.185	4818	1881
93	0.130	108.059	40.274	1.383	107.886	40.005	0.339	0.508	0.518	0.320	73.947	5107	1890
94	0.106	41.455	40.273	1.237	41.254	40.068	0.402	0.402	0.442	0.305	43.649	1961	1893
95	0.127	96.934	40.546	1.346	96.710	40.344	0.423	0.423	0.494	0.328	133.025	4573	1906
96	0.120	103.583	40.582	1.291	103.378	40.344	0.381	0.444	0.455	0.335	57.761	4895	1906
97	0.132	26.397	40.658	1.371	26.226	40.407	0.360	0.487	0.500	0.337	105.846	1244	1909
98	0.136	17.093	40.791	1.406	16.870	40.576	0.466	0.423	0.513	0.338	143.335	801	1917
99	0.129	85.981	40.869	1.371	85.746	40.682	0.466	0.381	0.507	0.324	30.035	4062	1922
100	0.122	32.695	41.013	1.336	32.470	40.852	0.466	0.339	0.493	0.316	162.907	1535	1930
101	0.132	79.985	41.153	1.376	79.777	40.915	0.402	0.466	0.523	0.320	55.065	3780	1933
102	0.125	83.741	41.166	1.343	83.587	40.936	0.318	0.466	0.488	0.325	78.599	3955	1934
103	0.131	75.309	41.301	1.388	75.078	41.106	0.466	0.402	0.506	0.329	34.038	3559	1942
104	0.117	119.508	41.320	1.269	119.316	41.127	0.381	0.402	0.440	0.340	131.010	5640	1943
105	0.125	37.127	41.474	1.341	36.872	41.317	0.508	0.318	0.499	0.320	4.955	1751	1952
106	0.120	87.974	41.544	1.323	87.799	41.317	0.339	0.466	0.479	0.319	74.362	4155	1952
107	0.129	13.927	42.111	1.364	13.695	41.910	0.466	0.402	0.507	0.323	34.978	659	1980
108	0.116	103.410	42.474	1.299	103.251	42.249	0.318	0.466	0.471	0.313	94.794	4883	1996
109	0.146	112.611	42.531	1.478	112.374	42.312	0.466	0.466	0.548	0.339	134.722	5312	1999
110	0.144	117.310	42.642	1.503	117.052	42.460	0.508	0.360	0.529	0.346	4.305	5539	2006
111	0.110	127.087	42.735	1.267	126.873	42.566	0.444	0.339	0.439	0.320	13.245	6002	2011
112	0.135	25.243	42.855	1.411	25.019	42.630	0.466	0.444	0.527	0.327	42.441	1196	2014
113	0.090	102.185	43.338	1.154	102.044	43.138	0.296	0.402	0.402	0.284	93.971	4823	2038
114	0.136	38.131	43.332	1.413	37.867	43.159	0.529	0.339	0.548	0.317	163.801	1794	2039
115	0.128	27.886	43.375	1.346	27.644	43.180	0.466	0.381	0.496	0.328	150.825	1312	2040
116	0.117	17.889	43.715	1.286	17.653	43.540	0.466	0.339	0.468	0.318	166.739	842	2057
117	0.120	56.767	44.051	1.316	56.578	43.836	0.402	0.423	0.494	0.308	128.594	2676	2071
118	0.121	97.206	44.312	1.316	97.028	44.111	0.381	0.444	0.473	0.325	55.350	4592	2084
119	0.133	59.987	44.408	1.376	59.775	44.196	0.466	0.402	0.497	0.341	148.052	2828	2088
120	0.112	90.230	44.595	1.244	90.022	44.429	0.444	0.339	0.458	0.311	23.575	4261	2099
121	0.129	71.542	44.799	1.364	71.332	44.598	0.444	0.423	0.475	0.346	36.190	3380	2107
122	0.131	78.996	44.915	1.364	78.804	44.662	0.381	0.487	0.504	0.331	62.760	3732	2110
123	0.131	67.112	44.879	1.401	66.844	44.725	0.529	0.318	0.528	0.316	179.932	3165	2113
124	0.128	20.865	45.018	1.353	20.616	44.852	0.487	0.339	0.512	0.317	161.798	978	2119
125	0.136	88.804	45.116	1.418	88.582	44.894	0.466	0.423	0.517	0.334	140.352	4190	2121
126	0.101	56.440	45.282	1.184	56.261	45.106	0.381	0.360	0.415	0.311	141.743	2660	2131
127	0.133	85.912	45.492	1.401	85.725	45.254	0.381	0.487	0.532	0.318	58.645	4059	2138
128	0.107	89.296	45.538	1.299	89.133	45.276	0.339	0.466	0.440	0.310	75.707	4218	2139
129	0.125	52.908	45.532	1.346	52.705	45.318	0.423	0.423	0.506	0.313	41.669	2504	2141
130	0.125	20.934	45.798	1.364	20.701	45.593	0.444	0.423	0.498	0.319	141.244	985	2154
131	0.130	81.232	45.820	1.388	80.962	45.635	0.508	0.360	0.521	0.319	21.741	3839	2156
132	0.118	110.043	45.853	1.341	109.834	45.656	0.423	0.402	0.515	0.292	40.187	5200	2157
133	0.130	35.216	46.272	1.334	35.010	46.059	0.423	0.423	0.494	0.335	47.098	1664	2176
134	0.133	69.062	46.575	1.413	68.813	46.397	0.508	0.360	0.529	0.319	13.630	3265	2192
135	0.141	117.602	46.740	1.431	117.390	46.503	0.402	0.487	0.528	0.339	117.937	5550	2197
136	0.082	127.340	46.701	1.069	127.169	46.546	0.339	0.339	0.347	0.301	137.296	6011	2199
137	0.127	70.350	46.893	1.353	70.104	46.715	0.487	0.339	0.506	0.319	16.613	3324	2207
138	0.117	17.491	46.913	1.348	17.251	46.757	0.487	0.318	0.499	0.298	19.730	826	2209
139	0.109	38.295	46.958	1.251	38.058	46.800	0.466	0.296	0.479	0.290	176.855	1807	2211
140	0.115	97.757	47.070	1.286	97.578	46.842	0.360	0.444	0.465	0.315	65.392	4619	2213
141	0.117	104.543	47.193	1.316	104.373	46.969	0.339	0.487	0.481	0.309	108.411	4935	2219
142	0.104	115.150	47.543	1.226	114.914	47.392	0.466	0.296	0.450	0.294	6.839	5440	2239
143	0.123	22.090	47.704	1.353	21.844	47.540	0.508	0.318	0.501	0.312	175.533	1040	2246
144	0.125	15.989	48.093	1.341	15.812	47.858	0.360	0.466	0.494	0.322	63.809	756	2261
145	0.138	66.222	48.104	1.436	65.976	47.900	0.508	0.402	0.549	0.319	151.484	3120	2263
146	0.134	47.765	48.076	1.396	47.498	47.921	0.529	0.318	0.534	0.318	7.927	2253	2264
147	0.118	16.226	48.578	1.323	16.023	48.366	0.381	0.423	0.484	0.310	55.445	768	2285
148	0.114	126.490	48.593	1.274	126.302	48.387	0.381	0.402	0.417	0.348	48.397	5976	2286
149	0.116	39.573	48.845	1.306	39.328	48.683	0.487	0.296	0.508	0.292	174.213	1868	2300
150	0.130	67.917	48.995	1.371	67.691	48.789	0.444	0.402	0.515	0.322	143.946	3202	2305
151	0.151	115.715	49.017	1.570	115.443	48.832	0.529	0.381	0.551	0.348	12.312	5469	2307
152	0.128	69.692	49.541	1.341	69.448	49.382	0.487	0.339	0.491	0.331	169.204	3285	2333
153	0.126	85.524	49.717	1.364	85.323	49.488	0.402	0.466	0.495	0.324	55.049	4041	2338
154	0.119	90.266	50.016	1.323	90.022	49.869	0.487	0.318	0.493	0.307	168.799	4256	2356
155	0.121	91.161	50.137	1.351	90.974	49.890	0.381	0.487	0.510	0.303	118.546	4302	2357
156	0.139	102.037	50.427	1.438	101.854	50.165	0.360	0.508	0.528	0.335	73.371	4821	2370
157	0.122	109.650	50.357	1.341	109.432	50.165	0.444	0.381	0.516	0.302	34.364	5183	2370
158	0.130	71.101	50.431	1.359	70.866	50.250	0.487	0.360	0.507	0.327	158.447	3351	2374
159	0.137	44.385	50.578	1.436	44.090	50.398	0.550	0.360	0.520	0.336	170.327	2093	2381
160	0.124	35.003	50.891	1.351	34.777	50.673	0.444	0.423	0.510	0.309	136.485	1648	2394
161	0.123	75.570	50.972	1.381	75.374	50.715	0.381	0.487	0.482	0.325	68.849	3572	2396
162	0.144	124.289	50.948	1.448	124.037	50.736	0.508	0.402	0.528	0.348	26.467	5875	2397
163	0.125	84.582	51.019	1.406	84.413	50.758	0.360	0.508	0.517	0.309	111.289	3992	2398
164	0.125	78.256	51.371	1.361	78.105	51.118	0.296	0.508	0.526	0.302	97.380	3694	2415
165	0.119	83.089	51.421	1.336	82.931	51.160	0.296	0.508	0.520	0.292	90.074	3924	2417
166	0.131	37.239	51.493	1.383	36.978	51.329	0.508	0.339	0.514	0.325	14.247	1758	2425
167	0.126	72.727	51.580	1.334	72.517	51.372	0.444	0.402	0.493	0.325	139.752	3429	2427
168	0.147	121.361	51.887	1.491	121.158	51.626	0.402	0.529	0.558	0.334	62.191	5734	2439
169	0.119	25.650	52.099	1.371	25.400	51.943	0.487	0.318	0.505	0.299	3.747	1212	2454
170	0.109	30.495	52.216	1.244	30.332	51.985	0.339	0.444	0.472	0.294	115.409	1437	2456
171	0.124	45.516	52.253	1.351	45.297	52.028	0.423	0.444	0.512	0.308	132.145	2145	2458
172	0.118	74.573	52.412	1.311	74.422	52.155	0.318	0.487	0.484	0.310	83.381	3522	2464
173	0.121	26.990	52.473	1.371	26.734	52.324	0.529	0.318	0.521	0.295	12.367	1274	2472
174	0.143	96.727	52.802	1.450	96.562	52.536	0.339	0.529	0.550	0.332	100.741	4566	2482
175	0.145	121.552	52.952	1.438	121.285	52.790	0.529	0.339	0.532	0.347	1.749	5739	2494
176	0.123	86.873	53.098	1.329	86.656	52.896	0.423	0.402	0.488	0.321	41.216	4105	2499
177	0.119	14.797	53.127	1.323	14.542	52.980	0.508	0.296	0.510	0.298	2.196	694	2503
178	0.129	95.462	53.666	1.371	95.271	53.425	0.360	0.487	0.513	0.320	111.196	4505	2524
179	0.131	92.889	53.786	1.394	92.668	53.573	0.444	0.444	0.546	0.305	132.554	4380	2531
180	0.127	93.639	53.811	1.346	93.430	53.594	0.402	0.444	0.518	0.313	126.049	4417	2532
181	0.128	23.303	53.945	1.364	23.093	53.721	0.423	0.444	0.512	0.317	131.430	1094	2538
182	0.119	39.647	54.013	1.311	39.476	53.784	0.339	0.466	0.489	0.309	68.193	1872	2541
183	0.124	42.015	54.074	1.366	41.846	53.827	0.339	0.487	0.495	0.319	101.578	1983	2543
184	0.132	106.132	54.407	1.396	105.960	54.144	0.339	0.508	0.534	0.314	72.384	5015	2558
185	0.126	76.637	54.470	1.401	76.433	54.229	0.402	0.466	0.513	0.313	55.642	3622	2562
186	0.119	86.297	54.410	1.299	86.064	54.250	0.466	0.339	0.478	0.317	11.669	4077	2563
187	0.115	80.269	54.733	1.281	80.052	54.546	0.423	0.360	0.455	0.322	31.088	3793	2577
188	0.113	68.284	54.990	1.276	68.136	54.758	0.296	0.466	0.487	0.296	100.545	3222	2587
189	0.133	118.899	55.338	1.388	118.682	55.139	0.444	0.402	0.520	0.326	142.148	5608	2605
190	0.125	69.323	55.622	1.378	69.152	55.372	0.318	0.508	0.515	0.310	94.663	3272	2616
191	0.139	71.650	55.779	1.443	71.459	55.520	0.381	0.508	0.561	0.315	117.702	3380	2623
192	0.129	110.329	55.912	1.376	110.130	55.690	0.423	0.444	0.521	0.314	48.659	5215	2631
193	0.125	47.142	55.988	1.346	46.969	55.732	0.360	0.487	0.503	0.317	114.018	2223	2633
194	0.118	49.544	55.975	1.304	49.340	55.774	0.402	0.423	0.494	0.305	135.438	2334	2635
195	0.137	113.799	56.205	1.376	113.602	55.965	0.402	0.466	0.489	0.356	119.657	5372	2644
196	0.137	79.577	56.327	1.406	79.375	56.070	0.402	0.487	0.521	0.334	58.514	3761	2649
197	0.128	105.394	56.387	1.341	105.177	56.176	0.423	0.402	0.491	0.331	39.178	4982	2654
198	0.131	77.336	56.591	1.383	77.174	56.324	0.318	0.529	0.532	0.313	102.278	3651	2661
199	0.138	88.214	56.626	1.413	88.032	56.388	0.360	0.508	0.522	0.336	105.755	4162	2664
200	0.133	61.176	56.973	1.396	61.024	56.706	0.318	0.529	0.526	0.321	95.498	2889	2679
201	0.136	35.082	57.012	1.438	34.883	56.769	0.402	0.466	0.521	0.331	115.553	1652	2682
202	0.116	87.715	56.977	1.331	87.461	56.832	0.487	0.296	0.490	0.302	4.591	4141	2685
203	0.114	43.915	57.041	1.269	43.709	56.854	0.423	0.360	0.461	0.314	147.370	2070	2686
204	0.120	105.590	57.178	1.323	105.346	57.023	0.487	0.318	0.490	0.311	10.226	4986	2694
205	0.125	120.649	57.293	1.346	120.481	57.044	0.339	0.487	0.489	0.324	101.578	5697	2695
206	0.117	110.389	57.864	1.336	110.215	57.616	0.318	0.487	0.489	0.305	85.822	5214	2722
207	0.134	99.767	58.345	1.394	99.568	58.102	0.402	0.487	0.512	0.332	57.913	4716	2745
208	0.136	84.692	58.413	1.436	84.455	58.208	0.487	0.402	0.535	0.323	32.633	4003	2750
209	0.137	108.948	58.411	1.413	108.691	58.230	0.508	0.360	0.533	0.327	13.224	5148	2751
210	0.111	102.204	58.543	1.329	101.981	58.357	0.444	0.381	0.514	0.275	33.240	4832	2757
211	0.138	88.388	58.572	1.491	88.138	58.378	0.508	0.402	0.531	0.332	22.960	4180	2758
212	0.117	80.424	58.779	1.311	80.264	58.526	0.318	0.487	0.497	0.300	75.187	3801	2765
213	0.131	35.371	58.881	1.394	35.158	58.632	0.423	0.466	0.505	0.330	130.173	1666	2770
214	0.122	30.046	59.513	1.316	29.824	59.309	0.423	0.402	0.473	0.329	41.377	1420	2802
215	0.123	118.197	59.509	1.334	117.983	59.309	0.444	0.402	0.516	0.304	141.781	5576	2802
216	0.101	116.291	59.794	1.172	116.142	59.584	0.318	0.423	0.407	0.315	88.080	5491	2815
217	0.127	57.767	59.844	1.359	57.573	59.626	0.381	0.466	0.506	0.319	120.308	2722	2817
218	0.120	81.881	59.946	1.346	81.703	59.690	0.360	0.487	0.497	0.307	67.681	3870	2820
219	0.129	23.268	60.278	1.346	23.072	60.050	0.402	0.444	0.488	0.337	125.437	1094	2837
220	0.132	116.072	60.442	1.396	115.909	60.198	0.339	0.487	0.499	0.336	88.999	5482	2844
221	0.141	58.909	60.403	1.443	58.653	60.219	0.508	0.381	0.547	0.329	156.609	2775	2845
222	0.129	60.680	60.492	1.353	60.431	60.325	0.487	0.339	0.497	0.332	168.313	2861	2850
223	0.105	17.949	60.711	1.229	17.716	60.579	0.444	0.275	0.463	0.290	2.527	842	2862
224	0.133	43.093	60.811	1.406	42.884	60.579	0.444	0.444	0.532	0.318	133.551	2030	2862
225	0.114	47.764	60.823	1.304	47.562	60.600	0.402	0.423	0.491	0.296	130.869	2251	2863
226	0.098	88.339	60.957	1.244	88.159	60.748	0.381	0.402	0.466	0.268	139.937	4166	2870
227	0.109	26.554	60.986	1.226	26.374	60.791	0.360	0.402	0.449	0.310	129.176	1249	2872
228	0.126	72.369	61.258	1.361	72.221	61.024	0.318	0.487	0.495	0.324	85.508	3415	2883
229	0.128	22.956	61.559	1.366	22.712	61.383	0.487	0.339	0.488	0.333	164.933	1079	2900
230	0.124	34.419	61.568	1.329	34.184	61.383	0.466	0.360	0.494	0.320	154.827	1619	2900
231	0.126	69.009	61.722	1.346	68.813	61.510	0.423	0.423	0.507	0.318	133.539	3252	2906
232	0.115	15.954	61.916	1.269	15.727	61.743	0.444	0.339	0.455	0.322	11.199	753	2917
233	0.127	121.651	62.051	1.353	121.412	61.870	0.466	0.360	0.486	0.333	157.311	5744	2923
234	0.131	116.976	62.337	1.401	116.713	62.166	0.529	0.339	0.515	0.325	11.178	5525	2937
235	0.120	60.684	62.535	1.346	60.494	62.315	0.360	0.487	0.486	0.315	112.526	2863	2944
236	0.135	113.759	62.633	1.376	113.538	62.421	0.444	0.423	0.520	0.330	37.419	5376	2949
237	0.122	43.560	62.639	1.299	43.349	62.442	0.423	0.381	0.473	0.330	144.693	2052	2950
238	0.144	68.415	62.875	1.468	68.241	62.611	0.360	0.529	0.571	0.322	110.466	3226	2958
239	0.146	25.188	63.185	1.461	24.934	62.992	0.529	0.381	0.550	0.337	156.924	1182	2976
240	0.111	120.610	63.539	1.269	120.396	63.352	0.423	0.360	0.473	0.299	30.461	5703	2993
241	0.116	21.737	63.916	1.286	21.505	63.754	0.466	0.339	0.470	0.316	16.970	1025	3012
242	0.132	83.928	64.129	1.348	83.693	63.966	0.466	0.339	0.478	0.351	1.614	3960	3022
243	0.120	70.633	64.546	1.359	70.464	64.304	0.339	0.508	0.514	0.298	75.323	3336	3038
244	0.117	30.799	64.593	1.286	30.565	64.431	0.466	0.339	0.471	0.317	157.538	1446	3044
245	0.129	96.932	65.134	1.371	96.753	64.876	0.339	0.508	0.522	0.313	73.081	4580	3065
246	0.121	75.687	65.228	1.341	75.502	65.003	0.360	0.466	0.485	0.319	111.328	3571	3071
247	0.117	105.243	65.604	1.371	104.987	65.426	0.508	0.339	0.526	0.283	156.193	4964	3091
248	0.129	63.492	65.763	1.401	63.246	65.596	0.508	0.339	0.527	0.311	166.120	2992	3099
249	0.135	47.159	65.842	1.394	46.926	65.638	0.466	0.402	0.501	0.343	30.154	2231	3101
250	0.120	49.292	65.895	1.323	49.149	65.638	0.296	0.508	0.510	0.299	99.508	2325	3101
251	0.139	59.319	65.884	1.413	59.055	65.701	0.508	0.360	0.522	0.339	11.477	2805	3104
252	0.138	80.744	66.164	1.401	80.497	65.955	0.466	0.402	0.502	0.351	28.946	3817	3116
253	0.113	28.807	66.182	1.261	28.596	65.998	0.423	0.381	0.463	0.312	40.696	1360	3118
254	0.131	15.902	66.509	1.381	15.663	66.294	0.466	0.423	0.498	0.336	145.740	747	3132
255	0.134	100.898	66.605	1.388	100.711	66.358	0.381	0.487	0.528	0.322	120.808	4762	3135
256	0.131	18.468	66.799	1.418	18.203	66.633	0.550	0.339	0.522	0.319	174.968	868	3148
257	0.142	31.380	66.826	1.443	31.094	66.654	0.550	0.339	0.547	0.330	171.655	1477	3149
258	0.094	99.504	66.897	1.174	99.378	66.675	0.254	0.444	0.445	0.268	94.968	4699	3150
259	0.088	124.514	67.256	1.094	124.333	67.098	0.360	0.318	0.375	0.299	179.585	5883	3170
260	0.116	80.584	67.832	1.294	80.349	67.670	0.466	0.318	0.478	0.310	5.077	3809	3197
261	0.127	38.041	68.104	1.401	37.804	67.903	0.466	0.402	0.520	0.312	148.672	1788	3208
262	0.134	73.879	68.246	1.391	73.724	67.987	0.318	0.508	0.521	0.329	86.455	3488	3212
263	0.129	88.402	68.182	1.364	88.138	67.987	0.487	0.381	0.492	0.334	28.326	4177	3212
264	0.129	72.754	68.763	1.371	72.580	68.517	0.339	0.508	0.506	0.323	76.765	3436	3237
265	0.132	102.393	68.820	1.388	102.172	68.601	0.402	0.466	0.518	0.323	125.238	4831	3241
266	0.134	122.058	68.904	1.406	121.835	68.686	0.444	0.444	0.530	0.323	136.452	5759	3245
267	0.122	67.523	69.069	1.359	67.289	68.876	0.466	0.381	0.502	0.310	31.416	3192	3254
268	0.126	84.463	69.107	1.388	84.201	68.940	0.529	0.339	0.527	0.304	170.962	3986	3257
269	0.133	94.436	69.222	1.438	94.276	68.961	0.318	0.550	0.535	0.316	96.451	4458	3258
270	0.128	45.821	69.237	1.361	45.656	69.003	0.339	0.466	0.494	0.330	84.995	2161	3260
271	0.108	78.902	69.328	1.221	78.698	69.173	0.423	0.318	0.442	0.310	15.115	3727	3268
272	0.133	68.970	69.461	1.418	68.749	69.257	0.466	0.423	0.492	0.344	36.344	3261	3272
273	0.125	97.091	70.085	1.361	96.943	69.829	0.296	0.508	0.527	0.302	84.195	4585	3299
274	0.131	35.724	70.414	1.413	35.475	70.252	0.508	0.339	0.517	0.323	10.166	1685	3319
275	0.125	21.519	70.520	1.336	21.272	70.358	0.487	0.318	0.504	0.317	170.353	1011	3324
276	0.116	86.046	70.823	1.304	85.852	70.612	0.402	0.423	0.477	0.311	48.112	4067	3336
277	0.143	35.381	71.187	1.456	35.116	71.014	0.529	0.360	0.547	0.333	165.125	1664	3355
278	0.132	63.910	71.687	1.418	63.733	71.438	0.360	0.487	0.514	0.327	113.460	3015	3375
279	0.118	38.154	71.838	1.316	37.973	71.607	0.360	0.466	0.487	0.309	113.962	1799	3383
280	0.117	56.259	71.785	1.316	56.028	71.607	0.466	0.360	0.499	0.299	156.214	2652	3383
281	0.127	57.136	71.858	1.376	56.896	71.670	0.466	0.402	0.518	0.312	145.453	2691	3386
282	0.129	92.420	72.099	1.366	92.266	71.840	0.318	0.508	0.503	0.327	84.542	4365	3394
283	0.125	106.977	72.721	1.353	106.807	72.496	0.360	0.466	0.493	0.323	69.712	5054	3425
284	0.121	115.342	72.854	1.341	115.083	72.708	0.508	0.318	0.503	0.307	178.874	5444	3435
285	0.129	34.767	72.988	1.383	34.502	72.813	0.508	0.339	0.526	0.313	16.932	1644	3440
286	0.131	33.659	73.204	1.388	33.422	73.004	0.466	0.402	0.522	0.319	142.040	1582	3449
287	0.133	23.423	73.494	1.388	23.220	73.258	0.402	0.466	0.528	0.321	54.950	1109	3461
288	0.124	76.619	73.750	1.336	76.454	73.512	0.318	0.487	0.508	0.310	104.902	3615	3473
289	0.118	54.547	73.673	1.366	54.293	73.533	0.508	0.296	0.511	0.294	170.306	2567	3474
290	0.119	23.010	73.820	1.353	22.775	73.639	0.466	0.360	0.501	0.302	27.480	1088	3479
291	0.141	20.789	73.957	1.396	20.616	73.702	0.339	0.508	0.515	0.348	83.529	980	3482
292	0.120	26.755	73.878	1.323	26.501	73.724	0.487	0.318	0.496	0.308	11.223	1263	3483
293	0.137	61.204	73.964	1.383	60.960	73.787	0.487	0.360	0.511	0.342	167.876	2886	3486
294	0.131	114.186	74.446	1.366	113.940	74.274	0.487	0.339	0.502	0.333	17.442	5394	3509
295	0.116	122.248	74.482	1.294	122.005	74.337	0.487	0.296	0.487	0.304	2.982	5771	3512
296	0.126	19.078	74.635	1.376	18.838	74.401	0.444	0.423	0.517	0.310	39.065	907	3515
297	0.131	113.621	74.586	1.383	113.369	74.422	0.508	0.339	0.517	0.322	13.965	5366	3516
298	0.123	59.913	74.677	1.323	59.690	74.507	0.466	0.339	0.490	0.319	21.085	2830	3520
299	0.123	51.303	75.192	1.336	51.054	75.036	0.487	0.318	0.501	0.312	165.670	2416	3545
300	0.116	103.427	75.256	1.304	103.251	75.036	0.360	0.466	0.481	0.306	63.614	4887	3545
301	0.125	36.219	75.273	1.359	35.962	75.099	0.508	0.339	0.504	0.316	10.503	1712	3548
302	0.125	101.676	75.301	1.381	101.431	75.099	0.487	0.402	0.503	0.317	149.559	4800	3548
303	0.115	52.032	75.473	1.261	51.816	75.290	0.423	0.381	0.432	0.339	151.859	2454	3557
304	0.137	40.075	75.556	1.424	39.857	75.311	0.423	0.487	0.546	0.319	126.053	1887	3558
305	0.113	91.771	75.981	1.281	91.546	75.798	0.423	0.360	0.462	0.311	32.797	4337	3581
306	0.102	76.264	76.044	1.202	76.094	75.819	0.339	0.423	0.420	0.309	115.133	3600	3582
307	0.101	94.858	76.099	1.214	94.636	75.925	0.423	0.339	0.467	0.276	31.337	4483	3587
308	0.142	42.236	76.339	1.461	41.974	76.158	0.550	0.360	0.553	0.327	18.131	1994	3598
309	0.105	42.421	76.678	1.304	42.206	76.496	0.423	0.381	0.483	0.276	37.507	2006	3614
310	0.104	127.311	76.942	1.196	127.106	76.772	0.402	0.339	0.406	0.327	11.718	6015	3627
311	0.122	45.554	77.070	1.323	45.339	76.898	0.444	0.360	0.470	0.332	163.786	2145	3633
312	0.118	118.962	77.651	1.281	118.724	77.491	0.466	0.318	0.461	0.325	176.294	5615	3661
313	0.106	28.136	77.734	1.209	27.919	77.576	0.423	0.318	0.427	0.315	166.604	1327	3665
314	0.113	97.028	77.872	1.261	96.838	77.660	0.402	0.402	0.475	0.304	134.156	4578	3669
315	0.159	25.966	78.044	1.545	25.675	77.872	0.572	0.360	0.577	0.350	6.902	1223	3679
316	0.139	55.355	78.115	1.396	55.097	77.936	0.508	0.339	0.518	0.341	176.803	2612	3682
317	0.121	15.626	78.173	1.346	15.409	77.999	0.487	0.360	0.472	0.325	168.719	731	3685
318	0.124	103.781	78.497	1.323	103.632	78.253	0.318	0.487	0.490	0.321	88.893	4903	3697
319	0.132	108.833	78.432	1.401	108.585	78.253	0.508	0.360	0.538	0.312	25.394	5142	3697
320	0.108	127.297	78.574	1.226	127.106	78.401	0.402	0.360	0.408	0.336	28.173	6012	3704
321	0.127	59.758	78.850	1.351	59.542	78.634	0.444	0.423	0.510	0.317	139.088	2817	3715
322	0.136	76.456	78.853	1.408	76.200	78.676	0.508	0.339	0.537	0.323	168.553	3609	3717
323	0.126	127.587	79.175	1.336	127.360	78.994	0.444	0.360	0.470	0.342	17.140	6027	3732
324	0.150	64.908	79.275	1.461	64.685	79.036	0.444	0.466	0.548	0.348	47.905	3068	3734
325	0.138	77.200	79.319	1.431	76.983	79.100	0.444	0.444	0.524	0.336	138.416	3639	3737
326	0.128	81.315	79.733	1.329	81.090	79.544	0.444	0.381	0.491	0.331	149.178	3835	3758
327	0.136	22.634	79.744	1.431	22.373	79.566	0.529	0.360	0.536	0.323	166.487	1064	3759
328	0.116	84.362	79.759	1.286	84.159	79.566	0.402	0.402	0.484	0.306	46.532	3984	3759
329	0.138	57.975	80.180	1.426	57.806	79.925	0.339	0.529	0.537	0.326	105.109	2734	3776
330	0.127	109.979	80.179	1.364	109.749	79.989	0.487	0.381	0.506	0.319	30.901	5194	3779
331	0.130	29.549	80.178	1.413	29.274	80.010	0.529	0.339	0.541	0.306	12.644	1398	3780
332	0.101	19.879	80.323	1.256	19.727	80.095	0.296	0.466	0.455	0.284	90.410	938	3784
333	0.142	93.623	80.606	1.426	93.366	80.412	0.487	0.381	0.526	0.342	26.038	4424	3799
334	0.143	118.305	80.737	1.478	118.068	80.539	0.487	0.423	0.542	0.337	34.613	5589	3805
335	0.109	97.542	80.755	1.286	97.346	80.582	0.423	0.360	0.459	0.303	27.758	4608	3807
336	0.119	42.614	81.172	1.316	42.376	81.005	0.487	0.339	0.480	0.316	169.250	2008	3827
337	0.125	78.615	81.433	1.346	78.422	81.195	0.381	0.466	0.502	0.316	58.596	3716	3836
338	0.125	69.566	81.608	1.336	69.406	81.365	0.318	0.487	0.511	0.313	104.087	3282	3844
339	0.133	51.626	81.666	1.378	51.393	81.513	0.487	0.339	0.492	0.343	178.439	2430	3851
340	0.125	67.784	81.719	1.346	67.564	81.513	0.423	0.423	0.492	0.325	134.211	3195	3851
341	0.125	59.055	81.713	1.323	58.822	81.534	0.466	0.339	0.491	0.324	168.375	2787	3852
342	0.137	80.507	81.913	1.443	80.328	81.661	0.360	0.529	0.556	0.313	111.102	3797	3858
343	0.111	114.306	82.046	1.234	114.088	81.894	0.444	0.296	0.456	0.310	2.091	5396	3869
344	0.147	53.986	82.303	1.491	53.806	82.021	0.360	0.550	0.553	0.339	76.134	2551	3875
345	0.111	33.665	82.277	1.291	33.464	82.063	0.381	0.423	0.461	0.307	125.363	1586	3877
346	0.125	61.927	82.284	1.356	61.722	82.063	0.402	0.466	0.482	0.331	125.854	2921	3877
347	0.135	107.839	82.454	1.426	107.633	82.232	0.444	0.423	0.523	0.328	141.608	5086	3885
348	0.131	51.943	82.668	1.411	51.710	82.465	0.487	0.402	0.534	0.313	145.698	2446	3896
349	0.147	59.379	82.784	1.496	59.161	82.529	0.444	0.508	0.558	0.334	51.552	2808	3899
350	0.129	36.984	82.924	1.388	36.724	82.740	0.487	0.381	0.520	0.316	152.643	1741	3909
351	0.133	108.571	82.927	1.383	108.331	82.740	0.487	0.360	0.507	0.334	18.199	5132	3909
352	0.139	49.571	82.978	1.450	49.297	82.825	0.529	0.339	0.536	0.331	9.231	2338	3913
353	0.148	48.998	83.491	1.448	48.768	83.270	0.466	0.444	0.520	0.362	40.735	2316	3934
354	0.138	25.692	83.584	1.418	25.464	83.376	0.466	0.423	0.531	0.330	140.888	1206	3939
355	0.145	52.786	83.747	1.486	52.514	83.566	0.550	0.360	0.554	0.333	4.707	2495	3948
356	0.142	80.546	83.730	1.450	80.285	83.566	0.529	0.339	0.537	0.338	170.762	3798	3948
357	0.122	57.952	83.879	1.316	57.722	83.693	0.466	0.360	0.485	0.321	20.208	2739	3954
358	0.122	119.663	84.293	1.353	119.486	84.032	0.339	0.487	0.501	0.309	70.976	5653	3970
359	0.124	101.123	84.300	1.336	100.965	84.053	0.318	0.487	0.503	0.313	76.608	4776	3971
360	0.121	76.748	84.298	1.346	76.518	84.116	0.466	0.381	0.497	0.311	149.100	3618	3974
361	0.140	109.478	84.774	1.448	109.262	84.518	0.423	0.487	0.536	0.333	51.790	5177	3993
362	0.137	41.470	84.767	1.408	41.212	84.603	0.508	0.318	0.524	0.332	179.502	1955	3997
363	0.138	25.518	84.815	1.388	25.273	84.624	0.487	0.381	0.511	0.344	155.336	1198	3998
364	0.136	19.919	85.290	1.376	19.706	85.069	0.423	0.444	0.515	0.336	131.661	935	4019
365	0.133	42.881	85.341	1.406	42.651	85.132	0.444	0.444	0.530	0.319	139.250	2018	4022
366	0.139	47.530	85.367	1.461	47.308	85.132	0.423	0.487	0.538	0.330	126.855	2241	4022
367	0.137	70.386	85.547	1.388	70.168	85.323	0.423	0.444	0.508	0.342	47.542	3327	4031
368	0.159	58.363	85.732	1.683	58.102	85.492	0.529	0.444	0.526	0.385	174.627	2748	4039
369	0.134	85.866	85.960	1.478	85.640	85.704	0.423	0.487	0.497	0.342	67.104	4056	4049
370	0.116	117.782	85.967	1.341	117.623	85.725	0.318	0.508	0.505	0.291	84.133	5562	4050
371	0.131	39.585	86.045	1.401	39.328	85.873	0.508	0.360	0.519	0.321	19.112	1870	4057
372	0.140	113.166	86.335	1.496	112.966	86.064	0.402	0.550	0.558	0.320	115.666	5342	4066
373	0.126	24.262	87.145	1.383	24.024	86.953	0.466	0.381	0.518	0.309	33.253	1146	4108
374	0.132	30.446	87.699	1.396	30.184	87.524	0.508	0.339	0.528	0.318	167.784	1434	4135
375	0.129	103.432	87.938	1.366	103.188	87.778	0.487	0.339	0.502	0.326	167.510	4878	4147
376	0.141	39.334	88.270	1.466	39.095	88.032	0.466	0.466	0.534	0.336	48.468	1860	4159
377	0.118	32.638	88.417	1.291	32.427	88.223	0.444	0.381	0.443	0.340	23.437	1544	4168
378	0.139	53.102	88.475	1.436	52.853	88.286	0.508	0.381	0.505	0.350	155.915	2501	4171
379	0.122	80.622	88.569	1.346	80.433	88.328	0.381	0.466	0.503	0.309	121.990	3804	4173
380	0.122	50.219	88.607	1.466	49.996	88.392	0.423	0.466	0.476	0.327	60.911	2372	4176
381	0.132	45.485	88.696	1.436	45.276	88.434	0.402	0.508	0.534	0.314	63.789	2150	4178
382	0.134	50.095	89.131	1.515	49.848	88.942	0.550	0.381	0.500	0.342	21.949	2368	4202
383	0.140	85.959	89.108	1.408	85.704	88.942	0.508	0.339	0.514	0.346	7.902	4057	4202
384	0.134	17.062	89.297	1.406	16.828	89.112	0.508	0.360	0.494	0.345	13.215	802	4210
385	0.155	102.364	89.299	1.528	102.087	89.112	0.550	0.381	0.569	0.348	161.399	4829	4210
386	0.142	89.647	90.039	1.463	89.472	89.768	0.339	0.529	0.550	0.330	78.428	4235	4241
387	0.126	114.704	90.197	1.366	114.554	89.937	0.296	0.529	0.522	0.307	88.783	5417	4249
388	0.168	64.220	90.420	1.613	64.029	90.128	0.402	0.550	0.565	0.380	82.522	3034	4258
389	0.135	113.213	90.459	1.413	113.030	90.212	0.381	0.487	0.511	0.336	117.020	5346	4262
390	0.157	75.167	90.664	1.568	74.930	90.382	0.423	0.572	0.536	0.372	82.837	3550	4270
391	0.142	56.307	90.944	1.496	56.092	90.678	0.444	0.508	0.555	0.326	125.883	2654	4284
392	0.124	112.226	91.143	1.396	112.078	90.868	0.318	0.508	0.508	0.310	90.729	5300	4293
393	0.143	68.990	91.444	1.491	68.813	91.165	0.339	0.550	0.548	0.332	86.669	3258	4307
394	0.161	20.514	91.534	1.568	20.214	91.334	0.593	0.402	0.579	0.354	18.013	972	4315
395	0.124	75.246	91.683	1.401	75.015	91.461	0.402	0.466	0.477	0.331	112.667	3552	4321
396	0.136	28.378	91.818	1.508	28.173	91.567	0.444	0.487	0.514	0.338	57.190	1343	4326
397	0.138	108.460	92.169	1.468	108.289	91.906	0.339	0.529	0.524	0.334	93.762	5122	4342
398	0.125	76.289	92.295	1.316	76.073	92.096	0.423	0.402	0.452	0.354	38.720	3604	4351
399	0.131	23.914	92.459	1.431	23.686	92.223	0.444	0.444	0.517	0.323	46.327	1131	4357
400	0.137	78.674	92.756	1.478	78.486	92.498	0.381	0.529	0.543	0.321	67.650	3717	4370
401	0.137	103.873	93.055	1.418	103.696	92.795	0.339	0.529	0.512	0.341	90.129	4906	4384
402	0.133	97.168	93.160	1.426	97.007	92.901	0.339	0.529	0.530	0.320	93.559	4588	4389
403	0.117	94.099	93.264	1.286	93.938	93.049	0.339	0.466	0.455	0.327	101.202	4441	4396
404	0.133	78.029	93.556	1.413	77.830	93.324	0.402	0.466	0.525	0.323	60.555	3686	4409
405	0.121	37.964	94.035	1.323	37.804	93.790	0.318	0.487	0.471	0.326	91.242	1793	4431
406	0.135	49.933	94.085	1.401	49.720	93.874	0.444	0.423	0.513	0.335	41.369	2360	4435
407	0.144	50.713	94.367	1.486	50.504	94.107	0.402	0.508	0.555	0.330	59.936	2398	4446
408	0.139	122.599	94.381	1.538	122.428	94.107	0.381	0.550	0.535	0.331	105.274	5787	4446
409	0.110	65.843	94.566	1.281	65.680	94.340	0.318	0.444	0.448	0.313	77.895	3111	4457
410	0.111	40.550	94.588	1.251	40.386	94.361	0.318	0.444	0.451	0.314	83.964	1914	4458
411	0.140	15.098	94.614	1.426	14.859	94.424	0.487	0.381	0.507	0.351	170.880	709	4461
412	0.121	21.390	94.686	1.286	21.167	94.509	0.444	0.360	0.451	0.342	17.838	1009	4465
413	0.126	27.690	94.798	1.346	27.453	94.615	0.466	0.381	0.487	0.330	23.248	1308	4470
414	0.140	120.195	95.061	1.461	120.015	94.784	0.381	0.529	0.531	0.336	107.358	5675	4478
415	0.137	88.596	95.202	1.463	88.434	94.932	0.318	0.529	0.541	0.323	82.342	4185	4485
416	0.140	70.196	95.242	1.443	70.040	94.954	0.339	0.550	0.538	0.331	96.934	3313	4486
417	0.150	25.338	95.557	1.486	25.061	95.377	0.550	0.360	0.562	0.339	13.336	1197	4506
418	0.138	28.837	95.673	1.466	28.575	95.483	0.529	0.381	0.522	0.337	19.170	1364	4511
419	0.160	53.347	96.088	1.600	53.150	95.822	0.402	0.529	0.547	0.373	80.030	2519	4527
420	0.136	51.702	96.724	1.406	51.498	96.520	0.444	0.423	0.508	0.340	43.859	2441	4560
421	0.132	37.165	97.129	1.413	36.999	96.880	0.339	0.508	0.526	0.320	78.594	1755	4577
422	0.154	75.904	97.215	1.563	75.671	96.964	0.423	0.529	0.532	0.368	69.589	3587	4581
423	0.112	107.624	97.711	1.304	107.463	97.472	0.318	0.487	0.477	0.299	105.661	5083	4605
424	0.125	17.261	97.835	1.329	17.060	97.621	0.402	0.423	0.489	0.325	50.580	816	4612
425	0.135	38.452	98.591	1.413	38.227	98.404	0.466	0.402	0.516	0.333	33.216	1814	4649
426	0.145	17.196	99.088	1.468	16.912	98.912	0.550	0.339	0.559	0.331	11.700	812	4673
427	0.130	35.804	99.305	1.418	35.645	99.039	0.339	0.529	0.524	0.316	83.840	1690	4679
428	0.142	22.473	99.530	1.424	22.246	99.293	0.444	0.466	0.534	0.338	132.592	1057	4691
429	0.135	98.458	99.771	1.408	98.298	99.505	0.318	0.529	0.536	0.322	81.016	4651	4701
430	0.134	112.166	100.106	1.418	111.929	99.886	0.466	0.423	0.517	0.331	146.839	5292	4719
431	0.135	119.382	100.190	1.523	119.126	100.012	0.529	0.360	0.517	0.332	160.044	5629	4725
432	0.146	57.378	101.165	1.473	57.214	100.902	0.339	0.550	0.545	0.340	92.848	2707	4767
433	0.154	70.383	101.146	1.640	70.146	100.923	0.508	0.466	0.526	0.372	45.033	3320	4768
434	0.168	73.426	101.406	1.700	73.173	101.134	0.444	0.550	0.550	0.388	80.691	3468	4778
435	0.149	83.560	101.389	1.491	83.354	101.134	0.402	0.529	0.529	0.359	68.427	3950	4778
436	0.135	21.488	101.552	1.424	21.251	101.346	0.487	0.402	0.517	0.333	146.977	1009	4788
437	0.152	101.731	102.119	1.531	101.494	101.854	0.466	0.508	0.546	0.354	133.998	4800	4812
438	0.164	77.993	102.406	1.630	77.809	102.129	0.360	0.572	0.581	0.359	84.204	3684	4825
439	0.144	92.416	102.393	1.463	92.244	102.129	0.339	0.529	0.551	0.333	79.335	4366	4825
440	0.147	90.937	102.556	1.563	90.763	102.277	0.381	0.550	0.545	0.342	92.386	4292	4832
441	0.179	70.218	102.597	1.727	70.040	102.298	0.360	0.614	0.625	0.364	85.675	3315	4833
442	0.134	40.306	102.683	1.413	40.132	102.426	0.339	0.508	0.511	0.334	94.958	1905	4839
443	0.134	84.794	102.783	1.418	84.582	102.552	0.423	0.466	0.512	0.333	57.361	4008	4845
444	0.128	27.185	102.864	1.366	26.945	102.701	0.487	0.318	0.498	0.327	2.480	1279	4852
445	0.134	70.310	103.314	1.413	70.146	103.039	0.339	0.529	0.522	0.328	80.882	3321	4868
446	0.130	87.380	103.536	1.371	87.186	103.293	0.381	0.466	0.503	0.330	62.296	4128	4880
447	0.143	75.719	103.814	1.443	75.544	103.547	0.360	0.529	0.534	0.342	75.448	3577	4892
448	0.156	34.839	104.017	1.568	34.629	103.738	0.402	0.550	0.561	0.354	110.345	1642	4901
449	0.108	29.845	104.221	1.232	29.633	104.034	0.423	0.360	0.439	0.313	33.509	1411	4915
450	0.123	99.943	104.677	1.353	99.758	104.436	0.360	0.466	0.510	0.307	62.597	4723	4934
451	0.132	29.660	104.698	1.388	29.422	104.500	0.487	0.381	0.502	0.334	160.762	1397	4937
452	0.149	62.903	104.885	1.503	62.717	104.606	0.381	0.550	0.577	0.328	69.722	2973	4942
453	0.116	36.116	105.509	1.291	35.920	105.283	0.402	0.423	0.473	0.314	133.053	1701	4974
454	0.118	17.007	105.491	1.291	16.785	105.304	0.444	0.381	0.468	0.321	33.416	805	4975
455	0.129	113.522	105.569	1.371	113.284	105.410	0.487	0.339	0.486	0.337	179.837	5358	4980
456	0.149	86.189	105.733	1.461	85.979	105.474	0.402	0.508	0.538	0.352	62.969	4073	4983
457	0.122	36.584	105.861	1.346	36.386	105.643	0.423	0.423	0.502	0.309	131.788	1721	4991
458	0.141	84.853	106.171	1.468	84.688	105.897	0.339	0.550	0.559	0.322	84.638	4007	5003
459	0.138	111.979	106.061	1.431	111.718	105.897	0.550	0.339	0.535	0.330	11.348	5286	5003
460	0.116	55.941	106.192	1.299	55.774	105.939	0.318	0.487	0.482	0.307	82.283	2642	5005
461	0.131	33.418	106.272	1.401	33.147	106.108	0.508	0.339	0.502	0.333	2.434	1576	5013
462	0.129	76.670	106.537	1.378	76.496	106.299	0.339	0.487	0.489	0.336	77.702	3627	5022
463	0.121	50.321	106.727	1.341	50.165	106.468	0.318	0.508	0.508	0.304	88.332	2376	5030
464	0.124	93.805	106.737	1.341	93.620	106.511	0.360	0.466	0.494	0.318	114.503	4426	5032
465	0.120	39.660	106.825	1.311	39.497	106.595	0.339	0.466	0.486	0.315	67.021	1874	5036
466	0.107	56.232	107.604	1.251	56.070	107.378	0.318	0.444	0.483	0.282	114.207	2652	5073
467	0.129	90.626	107.797	1.401	90.466	107.527	0.318	0.550	0.527	0.312	92.914	4281	5080
468	0.145	37.281	107.925	1.528	37.084	107.633	0.381	0.550	0.546	0.339	107.575	1761	5085
469	0.129	41.872	108.207	1.359	41.635	107.992	0.444	0.402	0.488	0.335	35.386	1981	5102
470	0.130	87.197	108.338	1.383	87.037	108.098	0.339	0.508	0.507	0.327	99.531	4115	5107
471	0.118	32.593	108.434	1.346	32.406	108.204	0.381	0.466	0.518	0.290	53.602	1542	5112
472	0.118	41.084	108.510	1.353	40.894	108.289	0.381	0.444	0.492	0.305	50.473	1946	5116
473	0.137	78.805	108.730	1.438	78.634	108.458	0.339	0.529	0.533	0.326	83.041	3722	5124
474	0.140	70.938	108.762	1.473	70.718	108.500	0.381	0.529	0.523	0.341	87.638	3349	5126
475	0.134	29.133	108.906	1.421	28.871	108.754	0.529	0.318	0.533	0.320	9.236	1373	5138
476	0.138	110.530	109.151	1.413	110.363	108.881	0.339	0.529	0.528	0.334	97.625	5219	5144
477	0.130	63.907	109.603	1.401	63.733	109.347	0.339	0.508	0.508	0.325	74.871	3019	5166
478	0.136	118.957	110.085	1.408	118.787	109.834	0.339	0.508	0.529	0.328	102.712	5615	5189
479	0.133	63.352	110.202	1.401	63.161	109.961	0.381	0.487	0.520	0.325	63.957	2993	5195
480	0.138	47.672	110.300	1.436	47.477	110.046	0.402	0.508	0.553	0.319	59.495	2254	5199
481	0.137	103.758	111.134	1.448	103.568	110.850	0.381	0.529	0.537	0.325	67.164	4904	5237
482	0.110	41.382	111.106	1.251	41.190	110.913	0.381	0.381	0.434	0.323	134.513	1950	5240
483	0.111	77.477	111.164	1.316	77.216	111.019	0.508	0.296	0.477	0.296	173.184	3655	5245
484	0.134	60.580	111.401	1.421	60.410	111.146	0.339	0.508	0.528	0.323	91.884	2860	5251
485	0.133	22.213	112.072	1.394	22.013	111.845	0.402	0.487	0.491	0.344	60.986	1050	5284
486	0.140	117.700	112.259	1.441	117.475	112.035	0.444	0.466	0.523	0.340	45.188	5562	5293
487	0.138	97.048	112.310	1.418	96.838	112.078	0.423	0.466	0.544	0.322	129.693	4577	5295
488	0.114	30.527	112.538	1.276	30.311	112.374	0.423	0.339	0.448	0.324	18.413	1441	5309
489	0.136	20.787	112.828	1.406	20.574	112.607	0.423	0.466	0.516	0.335	52.690	983	5320
490	0.134	58.130	113.128	1.408	57.976	112.861	0.318	0.529	0.535	0.319	99.548	2744	5332
491	0.133	102.436	113.174	1.383	102.277	112.903	0.318	0.529	0.528	0.321	93.424	4837	5334
492	0.135	77.509	113.354	1.401	77.322	113.115	0.381	0.487	0.520	0.331	117.716	3656	5344
493	0.129	20.269	113.482	1.371	20.087	113.263	0.381	0.466	0.503	0.326	58.123	957	5351
494	0.134	71.136	113.523	1.396	70.972	113.263	0.318	0.529	0.535	0.318	91.729	3358	5351
495	0.112	35.588	114.685	1.281	35.433	114.448	0.318	0.466	0.467	0.306	90.873	1678	5407
496	0.147	99.173	114.967	1.568	98.954	114.723	0.423	0.466	0.519	0.360	53.121	4686	5420
497	0.131	87.598	115.327	1.406	87.376	115.104	0.423	0.466	0.519	0.322	124.480	4132	5438
498	0.140	33.547	115.384	1.431	33.295	115.189	0.508	0.381	0.531	0.335	152.544	1577	5442
499	0.140	112.046	115.551	1.436	111.824	115.316	0.444	0.466	0.549	0.324	130.714	5286	5448
500	0.118	120.366	116.051	1.311	120.206	115.803	0.296	0.508	0.483	0.311	92.109	5688	5471
501	0.141	118.596	116.066	1.431	118.406	115.824	0.402	0.487	0.526	0.340	57.282	5604	5472
502	0.125	115.125	116.686	1.473	114.935	116.480	0.402	0.402	0.465	0.341	129.576	5433	5503
503	0.121	35.252	117.126	1.334	35.052	116.882	0.381	0.466	0.499	0.309	59.030	1667	5522
504	0.125	82.682	117.480	1.371	82.508	117.242	0.339	0.508	0.514	0.308	107.722	3901	5539
505	0.134	22.685	117.636	1.461	22.479	117.390	0.402	0.487	0.524	0.324	55.553	1074	5546
506	0.126	38.070	117.654	1.364	37.846	117.454	0.487	0.381	0.494	0.324	155.907	1792	5549
507	0.121	58.742	117.696	1.329	58.568	117.454	0.360	0.466	0.481	0.322	107.018	2773	5549
508	0.116	78.438	118.408	1.371	78.274	118.131	0.318	0.529	0.513	0.289	85.305	3705	5581
509	0.136	70.188	118.687	1.424	69.977	118.470	0.444	0.444	0.525	0.329	44.560	3317	5597
510	0.137	70.886	118.784	1.443	70.697	118.512	0.360	0.529	0.538	0.323	71.839	3351	5599
511	0.134	37.502	119.015	1.388	37.274	118.808	0.466	0.402	0.514	0.333	148.901	1764	5613
512	0.140	124.780	119.607	1.461	124.545	119.422	0.487	0.381	0.485	0.367	165.910	5889	5642
513	0.130	47.140	119.923	1.383	46.990	119.655	0.318	0.529	0.530	0.312	95.728	2223	5653
514	0.129	53.502	119.951	1.331	53.340	119.719	0.318	0.466	0.489	0.335	86.631	2525	5656
515	0.123	35.368	120.759	1.371	35.158	120.544	0.402	0.444	0.500	0.312	132.307	1662	5695
516	0.136	42.559	120.995	1.426	42.397	120.735	0.339	0.508	0.522	0.331	86.034	2009	5704
517	0.116	49.930	121.356	1.299	49.763	121.137	0.339	0.466	0.474	0.311	74.800	2358	5723
518	0.128	21.505	122.004	1.371	21.251	121.835	0.508	0.339	0.492	0.331	1.131	1011	5756
519	0.142	84.959	122.511	1.431	84.773	122.259	0.381	0.508	0.539	0.337	114.444	4008	5776
520	0.139	92.505	122.723	1.443	92.308	122.470	0.402	0.487	0.508	0.348	60.872	4369	5786
521	0.138	22.119	124.142	1.413	21.865	123.952	0.508	0.360	0.494	0.356	176.994	1044	5856
522	0.085	57.080	125.339	1.069	56.917	125.180	0.339	0.339	0.363	0.299	141.299	2692	5914
523	0.156	67.490	126.222	1.570	67.289	125.984	0.402	0.508	0.532	0.374	69.141	3187	5952
524	0.092	90.521	126.590	1.099	90.360	126.407	0.318	0.381	0.376	0.313	69.270	4276	5972
525	0.083	44.636	126.632	1.052	44.471	126.471	0.339	0.318	0.362	0.293	142.485	2104	5975
526	0.076	14.359	133.843	1.110	14.160	133.689	0.381	0.318	0.329	0.295	24.047	677	6316
