 	Area	X	Y	Perim.	BX	BY	Width	Height	Major	Minor	Angle	XStart	YStart
1	0.097	64.388	13.290	1.184	64.220	13.081	0.339	0.402	0.427	0.289	119.134	3037	618
2	0.126	59.304	13.282	1.311	59.076	13.123	0.466	0.339	0.470	0.341	3.129	2796	620
3	0.146	63.174	13.437	1.450	63.013	13.166	0.318	0.550	0.563	0.329	87.418	2982	622
4	0.147	62.482	13.676	1.478	62.230	13.462	0.508	0.423	0.559	0.334	35.070	2955	636
5	0.085	65.482	13.700	1.154	65.320	13.526	0.318	0.339	0.351	0.307	71.422	3091	639
6	0.138	49.820	14.033	1.438	49.657	13.758	0.318	0.550	0.545	0.323	81.376	2354	650
7	0.152	78.035	14.222	1.503	77.766	14.012	0.529	0.402	0.566	0.343	27.145	3689	662
8	0.132	22.966	14.409	1.366	22.775	14.182	0.381	0.444	0.494	0.339	120.581	1080	670
9	0.170	19.568	14.627	1.650	19.240	14.457	0.635	0.339	0.659	0.328	174.795	919	683
10	0.128	73.456	15.575	1.426	73.300	15.304	0.318	0.550	0.553	0.294	103.066	3467	723
11	0.141	47.598	16.142	1.431	47.329	15.960	0.529	0.360	0.523	0.344	13.428	2250	754
12	0.119	39.110	16.494	1.304	38.883	16.320	0.466	0.360	0.474	0.319	15.385	1850	771
13	0.143	87.102	16.605	1.456	86.932	16.341	0.339	0.550	0.554	0.328	103.158	4111	772
14	0.135	53.290	16.871	1.396	53.128	16.616	0.339	0.508	0.523	0.328	84.249	2516	785
15	0.115	29.202	17.085	1.281	28.977	16.912	0.444	0.339	0.448	0.327	171.421	1377	799
16	0.141	65.015	18.060	1.438	64.855	17.780	0.318	0.550	0.552	0.325	91.110	3071	840
17	0.133	49.554	18.733	1.406	49.318	18.521	0.466	0.423	0.538	0.314	137.514	2333	875
18	0.119	56.180	18.744	1.329	55.986	18.521	0.402	0.423	0.467	0.325	48.877	2656	875
19	0.135	38.751	19.154	1.453	38.566	18.902	0.423	0.487	0.476	0.362	119.515	1827	893
20	0.151	50.024	19.160	1.461	49.805	18.923	0.444	0.466	0.552	0.350	130.641	2356	894
21	0.147	43.811	20.721	1.443	43.561	20.532	0.508	0.381	0.539	0.348	159.006	2063	970
22	0.123	96.463	21.514	1.329	96.287	21.272	0.339	0.487	0.475	0.329	77.630	4559	1005
23	0.131	62.202	21.575	1.396	62.040	21.315	0.318	0.529	0.538	0.311	100.514	2935	1007
24	0.121	96.820	21.680	1.316	96.647	21.442	0.339	0.487	0.491	0.312	72.153	4574	1013
25	0.130	52.390	21.858	1.359	52.197	21.632	0.402	0.444	0.511	0.324	126.620	2469	1022
26	0.157	84.786	22.184	1.515	84.582	21.929	0.423	0.508	0.580	0.344	123.352	3997	1036
27	0.137	97.136	22.301	1.480	96.964	22.056	0.339	0.508	0.522	0.334	77.539	4589	1042
28	0.134	73.770	22.494	1.408	73.596	22.246	0.339	0.508	0.518	0.328	79.932	3484	1051
29	0.146	81.956	22.705	1.468	81.767	22.458	0.381	0.508	0.554	0.335	113.773	3865	1061
30	0.126	71.106	22.942	1.353	70.951	22.691	0.318	0.508	0.513	0.313	80.594	3358	1072
31	0.122	48.230	23.418	1.329	47.985	23.241	0.487	0.339	0.476	0.326	168.212	2275	1098
32	0.137	70.479	23.667	1.450	70.316	23.410	0.339	0.529	0.533	0.328	83.993	3328	1106
33	0.143	25.098	25.480	1.443	24.829	25.294	0.529	0.360	0.531	0.344	168.096	1182	1195
34	0.138	56.021	25.710	1.438	55.859	25.442	0.318	0.550	0.544	0.324	93.914	2644	1202
35	0.139	33.415	26.471	1.426	33.253	26.204	0.339	0.529	0.540	0.328	101.564	1574	1238
36	0.145	45.686	26.636	1.473	45.487	26.374	0.381	0.529	0.564	0.328	112.825	2153	1246
37	0.143	48.609	26.523	1.468	48.324	26.374	0.572	0.318	0.567	0.321	176.254	2288	1246
38	0.124	44.889	26.662	1.316	44.704	26.437	0.381	0.444	0.502	0.315	123.814	2114	1249
39	0.125	34.339	26.823	1.371	34.184	26.564	0.318	0.529	0.520	0.307	98.960	1619	1255
40	0.151	103.554	27.297	1.503	103.378	27.030	0.360	0.572	0.559	0.345	103.062	4888	1277
41	0.125	35.049	28.115	1.323	34.883	27.876	0.339	0.466	0.466	0.343	106.214	1652	1317
42	0.134	40.367	28.362	1.418	40.174	28.109	0.402	0.487	0.531	0.322	119.588	1901	1328
43	0.066	71.408	28.565	0.992	71.268	28.427	0.296	0.275	0.309	0.271	156.396	3370	1343
44	0.040	120.147	28.700	0.805	120.015	28.554	0.233	0.254	0.278	0.185	44.322	5679	1349
45	0.123	52.597	28.886	1.329	52.366	28.702	0.466	0.360	0.479	0.326	157.277	2481	1356
46	0.135	90.058	28.917	1.378	89.810	28.744	0.487	0.339	0.512	0.336	10.491	4254	1358
47	0.145	117.480	29.023	1.456	117.221	28.850	0.529	0.360	0.550	0.335	164.472	5542	1363
48	0.142	66.875	29.517	1.466	66.654	29.274	0.444	0.487	0.553	0.327	131.317	3154	1383
49	0.141	55.894	29.814	1.448	55.626	29.612	0.508	0.402	0.545	0.330	32.239	2641	1399
50	0.135	75.090	29.983	1.401	74.845	29.803	0.487	0.360	0.502	0.342	173.980	3544	1408
51	0.151	36.672	30.099	1.478	36.470	29.845	0.402	0.529	0.546	0.353	111.359	1727	1410
52	0.119	72.160	30.572	1.276	71.988	30.353	0.339	0.423	0.436	0.348	103.390	3406	1434
53	0.156	23.310	30.932	1.523	23.135	30.649	0.339	0.572	0.583	0.342	94.047	1097	1448
54	0.154	91.580	30.978	1.508	91.334	30.734	0.487	0.466	0.572	0.343	41.465	4331	1452
55	0.127	80.839	31.183	1.371	80.666	30.946	0.339	0.508	0.508	0.317	73.585	3818	1462
56	0.110	68.732	31.174	1.299	68.453	31.030	0.508	0.296	0.475	0.295	0.440	3244	1466
57	0.143	46.249	31.477	1.431	46.059	31.221	0.381	0.508	0.541	0.338	114.197	2180	1475
58	0.052	79.612	31.429	0.939	79.417	31.327	0.360	0.190	0.374	0.177	6.079	3762	1480
59	0.129	22.446	31.601	1.353	22.288	31.348	0.318	0.508	0.501	0.327	91.266	1057	1481
60	0.148	21.240	31.881	1.443	21.061	31.623	0.360	0.529	0.527	0.357	88.622	1001	1494
61	0.135	57.764	31.875	1.406	57.552	31.644	0.466	0.423	0.515	0.335	141.016	2724	1495
62	0.137	89.317	32.406	1.431	89.154	32.131	0.339	0.550	0.541	0.323	102.792	4216	1518
63	0.134	117.097	33.450	1.396	116.861	33.232	0.444	0.402	0.505	0.338	39.759	5533	1570
64	0.135	24.351	33.854	1.408	24.194	33.592	0.318	0.529	0.532	0.324	92.844	1148	1587
65	0.134	28.690	33.867	1.421	28.533	33.613	0.318	0.529	0.534	0.321	91.853	1352	1588
66	0.138	39.115	34.024	1.418	38.926	33.761	0.381	0.508	0.528	0.333	114.995	1844	1595
67	0.041	127.494	34.629	0.848	127.339	34.523	0.318	0.212	0.353	0.149	22.480	6026	1631
68	0.152	38.107	36.485	1.508	37.910	36.216	0.402	0.529	0.555	0.350	111.359	1796	1711
69	0.130	104.949	36.766	1.383	104.775	36.512	0.339	0.508	0.510	0.324	70.144	4959	1725
70	0.116	50.198	37.018	1.311	50.038	36.766	0.318	0.487	0.468	0.317	74.418	2374	1737
71	0.149	89.552	37.395	1.473	89.323	37.190	0.487	0.423	0.540	0.352	147.776	4221	1757
72	0.132	81.691	38.056	1.371	81.534	37.804	0.339	0.508	0.506	0.332	92.159	3856	1786
73	0.136	39.103	38.164	1.461	38.926	37.888	0.381	0.529	0.559	0.311	117.051	1842	1790
74	0.118	63.846	38.207	1.269	63.627	38.037	0.444	0.339	0.445	0.338	12.629	3013	1797
75	0.125	71.823	38.768	1.336	71.586	38.608	0.487	0.318	0.494	0.321	174.105	3387	1824
76	0.151	88.230	38.810	1.505	87.948	38.650	0.572	0.318	0.590	0.327	175.882	4162	1826
77	0.123	86.407	38.997	1.346	86.148	38.841	0.529	0.318	0.498	0.315	174.091	4076	1835
78	0.131	33.121	39.309	1.401	32.956	39.052	0.339	0.529	0.507	0.329	100.988	1562	1845
79	0.138	68.273	39.318	1.413	68.008	39.137	0.508	0.360	0.532	0.329	158.912	3219	1849
80	0.116	99.570	39.425	1.294	99.335	39.285	0.487	0.296	0.486	0.303	8.529	4698	1856
81	0.123	93.473	39.564	1.378	93.324	39.306	0.296	0.529	0.530	0.295	83.671	4415	1857
82	0.148	51.450	40.167	1.486	51.181	39.984	0.550	0.360	0.566	0.333	14.865	2433	1889
83	0.137	91.257	40.221	1.418	91.059	39.984	0.423	0.466	0.531	0.328	127.718	4304	1889
84	0.121	80.038	40.273	1.334	79.841	40.047	0.402	0.444	0.489	0.315	53.268	3782	1892
85	0.130	80.549	40.464	1.396	80.370	40.217	0.339	0.508	0.501	0.330	83.830	3806	1900
86	0.129	65.735	40.614	1.388	65.511	40.407	0.466	0.402	0.516	0.318	148.571	3098	1909
87	0.146	83.783	40.791	1.473	83.608	40.513	0.360	0.550	0.544	0.341	78.805	3957	1914
88	0.117	94.724	40.819	1.294	94.552	40.598	0.339	0.444	0.485	0.308	65.440	4474	1918
89	0.136	94.244	41.204	1.413	93.980	41.021	0.508	0.360	0.526	0.328	22.354	4453	1938
90	0.138	70.433	41.532	1.436	70.189	41.317	0.487	0.423	0.549	0.321	40.848	3328	1952
91	0.134	68.615	41.650	1.388	68.368	41.444	0.466	0.402	0.520	0.327	35.803	3244	1958
92	0.128	96.536	41.879	1.334	96.351	41.656	0.381	0.466	0.484	0.337	118.696	4555	1968
93	0.151	103.750	42.143	1.510	103.568	41.868	0.360	0.550	0.568	0.339	101.564	4898	1978
94	0.119	51.096	42.179	1.359	50.842	41.995	0.487	0.360	0.513	0.296	28.261	2416	1984
95	0.122	58.842	42.352	1.331	58.674	42.122	0.318	0.466	0.489	0.317	93.231	2775	1990
96	0.148	110.997	42.635	1.491	110.765	42.397	0.466	0.466	0.559	0.338	48.135	5245	2003
97	0.136	101.281	42.606	1.438	101.007	42.439	0.529	0.339	0.543	0.319	172.273	4782	2005
98	0.152	126.330	42.679	1.503	126.048	42.503	0.572	0.360	0.559	0.346	3.485	5965	2008
99	0.131	89.431	42.772	1.388	89.239	42.524	0.381	0.487	0.523	0.319	61.199	4227	2009
100	0.129	22.898	42.968	1.359	22.670	42.778	0.466	0.381	0.513	0.321	148.791	1075	2021
101	0.117	66.100	43.608	1.281	65.892	43.434	0.423	0.360	0.450	0.331	33.335	3122	2052
102	0.141	83.629	43.851	1.443	83.460	43.582	0.360	0.529	0.521	0.344	80.486	3951	2059
103	0.116	47.535	43.913	1.329	47.286	43.752	0.508	0.318	0.496	0.299	170.011	2241	2067
104	0.146	99.075	44.152	1.456	98.912	43.878	0.339	0.550	0.554	0.335	95.101	4677	2073
105	0.132	59.799	44.489	1.388	59.605	44.238	0.402	0.466	0.518	0.324	128.469	2819	2090
106	0.126	79.664	44.617	1.341	79.502	44.365	0.339	0.487	0.485	0.331	83.147	3761	2096
107	0.158	38.749	44.676	1.510	38.481	44.492	0.550	0.360	0.553	0.364	173.003	1827	2102
108	0.133	74.927	44.887	1.401	74.740	44.640	0.381	0.487	0.500	0.337	73.844	3538	2109
109	0.121	38.278	44.987	1.304	38.100	44.768	0.360	0.466	0.472	0.325	63.495	1808	2115
110	0.131	60.982	45.103	1.431	60.812	44.831	0.339	0.550	0.555	0.301	69.273	2883	2118
111	0.141	87.554	45.147	1.448	87.355	44.894	0.402	0.508	0.540	0.332	56.177	4139	2121
112	0.122	39.950	45.134	1.431	39.709	44.916	0.487	0.381	0.472	0.329	167.760	1890	2122
113	0.151	49.125	45.467	1.483	48.874	45.233	0.508	0.444	0.568	0.338	140.560	2314	2137
114	0.142	120.145	45.537	1.443	119.973	45.276	0.339	0.550	0.536	0.338	85.716	5674	2139
115	0.123	63.564	46.228	1.359	63.394	45.974	0.339	0.508	0.500	0.314	85.117	3002	2172
116	0.129	52.665	46.607	1.418	52.430	46.376	0.487	0.402	0.465	0.354	168.109	2484	2191
117	0.152	115.604	46.850	1.508	115.380	46.588	0.444	0.508	0.565	0.343	126.105	5456	2201
118	0.137	79.517	47.373	1.383	79.354	47.117	0.339	0.508	0.516	0.337	98.103	3753	2226
119	0.129	100.926	47.413	1.366	100.774	47.159	0.318	0.508	0.516	0.319	96.189	4765	2228
120	0.149	31.489	47.651	1.473	31.242	47.434	0.487	0.423	0.568	0.333	35.316	1490	2241
121	0.160	120.183	48.534	1.540	120.015	48.239	0.339	0.593	0.587	0.347	84.409	5678	2279
122	0.129	46.148	48.743	1.383	45.995	48.472	0.318	0.529	0.529	0.310	102.627	2177	2290
123	0.120	51.166	48.847	1.304	50.948	48.641	0.444	0.381	0.472	0.323	152.389	2412	2298
124	0.126	41.404	48.955	1.383	41.254	48.683	0.318	0.529	0.496	0.323	85.052	1954	2300
125	0.138	79.113	49.222	1.431	78.952	48.958	0.339	0.550	0.527	0.332	89.838	3738	2313
126	0.139	34.769	49.435	1.438	34.608	49.170	0.339	0.529	0.544	0.325	82.738	1641	2323
127	0.124	31.619	49.535	1.329	31.411	49.340	0.423	0.402	0.469	0.336	41.085	1492	2331
128	0.140	64.950	49.868	1.443	64.770	49.615	0.360	0.529	0.542	0.329	108.716	3063	2344
129	0.126	62.153	49.921	1.346	61.976	49.678	0.381	0.466	0.500	0.320	116.637	2932	2347
130	0.141	75.140	50.247	1.443	74.972	49.953	0.339	0.550	0.544	0.329	80.412	3549	2360
131	0.129	63.484	50.356	1.346	63.288	50.123	0.381	0.466	0.507	0.323	121.412	2994	2368
132	0.121	48.187	50.431	1.309	47.985	50.229	0.402	0.444	0.467	0.331	122.628	2271	2373
133	0.132	39.541	50.555	1.403	39.370	50.313	0.339	0.487	0.530	0.316	68.860	1868	2377
134	0.141	27.148	51.102	1.443	26.945	50.864	0.423	0.466	0.527	0.341	130.579	1275	2403
135	0.112	65.725	51.078	1.406	65.511	50.864	0.487	0.402	0.492	0.290	136.485	3101	2403
136	0.141	119.954	51.500	1.431	119.761	51.223	0.381	0.508	0.523	0.343	66.075	5668	2420
137	0.135	127.303	52.335	1.448	127.127	52.091	0.360	0.487	0.503	0.343	85.221	6011	2461
138	0.116	31.930	52.611	1.274	31.729	52.409	0.402	0.402	0.439	0.335	138.889	1504	2476
139	0.130	46.744	52.925	1.376	46.546	52.684	0.381	0.487	0.512	0.324	121.907	2204	2489
140	0.131	90.618	53.106	1.383	90.424	52.874	0.381	0.466	0.516	0.324	62.353	4281	2498
141	0.134	51.242	53.382	1.406	51.054	53.128	0.381	0.508	0.534	0.318	117.492	2416	2510
142	0.143	40.321	54.046	1.418	40.132	53.784	0.381	0.508	0.539	0.338	116.066	1901	2541
143	0.094	35.002	54.151	1.154	34.798	53.996	0.402	0.318	0.397	0.301	170.449	1650	2551
144	0.129	63.132	54.450	1.391	62.971	54.208	0.339	0.487	0.531	0.309	109.583	2976	2561
145	0.132	68.343	54.708	1.364	68.136	54.483	0.402	0.466	0.508	0.330	125.664	3223	2574
146	0.127	99.103	54.819	1.353	98.954	54.568	0.318	0.508	0.507	0.319	91.602	4679	2578
147	0.146	117.650	54.898	1.448	117.412	54.674	0.466	0.444	0.533	0.349	43.599	5559	2583
148	0.139	65.242	55.082	1.478	65.045	54.800	0.402	0.529	0.540	0.328	122.246	3076	2589
149	0.143	32.737	55.024	1.443	32.470	54.843	0.529	0.360	0.523	0.349	163.927	1540	2591
150	0.118	32.074	55.101	1.281	31.856	54.928	0.444	0.339	0.452	0.333	171.614	1512	2595
151	0.129	51.582	55.461	1.334	51.372	55.245	0.423	0.423	0.489	0.337	134.208	2431	2610
152	0.138	94.534	55.586	1.431	94.319	55.351	0.423	0.466	0.541	0.324	53.237	4467	2615
153	0.135	26.881	55.794	1.401	26.691	55.541	0.360	0.508	0.509	0.339	106.425	1267	2624
154	0.125	55.822	55.832	1.321	55.584	55.647	0.466	0.381	0.487	0.326	149.288	2631	2629
155	0.143	115.885	56.417	1.461	115.655	56.176	0.444	0.466	0.556	0.329	48.947	5477	2654
156	0.147	73.666	56.605	1.466	73.427	56.367	0.466	0.466	0.550	0.340	134.403	3474	2663
157	0.094	75.767	57.035	1.124	75.586	56.875	0.360	0.339	0.401	0.297	39.322	3578	2687
158	0.144	74.624	57.199	1.508	74.401	56.938	0.444	0.508	0.568	0.323	53.951	3529	2690
159	0.140	54.247	57.294	1.426	54.017	57.086	0.466	0.402	0.531	0.336	149.438	2556	2697
160	0.121	50.296	57.351	1.329	50.038	57.192	0.508	0.318	0.503	0.307	168.874	2370	2702
161	0.118	77.395	57.448	1.281	77.195	57.256	0.402	0.381	0.460	0.326	143.964	3651	2705
162	0.115	73.884	57.616	1.256	73.681	57.425	0.402	0.381	0.447	0.327	140.284	3485	2713
163	0.047	94.009	57.589	0.872	93.832	57.489	0.339	0.190	0.342	0.174	6.512	4443	2716
164	0.139	50.086	57.850	1.436	49.848	57.637	0.487	0.423	0.537	0.331	35.922	2368	2723
165	0.137	38.796	57.948	1.418	38.566	57.743	0.487	0.402	0.528	0.331	148.138	1824	2728
166	0.159	46.521	58.537	1.538	46.292	58.272	0.466	0.508	0.587	0.346	131.204	2192	2753
167	0.129	115.520	58.538	1.461	115.274	58.314	0.487	0.423	0.555	0.297	36.553	5465	2755
168	0.145	48.826	59.057	1.443	48.578	58.864	0.508	0.381	0.533	0.346	156.927	2299	2781
169	0.128	32.960	59.313	1.341	32.787	59.076	0.339	0.487	0.497	0.327	97.669	1553	2791
170	0.124	98.506	59.302	1.323	98.319	59.097	0.381	0.423	0.455	0.348	58.337	4657	2792
171	0.109	81.151	59.926	1.281	81.005	59.690	0.296	0.487	0.488	0.285	78.625	3833	2820
172	0.121	108.925	59.945	1.316	108.712	59.754	0.444	0.381	0.494	0.313	35.370	5148	2823
173	0.114	48.419	60.356	1.251	48.218	60.156	0.381	0.381	0.440	0.329	45.820	2288	2842
174	0.093	110.205	60.498	1.154	110.024	60.304	0.339	0.381	0.391	0.303	54.765	5207	2849
175	0.142	47.704	60.850	1.443	47.519	60.579	0.360	0.529	0.553	0.328	108.447	2249	2862
176	0.141	68.569	60.903	1.401	68.326	60.706	0.487	0.381	0.511	0.351	23.083	3241	2868
177	0.142	89.626	61.045	1.573	89.408	60.812	0.508	0.487	0.513	0.351	129.639	4228	2873
178	0.096	80.712	61.440	1.161	80.560	61.235	0.318	0.381	0.388	0.315	112.031	3809	2893
179	0.143	45.527	61.604	1.483	45.297	61.362	0.466	0.487	0.563	0.324	45.507	2155	2899
180	0.128	48.712	61.787	1.366	48.556	61.532	0.318	0.508	0.521	0.312	101.065	2298	2907
181	0.123	84.486	62.049	1.341	84.264	61.849	0.444	0.381	0.479	0.328	30.909	3995	2922
182	0.133	44.537	62.409	1.408	44.386	62.145	0.318	0.529	0.542	0.312	93.699	2101	2936
183	0.126	64.775	62.362	1.366	64.516	62.209	0.508	0.318	0.519	0.310	165.941	3051	2939
184	0.145	92.896	62.627	1.463	92.731	62.357	0.339	0.529	0.548	0.336	99.781	4385	2946
185	0.081	19.857	62.682	1.082	19.685	62.505	0.339	0.339	0.359	0.287	38.741	938	2953
186	0.140	86.734	63.134	1.406	86.466	62.950	0.529	0.360	0.520	0.342	165.235	4092	2974
187	0.149	13.881	63.326	1.456	13.610	63.140	0.529	0.360	0.539	0.352	15.588	654	2983
188	0.128	44.230	63.728	1.359	44.048	63.479	0.360	0.487	0.513	0.318	68.175	2089	2999
189	0.137	64.926	63.764	1.438	64.770	63.479	0.318	0.550	0.555	0.315	81.944	3066	2999
190	0.111	57.413	63.699	1.256	57.214	63.500	0.402	0.381	0.461	0.307	141.310	2707	3000
191	0.141	42.774	63.935	1.456	42.608	63.669	0.339	0.550	0.560	0.320	75.984	2020	3008
192	0.133	78.525	64.210	1.436	78.317	63.966	0.402	0.487	0.519	0.327	61.908	3710	3022
193	0.121	34.245	64.464	1.311	34.036	64.262	0.423	0.381	0.466	0.331	142.711	1611	3036
194	0.143	85.256	64.535	1.456	84.984	64.368	0.550	0.339	0.555	0.329	13.659	4026	3041
195	0.103	84.533	64.705	1.226	84.392	64.474	0.296	0.466	0.450	0.293	86.690	3993	3046
196	0.110	47.071	64.893	1.251	46.905	64.664	0.318	0.444	0.455	0.307	91.284	2222	3055
197	0.121	85.258	65.270	1.466	85.069	65.045	0.381	0.487	0.497	0.309	126.370	4023	3073
198	0.147	42.368	65.361	1.468	42.185	65.088	0.360	0.529	0.546	0.341	73.441	2002	3075
199	0.124	13.902	65.357	1.341	13.674	65.172	0.466	0.360	0.463	0.342	4.888	655	3079
200	0.221	71.460	65.477	1.961	71.205	65.172	0.529	0.635	0.601	0.468	54.519	3374	3079
201	0.151	92.998	65.514	1.503	92.774	65.278	0.423	0.508	0.561	0.343	124.827	4387	3084
202	0.126	80.302	65.935	1.461	80.052	65.765	0.508	0.402	0.518	0.310	23.759	3794	3107
203	0.112	34.805	65.968	1.226	34.608	65.786	0.402	0.360	0.437	0.328	147.813	1639	3108
204	0.134	40.889	66.118	1.401	40.704	65.850	0.360	0.508	0.528	0.324	68.264	1932	3111
205	0.129	46.902	66.105	1.366	46.757	65.850	0.318	0.508	0.524	0.312	92.594	2212	3111
206	0.051	128.719	66.086	0.907	128.609	65.913	0.233	0.318	0.322	0.202	102.435	6079	3114
207	0.121	121.173	66.096	1.281	120.946	65.934	0.444	0.339	0.462	0.335	165.174	5718	3115
208	0.130	76.517	66.262	1.383	76.327	65.998	0.360	0.487	0.507	0.327	65.874	3617	3118
209	0.130	74.688	66.355	1.401	74.443	66.167	0.487	0.381	0.509	0.326	26.417	3529	3126
210	0.135	77.237	66.412	1.406	77.026	66.188	0.423	0.466	0.523	0.328	49.771	3650	3127
211	0.147	80.504	66.769	1.473	80.222	66.590	0.550	0.360	0.554	0.339	12.624	3803	3146
212	0.041	62.572	66.819	0.740	62.463	66.717	0.233	0.212	0.246	0.211	27.860	2953	3152
213	0.128	34.386	67.172	1.376	34.205	66.950	0.402	0.466	0.496	0.329	56.802	1626	3163
214	0.138	106.363	68.304	1.413	106.193	68.051	0.360	0.508	0.523	0.337	75.264	5023	3215
215	0.125	37.682	68.718	1.353	37.507	68.474	0.339	0.487	0.504	0.317	102.003	1776	3235
216	0.144	33.022	69.018	1.486	32.830	68.728	0.360	0.550	0.573	0.321	71.033	1561	3247
217	0.141	125.465	69.468	1.431	125.286	69.194	0.360	0.529	0.532	0.336	73.582	5927	3269
218	0.143	27.213	69.455	1.418	26.988	69.236	0.444	0.444	0.520	0.351	45.007	1286	3271
219	0.147	70.340	69.525	1.456	70.104	69.321	0.466	0.423	0.543	0.344	144.522	3315	3275
220	0.129	46.619	69.986	1.353	46.440	69.744	0.360	0.466	0.489	0.336	110.284	2199	3295
221	0.120	48.623	70.427	1.299	48.450	70.210	0.339	0.444	0.450	0.340	87.007	2295	3317
222	0.138	95.264	71.083	1.413	95.102	70.824	0.339	0.529	0.520	0.337	98.331	4497	3346
223	0.041	33.969	71.208	0.758	33.846	71.099	0.233	0.233	0.232	0.226	162.472	1602	3359
224	0.107	97.426	71.651	1.281	97.282	71.416	0.296	0.487	0.486	0.280	103.301	4599	3374
225	0.152	13.914	71.825	1.498	13.631	71.649	0.572	0.339	0.561	0.344	177.720	653	3385
226	0.132	113.226	72.233	1.388	113.009	72.009	0.444	0.423	0.499	0.338	138.397	5346	3402
227	0.104	44.595	72.689	1.209	44.386	72.538	0.423	0.318	0.437	0.304	15.179	2104	3427
228	0.142	27.393	72.977	1.436	27.178	72.750	0.444	0.466	0.541	0.335	46.720	1296	3437
229	0.128	21.995	73.079	1.388	21.738	72.877	0.487	0.381	0.542	0.301	30.787	1043	3443
230	0.108	41.072	73.137	1.234	40.852	72.983	0.444	0.296	0.459	0.298	174.600	1938	3448
231	0.124	91.217	73.276	1.353	91.059	73.025	0.318	0.508	0.509	0.311	103.297	4307	3450
232	0.103	123.969	73.232	1.236	123.825	73.046	0.296	0.381	0.412	0.320	88.882	5851	3451
233	0.131	84.570	73.383	1.378	84.413	73.131	0.318	0.508	0.521	0.321	98.113	3991	3455
234	0.145	56.364	73.632	1.461	56.155	73.385	0.423	0.487	0.558	0.330	125.661	2656	3467
235	0.146	14.019	73.960	1.448	13.780	73.745	0.487	0.423	0.525	0.354	146.821	658	3484
236	0.112	106.636	74.033	1.251	106.447	73.850	0.381	0.381	0.445	0.321	141.329	5031	3489
237	0.137	107.266	74.013	1.413	106.998	73.850	0.550	0.318	0.553	0.315	6.366	5066	3489
238	0.131	113.089	74.040	1.413	112.818	73.872	0.508	0.360	0.531	0.313	151.904	5331	3490
239	0.142	55.618	74.110	1.436	55.372	73.893	0.487	0.423	0.538	0.337	143.498	2620	3491
240	0.117	125.883	74.286	1.311	125.709	74.062	0.339	0.444	0.432	0.345	86.966	5947	3499
241	0.147	44.598	74.368	1.498	44.408	74.104	0.381	0.529	0.559	0.336	73.645	2106	3501
242	0.135	118.863	74.577	1.388	118.660	74.337	0.402	0.466	0.498	0.345	53.098	5618	3512
243	0.126	30.891	74.623	1.359	30.670	74.422	0.444	0.402	0.517	0.310	38.713	1462	3516
244	0.118	38.547	74.726	1.329	38.354	74.486	0.360	0.466	0.470	0.320	82.721	1820	3519
245	0.135	106.910	74.711	1.399	106.701	74.486	0.444	0.466	0.485	0.355	126.616	5046	3519
246	0.128	52.790	75.021	1.366	52.620	74.782	0.339	0.487	0.511	0.318	72.928	2492	3533
247	0.130	13.175	75.108	1.371	12.954	74.909	0.444	0.402	0.502	0.330	37.909	623	3539
248	0.109	37.406	75.361	1.286	37.211	75.142	0.381	0.423	0.447	0.310	54.312	1768	3550
249	0.115	62.310	75.362	1.251	62.082	75.205	0.444	0.318	0.449	0.326	177.093	2939	3553
250	0.136	24.469	75.507	1.418	24.257	75.290	0.444	0.444	0.536	0.323	46.287	1157	3557
251	0.138	47.071	75.586	1.438	46.905	75.311	0.339	0.529	0.545	0.322	76.863	2226	3558
252	0.129	118.444	75.685	1.359	118.237	75.480	0.423	0.423	0.506	0.324	43.733	5596	3566
253	0.136	75.954	75.788	1.426	75.777	75.544	0.360	0.508	0.515	0.337	93.410	3584	3569
254	0.146	62.438	75.954	1.521	62.251	75.671	0.381	0.550	0.558	0.332	112.404	2948	3575
255	0.132	113.389	76.522	1.371	113.136	76.348	0.508	0.339	0.510	0.330	8.385	5357	3607
256	0.150	118.161	76.712	1.496	117.941	76.475	0.423	0.529	0.542	0.353	124.307	5577	3613
257	0.135	114.536	76.682	1.443	114.279	76.518	0.529	0.318	0.532	0.323	179.009	5404	3615
258	0.129	17.884	76.721	1.371	17.632	76.539	0.487	0.360	0.509	0.324	21.509	847	3616
259	0.130	56.456	76.838	1.364	56.261	76.602	0.402	0.466	0.480	0.345	56.530	2669	3619
260	0.112	98.212	77.090	1.274	98.002	76.877	0.402	0.402	0.453	0.314	46.950	4644	3632
261	0.138	62.790	77.253	1.478	62.611	76.983	0.381	0.529	0.520	0.339	80.771	2966	3637
262	0.141	76.763	77.331	1.431	76.560	77.089	0.402	0.487	0.542	0.330	121.876	3620	3642
263	0.134	92.524	77.715	1.406	92.287	77.512	0.487	0.402	0.529	0.322	149.640	4365	3662
264	0.126	94.227	77.674	1.371	93.980	77.512	0.508	0.339	0.508	0.317	175.246	4446	3662
265	0.152	63.929	78.118	1.498	63.754	77.830	0.339	0.572	0.574	0.337	88.675	3019	3677
266	0.115	120.041	78.133	1.256	119.824	77.957	0.423	0.360	0.448	0.326	155.063	5666	3683
267	0.137	52.741	78.248	1.431	52.578	77.978	0.339	0.529	0.529	0.330	83.926	2490	3684
268	0.140	26.496	78.221	1.443	26.226	78.042	0.529	0.360	0.542	0.328	12.569	1254	3687
269	0.085	73.616	78.662	1.119	73.470	78.465	0.275	0.402	0.428	0.252	105.868	3473	3707
270	0.138	43.531	79.014	1.448	43.349	78.740	0.360	0.550	0.556	0.317	111.326	2052	3720
271	0.144	13.924	78.949	1.438	13.652	78.782	0.529	0.339	0.538	0.341	2.201	654	3722
272	0.154	115.947	79.308	1.521	115.697	79.079	0.487	0.466	0.578	0.339	44.099	5480	3736
273	0.122	39.928	79.674	1.323	39.751	79.438	0.339	0.466	0.499	0.311	110.002	1881	3753
274	0.159	61.403	79.802	1.540	61.235	79.502	0.339	0.593	0.588	0.345	86.289	2899	3756
275	0.140	90.992	79.991	1.436	90.784	79.735	0.402	0.508	0.536	0.333	117.776	4295	3767
276	0.127	94.369	80.262	1.406	94.192	80.010	0.339	0.508	0.517	0.313	106.087	4455	3780
277	0.157	13.754	80.200	1.498	13.462	80.031	0.572	0.339	0.569	0.352	177.443	643	3781
278	0.131	30.954	80.304	1.359	30.755	80.116	0.444	0.402	0.500	0.333	41.586	1460	3785
279	0.144	107.965	80.844	1.473	107.781	80.582	0.360	0.550	0.545	0.336	75.785	5100	3807
280	0.145	55.553	81.073	1.450	55.393	80.793	0.318	0.550	0.564	0.327	91.782	2621	3817
281	0.138	99.535	81.288	1.443	99.356	81.026	0.360	0.529	0.540	0.326	104.238	4699	3828
282	0.106	55.870	82.159	1.274	55.647	81.978	0.444	0.360	0.459	0.293	149.079	2635	3873
283	0.131	71.610	82.220	1.413	71.438	81.978	0.360	0.487	0.518	0.322	112.310	3378	3873
284	0.140	54.866	82.261	1.426	54.695	82.000	0.339	0.529	0.540	0.331	81.690	2590	3874
285	0.114	29.033	82.313	1.281	28.808	82.148	0.444	0.339	0.451	0.322	24.335	1370	3881
286	0.126	51.288	82.357	1.329	51.054	82.190	0.487	0.339	0.475	0.338	172.303	2417	3883
287	0.132	36.707	82.723	1.371	36.534	82.465	0.339	0.508	0.505	0.333	78.388	1734	3896
288	0.138	45.339	82.800	1.413	45.170	82.529	0.339	0.529	0.535	0.330	100.652	2140	3899
289	0.132	105.440	83.020	1.381	105.241	82.783	0.381	0.508	0.520	0.322	120.203	4976	3911
290	0.128	25.440	83.013	1.359	25.210	82.825	0.466	0.381	0.494	0.330	23.646	1203	3913
291	0.121	129.073	83.084	1.371	128.863	82.868	0.423	0.402	0.422	0.364	5.329	6103	3915
292	0.128	62.430	83.276	1.383	62.272	83.016	0.318	0.529	0.512	0.318	88.931	2946	3922
293	0.123	40.981	83.512	1.341	40.809	83.270	0.339	0.487	0.494	0.318	77.112	1935	3934
294	0.154	117.372	83.646	1.480	117.200	83.376	0.360	0.529	0.544	0.361	81.540	5544	3939
295	0.158	29.667	83.654	1.623	29.422	83.460	0.550	0.402	0.570	0.353	22.149	1405	3943
296	0.131	46.836	83.716	1.371	46.672	83.460	0.339	0.508	0.515	0.324	103.693	2209	3943
297	0.086	128.176	83.730	1.172	128.016	83.502	0.339	0.402	0.347	0.314	91.061	6053	3945
298	0.112	66.228	84.038	1.341	66.082	83.799	0.296	0.529	0.499	0.286	90.995	3127	3959
299	0.099	129.250	84.027	1.226	129.053	83.820	0.402	0.360	0.380	0.333	7.982	6108	3960
300	0.134	119.620	84.254	1.366	119.359	84.095	0.508	0.318	0.514	0.331	0.469	5646	3973
301	0.147	16.997	84.932	1.486	16.806	84.646	0.360	0.550	0.537	0.348	75.745	807	3999
302	0.141	39.291	84.894	1.456	39.095	84.646	0.381	0.508	0.552	0.325	62.088	1857	3999
303	0.129	61.694	84.977	1.401	61.532	84.709	0.318	0.550	0.538	0.305	91.263	2912	4002
304	0.159	20.865	85.263	1.533	20.638	85.026	0.466	0.487	0.574	0.352	135.267	977	4017
305	0.147	16.978	86.376	1.448	16.764	86.127	0.423	0.487	0.549	0.341	53.637	804	4069
306	0.140	16.059	86.433	1.431	15.875	86.191	0.381	0.508	0.523	0.342	67.473	758	4072
307	0.139	19.477	86.980	1.426	19.283	86.741	0.381	0.487	0.512	0.347	65.424	919	4098
308	0.130	59.201	87.034	1.426	59.055	86.783	0.318	0.529	0.528	0.314	85.009	2794	4100
309	0.133	31.964	87.581	1.388	31.771	87.355	0.402	0.466	0.506	0.334	53.327	1512	4127
310	0.147	50.058	87.633	1.491	49.869	87.376	0.381	0.529	0.542	0.344	74.708	2364	4128
311	0.132	81.272	87.815	1.401	81.111	87.566	0.339	0.529	0.516	0.326	100.697	3835	4137
312	0.123	69.357	87.866	1.336	69.194	87.630	0.318	0.487	0.494	0.318	81.150	3275	4140
313	0.076	125.393	87.763	1.161	125.180	87.651	0.466	0.233	0.434	0.224	2.814	5917	4141
314	0.099	56.655	87.867	1.184	56.494	87.672	0.318	0.423	0.426	0.294	113.652	2672	4142
315	0.154	22.211	88.032	1.508	21.992	87.778	0.444	0.508	0.562	0.348	125.847	1043	4147
316	0.131	83.159	88.119	1.408	82.994	87.863	0.318	0.529	0.539	0.309	82.751	3927	4151
317	0.140	51.556	88.192	1.438	51.393	87.905	0.318	0.550	0.552	0.323	83.395	2435	4153
318	0.126	108.547	88.153	1.359	108.373	87.905	0.339	0.508	0.510	0.314	107.783	5126	4153
319	0.117	72.901	88.183	1.281	72.665	88.032	0.466	0.318	0.474	0.314	178.365	3439	4159
320	0.129	35.687	88.554	1.371	35.496	88.307	0.360	0.487	0.515	0.320	69.278	1686	4172
321	0.136	77.495	88.577	1.413	77.343	88.307	0.318	0.550	0.540	0.321	92.619	3659	4172
322	0.147	51.253	88.808	1.510	51.096	88.519	0.318	0.572	0.576	0.325	86.249	2419	4182
323	0.139	95.511	88.909	1.426	95.250	88.731	0.508	0.360	0.532	0.333	17.049	4513	4192
324	0.134	84.676	89.071	1.396	84.518	88.815	0.318	0.529	0.529	0.323	85.821	3999	4196
325	0.102	73.255	89.687	1.189	73.088	89.472	0.318	0.444	0.412	0.314	92.350	3459	4227
326	0.147	25.674	89.764	1.443	25.421	89.577	0.508	0.381	0.521	0.360	15.498	1215	4232
327	0.132	86.361	90.037	1.396	86.191	89.789	0.339	0.508	0.504	0.334	85.118	4078	4242
328	0.137	63.197	90.075	1.468	63.034	89.810	0.339	0.550	0.559	0.312	101.208	2982	4243
329	0.137	91.915	90.264	1.396	91.736	90.022	0.360	0.487	0.509	0.342	73.366	4341	4253
330	0.090	127.500	90.460	1.112	127.318	90.297	0.381	0.318	0.366	0.313	160.704	6019	4266
331	0.127	108.042	90.855	1.371	107.865	90.593	0.339	0.508	0.515	0.315	106.686	5103	4280
332	0.129	105.053	90.914	1.371	104.881	90.657	0.339	0.508	0.531	0.310	110.164	4959	4283
333	0.131	36.862	91.126	1.359	36.682	90.911	0.381	0.466	0.491	0.339	62.601	1740	4295
334	0.140	80.141	91.450	1.436	79.946	91.207	0.381	0.529	0.539	0.330	116.302	3780	4309
335	0.134	33.931	91.477	1.468	33.740	91.228	0.360	0.487	0.516	0.332	68.353	1604	4310
336	0.138	67.143	91.527	1.396	66.971	91.271	0.339	0.508	0.519	0.338	94.558	3169	4312
337	0.145	88.497	91.708	1.468	88.328	91.440	0.339	0.550	0.547	0.338	80.944	4179	4320
338	0.121	31.914	91.770	1.316	31.729	91.546	0.360	0.466	0.492	0.312	63.293	1507	4325
339	0.131	96.384	91.892	1.401	96.139	91.715	0.508	0.360	0.537	0.311	159.392	4545	4333
340	0.133	98.344	92.113	1.406	98.150	91.863	0.402	0.487	0.541	0.313	123.388	4640	4340
341	0.147	106.052	92.195	1.456	105.876	91.927	0.360	0.529	0.554	0.337	105.531	5006	4343
342	0.125	61.401	92.263	1.359	61.235	92.012	0.339	0.508	0.503	0.317	109.908	2898	4347
343	0.119	129.135	92.315	1.346	128.905	92.139	0.508	0.339	0.486	0.312	168.265	6095	4353
344	0.151	53.512	92.610	1.480	53.340	92.329	0.339	0.550	0.554	0.346	86.673	2528	4362
345	0.065	79.445	92.681	1.002	79.248	92.541	0.360	0.275	0.334	0.249	1.962	3754	4372
346	0.132	68.634	92.875	1.396	68.474	92.625	0.339	0.508	0.514	0.327	85.834	3240	4376
347	0.133	70.773	92.876	1.383	70.612	92.625	0.339	0.508	0.519	0.326	79.764	3342	4376
348	0.137	87.977	93.230	1.426	87.820	92.943	0.318	0.550	0.551	0.317	85.366	4156	4391
349	0.146	114.613	93.239	1.468	114.448	92.964	0.339	0.550	0.544	0.341	95.126	5412	4392
350	0.141	114.057	93.870	1.463	113.898	93.599	0.318	0.550	0.570	0.314	100.349	5384	4422
351	0.145	104.501	94.559	1.456	104.330	94.319	0.360	0.529	0.510	0.362	93.205	4932	4456
352	0.123	106.349	94.601	1.323	106.193	94.361	0.318	0.487	0.482	0.325	89.370	5022	4458
353	0.133	58.931	94.856	1.406	58.759	94.594	0.360	0.529	0.522	0.324	101.197	2781	4469
354	0.134	103.527	94.867	1.396	103.357	94.615	0.339	0.508	0.531	0.320	107.886	4886	4470
355	0.130	48.527	95.169	1.396	48.345	94.932	0.360	0.487	0.522	0.318	64.650	2293	4485
356	0.128	38.868	95.249	1.359	38.693	95.017	0.381	0.466	0.494	0.330	62.794	1836	4489
357	0.122	65.601	95.266	1.329	65.426	95.017	0.339	0.487	0.485	0.320	103.712	3097	4489
358	0.155	59.645	95.376	1.521	59.436	95.102	0.402	0.550	0.557	0.354	110.740	2815	4493
359	0.134	100.181	96.117	1.413	99.970	95.885	0.423	0.444	0.517	0.329	126.864	4728	4530
360	0.150	117.474	96.244	1.473	117.285	95.991	0.402	0.508	0.546	0.349	116.683	5545	4535
361	0.149	82.274	96.362	1.505	82.106	96.076	0.339	0.550	0.551	0.345	93.422	3890	4539
362	0.136	24.396	96.803	1.418	24.236	96.520	0.339	0.550	0.525	0.329	83.869	1151	4560
363	0.158	115.250	96.745	1.515	114.956	96.562	0.572	0.360	0.568	0.354	168.904	5438	4562
364	0.142	66.004	97.205	1.468	65.850	96.922	0.318	0.572	0.556	0.326	92.077	3115	4579
365	0.149	93.730	97.308	1.498	93.557	97.028	0.360	0.550	0.559	0.340	72.757	4428	4584
366	0.148	117.775	97.363	1.503	117.581	97.092	0.381	0.550	0.577	0.327	107.795	5559	4587
367	0.116	71.101	98.163	1.286	70.930	97.938	0.360	0.444	0.451	0.326	71.306	3358	4627
368	0.141	103.843	98.541	1.408	103.674	98.277	0.339	0.508	0.511	0.351	94.398	4902	4643
369	0.123	41.475	98.943	1.323	41.317	98.700	0.318	0.487	0.503	0.312	76.502	1959	4663
370	0.131	58.228	99.194	1.383	58.039	98.954	0.360	0.487	0.513	0.325	110.665	2747	4675
371	0.138	105.092	99.638	1.466	104.860	99.420	0.487	0.444	0.546	0.322	45.113	4965	4697
372	0.133	86.830	99.738	1.396	86.678	99.483	0.318	0.529	0.529	0.319	92.543	4099	4700
373	0.129	76.316	99.768	1.388	76.136	99.505	0.360	0.508	0.504	0.326	74.230	3606	4701
374	0.132	97.895	99.750	1.383	97.684	99.526	0.423	0.423	0.492	0.342	131.327	4620	4702
375	0.136	60.775	100.007	1.406	60.579	99.758	0.381	0.508	0.542	0.320	120.505	2866	4713
376	0.145	121.963	100.066	1.438	121.793	99.801	0.339	0.529	0.535	0.345	93.401	5760	4715
377	0.117	23.849	100.057	1.281	23.686	99.822	0.318	0.466	0.473	0.316	83.096	1124	4716
378	0.119	88.730	101.604	1.329	88.561	101.367	0.339	0.466	0.478	0.318	81.190	4190	4789
379	0.149	60.785	101.738	1.456	60.516	101.558	0.529	0.360	0.555	0.343	161.326	2864	4798
380	0.122	66.707	102.011	1.323	66.548	101.769	0.318	0.487	0.485	0.320	79.409	3151	4808
381	0.132	49.701	102.304	1.421	49.551	102.023	0.296	0.550	0.554	0.304	89.195	2346	4820
382	0.138	27.413	102.601	1.426	27.136	102.447	0.550	0.318	0.556	0.315	169.655	1287	4840
383	0.116	115.475	102.699	1.281	115.252	102.531	0.444	0.339	0.459	0.323	19.890	5453	4844
384	0.130	30.101	102.866	1.396	29.951	102.595	0.318	0.529	0.531	0.313	85.639	1422	4847
385	0.148	112.630	102.941	1.583	112.458	102.680	0.360	0.508	0.534	0.352	96.203	5317	4851
386	0.129	35.554	103.196	1.376	35.348	102.955	0.402	0.466	0.507	0.324	56.653	1680	4864
387	0.135	37.824	103.302	1.431	37.613	103.039	0.402	0.487	0.524	0.328	61.495	1788	4868
388	0.134	66.716	104.222	1.406	66.484	104.013	0.466	0.423	0.510	0.336	41.686	3153	4914
389	0.135	95.627	104.404	1.418	95.356	104.225	0.529	0.360	0.518	0.332	161.659	4513	4924
390	0.151	97.647	104.602	1.491	97.451	104.330	0.381	0.550	0.562	0.341	108.704	4610	4929
391	0.129	75.748	104.745	1.383	75.565	104.500	0.360	0.487	0.530	0.310	65.462	3578	4937
392	0.136	120.256	104.745	1.371	120.015	104.563	0.487	0.360	0.488	0.354	174.965	5677	4940
393	0.138	61.181	104.799	1.408	60.918	104.627	0.508	0.339	0.521	0.337	7.017	2890	4943
394	0.130	64.187	104.792	1.366	63.944	104.627	0.487	0.339	0.513	0.324	162.779	3025	4943
395	0.123	78.185	105.372	1.348	78.042	105.114	0.296	0.508	0.519	0.302	86.992	3691	4966
396	0.099	118.058	105.312	1.154	117.856	105.156	0.402	0.318	0.397	0.318	8.903	5575	4968
397	0.127	85.409	105.484	1.371	85.217	105.262	0.381	0.466	0.514	0.315	58.917	4035	4973
398	0.105	63.498	105.668	1.214	63.288	105.495	0.402	0.360	0.433	0.308	29.802	3000	4984
399	0.138	17.151	105.854	1.396	16.891	105.685	0.508	0.339	0.515	0.340	10.023	808	4993
400	0.144	91.026	106.079	1.521	90.847	105.791	0.360	0.593	0.587	0.313	72.707	4302	4998
401	0.124	35.525	106.579	1.341	35.348	106.341	0.360	0.466	0.492	0.320	68.639	1678	5024
402	0.136	103.471	106.878	1.406	103.230	106.680	0.466	0.423	0.530	0.326	141.295	4880	5040
403	0.113	85.110	106.923	1.244	84.921	106.722	0.381	0.402	0.429	0.337	53.291	4020	5042
404	0.116	101.778	107.909	1.281	101.579	107.717	0.402	0.381	0.463	0.320	139.497	4800	5089
405	0.134	91.914	108.655	1.406	91.715	108.416	0.402	0.487	0.512	0.332	61.562	4343	5122
406	0.127	75.264	108.649	1.364	75.036	108.437	0.444	0.423	0.512	0.315	138.656	3550	5123
407	0.127	79.328	108.726	1.346	79.121	108.500	0.402	0.444	0.493	0.327	124.434	3743	5126
408	0.131	65.967	109.190	1.366	65.807	108.924	0.318	0.508	0.514	0.324	82.233	3116	5146
409	0.125	84.387	109.257	1.406	84.138	109.051	0.466	0.402	0.515	0.309	142.324	3979	5152
410	0.118	83.539	109.328	1.281	83.376	109.114	0.339	0.444	0.455	0.330	70.068	3945	5155
411	0.109	39.578	109.647	1.279	39.370	109.453	0.423	0.381	0.467	0.298	37.089	1871	5171
412	0.119	85.820	109.624	1.299	85.598	109.453	0.444	0.360	0.486	0.312	153.080	4047	5171
413	0.137	94.167	109.838	1.426	93.959	109.622	0.423	0.444	0.517	0.336	49.202	4449	5179
414	0.142	14.985	110.321	1.408	14.732	110.151	0.508	0.339	0.522	0.347	179.292	702	5204
415	0.140	119.201	110.740	1.418	119.020	110.469	0.360	0.529	0.535	0.334	106.104	5628	5219
416	0.155	63.674	110.818	1.515	63.479	110.554	0.402	0.529	0.572	0.346	113.401	3001	5223
417	0.140	26.905	110.808	1.448	26.670	110.575	0.444	0.466	0.541	0.329	45.022	1275	5224
418	0.131	84.758	111.276	1.383	84.582	111.019	0.339	0.508	0.513	0.324	77.542	4003	5245
419	0.156	114.667	111.322	1.496	114.427	111.083	0.487	0.466	0.566	0.351	136.817	5411	5248
420	0.144	25.699	111.419	1.443	25.485	111.188	0.423	0.466	0.544	0.337	51.684	1214	5253
421	0.131	67.042	111.498	1.371	66.823	111.294	0.444	0.402	0.521	0.320	38.613	3168	5258
422	0.158	14.554	111.907	1.510	14.266	111.739	0.572	0.339	0.577	0.348	179.784	681	5279
423	0.140	51.779	112.373	1.438	51.604	112.099	0.339	0.529	0.543	0.329	95.605	2444	5296
424	0.134	56.014	112.463	1.413	55.838	112.204	0.339	0.529	0.521	0.326	86.086	2645	5301
425	0.150	115.077	112.385	1.498	114.766	112.226	0.593	0.318	0.587	0.324	4.219	5432	5302
426	0.103	74.784	112.796	1.202	74.612	112.586	0.339	0.423	0.429	0.306	66.425	3532	5319
427	0.131	36.710	112.904	1.376	36.534	112.649	0.360	0.508	0.508	0.328	68.972	1735	5322
428	0.157	113.567	113.080	1.528	113.284	112.903	0.572	0.360	0.590	0.339	14.134	5365	5334
429	0.114	76.087	113.748	1.294	75.925	113.517	0.318	0.466	0.487	0.297	75.834	3594	5363
430	0.142	88.928	114.435	1.466	88.688	114.194	0.466	0.466	0.554	0.327	42.857	4206	5395
431	0.131	61.373	114.437	1.353	61.129	114.258	0.487	0.339	0.495	0.337	1.574	2898	5398
432	0.141	105.308	114.812	1.418	105.071	114.596	0.466	0.423	0.543	0.330	39.363	4977	5414
433	0.142	83.052	115.203	1.436	82.825	114.977	0.466	0.444	0.543	0.332	136.565	3916	5432
434	0.145	127.024	115.185	1.486	126.746	114.998	0.529	0.381	0.559	0.330	155.301	5995	5433
435	0.121	75.753	115.676	1.353	75.586	115.422	0.339	0.487	0.525	0.292	63.779	3582	5453
436	0.134	100.729	115.750	1.378	100.478	115.591	0.508	0.318	0.514	0.332	5.377	4754	5461
437	0.150	12.506	116.263	1.468	12.234	116.099	0.550	0.339	0.547	0.348	177.870	584	5485
438	0.125	33.092	116.402	1.371	32.872	116.205	0.444	0.402	0.501	0.319	42.211	1564	5490
439	0.107	90.644	116.458	1.269	90.424	116.290	0.444	0.339	0.472	0.289	28.050	4281	5494
440	0.118	112.740	116.566	1.294	112.501	116.417	0.466	0.318	0.484	0.311	170.591	5319	5500
441	0.132	126.903	116.639	1.341	126.661	116.459	0.466	0.360	0.477	0.353	164.371	5990	5502
442	0.118	116.912	116.903	1.311	116.650	116.755	0.508	0.296	0.496	0.302	2.447	5520	5516
443	0.122	32.111	117.190	1.329	31.877	116.988	0.444	0.381	0.498	0.313	36.256	1518	5527
444	0.137	85.643	117.373	1.406	85.450	117.115	0.381	0.508	0.540	0.323	117.257	4042	5533
445	0.141	103.415	117.951	1.448	103.166	117.729	0.487	0.423	0.528	0.341	31.602	4890	5562
446	0.130	118.969	118.538	1.366	118.808	118.279	0.318	0.508	0.523	0.316	100.873	5617	5588
447	0.145	35.757	118.676	1.478	35.518	118.449	0.466	0.466	0.546	0.338	46.113	1691	5596
448	0.109	54.178	118.718	1.232	53.975	118.533	0.423	0.360	0.446	0.312	149.028	2555	5600
449	0.144	85.835	119.167	1.448	85.598	118.957	0.487	0.423	0.547	0.335	142.138	4047	5620
450	0.140	40.214	120.369	1.406	40.005	120.142	0.423	0.466	0.526	0.338	128.531	1893	5676
451	0.139	86.492	120.548	1.461	86.191	120.375	0.550	0.360	0.543	0.326	165.232	4081	5687
452	0.122	69.878	121.207	1.376	69.702	120.946	0.360	0.508	0.501	0.310	107.510	3298	5714
453	0.121	68.616	121.711	1.353	68.368	121.560	0.508	0.318	0.513	0.300	13.545	3239	5743
454	0.113	70.126	121.829	1.294	69.977	121.581	0.296	0.487	0.484	0.297	96.555	3311	5744
455	0.162	109.646	122.679	1.563	109.432	122.407	0.423	0.550	0.609	0.338	122.518	5173	5783
456	0.130	102.106	123.404	1.371	101.854	123.232	0.508	0.339	0.507	0.328	166.448	4819	5822
457	0.147	125.369	124.008	1.456	125.095	123.825	0.529	0.360	0.540	0.348	163.798	5916	5850
458	0.141	81.394	125.377	1.468	81.132	125.180	0.508	0.381	0.540	0.333	21.387	3852	5914
459	0.173	44.378	126.014	1.605	44.175	125.709	0.402	0.593	0.625	0.353	112.851	2091	5939
460	0.162	91.176	126.185	1.568	90.911	125.942	0.529	0.466	0.594	0.346	35.609	4314	5950
461	0.129	118.100	126.439	1.359	117.877	126.238	0.444	0.402	0.514	0.319	39.430	5580	5964
462	0.135	90.934	126.900	1.383	90.678	126.725	0.508	0.339	0.527	0.327	13.546	4296	5987
463	0.049	26.917	127.092	0.805	26.776	126.979	0.275	0.233	0.269	0.231	0.322	1270	5999
464	0.122	83.268	127.314	1.323	83.100	127.064	0.318	0.487	0.492	0.316	88.678	3933	6003
465	0.137	68.333	127.409	1.478	68.157	127.148	0.360	0.550	0.508	0.343	90.407	3227	6007
466	0.126	85.873	127.415	1.376	85.619	127.212	0.487	0.381	0.520	0.308	28.987	4061	6010
467	0.143	34.978	127.552	1.466	34.756	127.296	0.444	0.487	0.537	0.339	50.130	1656	6014
468	0.065	7.634	127.704	1.045	7.451	127.550	0.339	0.296	0.319	0.261	14.776	360	6026
469	0.148	85.309	128.040	1.468	85.132	127.783	0.360	0.529	0.545	0.345	73.246	4029	6037
470	0.161	124.327	128.533	1.588	124.079	128.312	0.487	0.466	0.560	0.367	138.556	5866	6062
471	0.143	55.962	128.794	1.418	55.753	128.566	0.423	0.466	0.512	0.356	122.818	2639	6074
472	0.114	98.892	131.815	1.316	98.742	131.551	0.318	0.508	0.498	0.292	101.880	4669	6215
473	0.134	94.690	131.902	1.408	94.509	131.657	0.360	0.487	0.510	0.336	76.757	4472	6220
474	0.115	95.857	131.901	1.299	95.694	131.657	0.318	0.487	0.476	0.307	89.142	4528	6220
475	0.129	96.740	131.973	1.353	96.584	131.720	0.318	0.508	0.511	0.322	89.689	4568	6223
476	0.107	70.882	132.346	1.244	70.739	132.122	0.318	0.466	0.447	0.305	88.271	3346	6242
477	0.113	87.696	132.534	1.281	87.524	132.313	0.339	0.444	0.464	0.311	75.215	4142	6251
478	0.128	83.797	132.758	1.351	83.566	132.546	0.444	0.423	0.509	0.320	136.650	3953	6262
479	0.101	65.638	134.899	1.184	65.468	134.684	0.318	0.423	0.414	0.310	78.801	3102	6363
480	0.101	76.848	134.884	1.196	76.708	134.684	0.318	0.423	0.415	0.311	82.686	3627	6363
