 	Area	X	Y	Perim.	BX	BY	Width	Height	Major	Minor	Angle	XStart	YStart
1	0.082	65.913	20.212	1.194	65.722	20.066	0.402	0.296	0.381	0.276	169.301	3108	948
2	0.114	55.386	21.901	1.269	55.160	21.738	0.444	0.339	0.465	0.313	159.015	2610	1027
3	0.118	55.295	23.058	1.311	55.054	22.902	0.487	0.318	0.474	0.318	4.135	2609	1082
4	0.112	32.326	27.698	1.279	32.110	27.496	0.423	0.381	0.456	0.314	39.610	1528	1299
5	0.161	34.940	30.890	1.538	34.713	30.628	0.466	0.508	0.533	0.384	128.322	1645	1447
6	0.109	49.846	31.818	1.306	49.699	31.560	0.275	0.508	0.518	0.269	82.280	2355	1491
7	0.133	45.267	32.227	1.421	45.106	31.962	0.318	0.529	0.528	0.321	87.037	2137	1510
8	0.163	31.753	32.262	1.558	31.560	31.983	0.381	0.550	0.568	0.365	75.265	1500	1511
9	0.105	80.585	32.327	1.316	80.412	32.068	0.339	0.487	0.457	0.293	71.374	3810	1515
10	0.088	38.539	32.308	1.144	38.418	32.089	0.254	0.423	0.437	0.256	96.584	1817	1516
11	0.133	39.689	32.488	1.371	39.497	32.258	0.381	0.466	0.484	0.350	63.006	1874	1524
12	0.117	66.846	32.518	1.329	66.633	32.322	0.423	0.402	0.469	0.319	34.064	3161	1527
13	0.131	66.183	33.132	1.396	66.019	32.893	0.339	0.508	0.522	0.319	69.301	3126	1554
14	0.147	31.495	33.508	1.478	31.284	33.232	0.402	0.529	0.530	0.354	66.475	1491	1570
15	0.149	42.853	33.553	1.498	42.672	33.274	0.360	0.550	0.571	0.333	71.048	2027	1572
16	0.138	43.504	33.819	1.413	43.328	33.570	0.360	0.508	0.509	0.346	96.296	2053	1586
17	0.101	86.815	34.090	1.196	86.593	33.930	0.423	0.318	0.428	0.300	13.756	4102	1603
18	0.127	69.169	34.509	1.376	68.961	34.269	0.402	0.466	0.477	0.340	55.673	3270	1619
19	0.142	36.672	34.706	1.461	36.470	34.459	0.402	0.487	0.518	0.348	59.928	1734	1628
20	0.112	66.788	34.988	1.244	66.590	34.798	0.402	0.381	0.455	0.313	41.576	3155	1644
21	0.125	35.468	35.296	1.341	35.285	35.073	0.381	0.444	0.476	0.336	64.295	1675	1657
22	0.113	75.930	35.764	1.316	75.756	35.518	0.339	0.466	0.487	0.297	68.296	3588	1678
23	0.110	72.616	35.793	1.244	72.390	35.624	0.444	0.339	0.434	0.323	6.591	3429	1683
24	0.134	71.616	35.945	1.381	71.416	35.708	0.402	0.487	0.511	0.334	54.222	3386	1687
25	0.109	48.944	36.366	1.232	48.747	36.174	0.402	0.381	0.439	0.316	146.191	2308	1709
26	0.108	94.237	36.712	1.234	94.086	36.491	0.296	0.444	0.457	0.301	93.339	4449	1724
27	0.095	40.461	37.567	1.167	40.322	37.338	0.275	0.444	0.437	0.276	93.849	1910	1764
28	0.123	45.979	37.783	1.304	45.784	37.571	0.402	0.423	0.486	0.323	131.967	2166	1775
29	0.133	31.637	38.069	1.359	31.411	37.867	0.444	0.402	0.477	0.354	140.351	1489	1789
30	0.095	55.876	38.479	1.184	55.668	38.312	0.402	0.339	0.447	0.269	35.955	2640	1810
31	0.121	58.186	39.024	1.329	57.997	38.820	0.381	0.423	0.477	0.322	48.960	2749	1834
32	0.111	78.251	39.083	1.244	78.084	38.862	0.339	0.444	0.454	0.310	114.335	3693	1836
33	0.125	116.111	39.302	1.353	115.951	39.052	0.318	0.508	0.497	0.319	95.239	5483	1845
34	0.115	64.924	39.677	1.299	64.728	39.476	0.402	0.402	0.491	0.299	45.074	3069	1865
35	0.120	58.042	39.940	1.316	57.848	39.730	0.402	0.423	0.470	0.325	47.494	2743	1877
36	0.082	46.538	40.203	1.094	46.376	40.005	0.296	0.381	0.415	0.250	63.028	2199	1890
37	0.112	77.840	40.647	1.264	77.682	40.428	0.318	0.444	0.465	0.306	78.764	3675	1910
38	0.136	36.931	40.873	1.401	36.766	40.619	0.339	0.529	0.511	0.339	85.990	1744	1919
39	0.140	76.657	42.590	1.413	76.412	42.397	0.487	0.381	0.525	0.339	151.779	3613	2003
40	0.103	45.008	42.688	1.196	44.831	42.524	0.381	0.360	0.434	0.303	40.666	2124	2009
41	0.120	106.973	43.666	1.311	106.744	43.498	0.466	0.339	0.462	0.330	8.293	5051	2055
42	0.155	30.240	43.737	1.563	29.951	43.561	0.593	0.360	0.585	0.336	12.624	1428	2058
43	0.118	31.787	43.849	1.371	31.602	43.603	0.360	0.487	0.515	0.291	115.600	1497	2060
44	0.096	64.673	44.764	1.196	64.452	44.619	0.444	0.296	0.451	0.272	164.062	3048	2108
45	0.125	72.032	45.296	1.346	71.797	45.106	0.466	0.381	0.493	0.324	29.804	3406	2131
46	0.109	82.158	45.471	1.274	81.978	45.254	0.381	0.423	0.493	0.281	129.777	3874	2138
47	0.117	49.861	45.425	1.294	49.615	45.276	0.487	0.296	0.490	0.305	174.488	2349	2139
48	0.119	92.682	45.610	1.294	92.520	45.381	0.318	0.466	0.463	0.326	90.449	4377	2144
49	0.104	44.963	45.690	1.239	44.810	45.466	0.318	0.444	0.474	0.280	112.602	2119	2148
50	0.131	91.549	46.135	1.359	91.355	45.910	0.381	0.466	0.500	0.334	123.501	4319	2169
51	0.104	53.754	46.317	1.196	53.530	46.165	0.444	0.296	0.435	0.306	177.680	2535	2181
52	0.121	55.942	46.449	1.316	55.753	46.228	0.402	0.423	0.482	0.321	128.750	2638	2184
53	0.103	97.786	46.582	1.196	97.578	46.418	0.423	0.318	0.438	0.299	19.318	4619	2193
54	0.161	28.292	47.215	1.533	28.088	46.948	0.402	0.550	0.568	0.361	111.700	1332	2218
55	0.123	82.311	47.471	1.316	82.084	47.286	0.444	0.381	0.476	0.328	36.195	3887	2234
56	0.121	109.083	47.855	1.316	108.924	47.604	0.339	0.487	0.479	0.320	75.763	5154	2249
57	0.137	31.765	48.554	1.448	31.560	48.302	0.402	0.487	0.536	0.324	59.599	1502	2282
58	0.091	50.594	48.576	1.172	50.398	48.429	0.402	0.318	0.392	0.297	168.971	2384	2288
59	0.115	50.951	48.863	1.316	50.715	48.704	0.487	0.318	0.480	0.304	1.718	2403	2301
60	0.122	69.191	49.199	1.329	68.940	49.043	0.508	0.318	0.498	0.313	11.203	3267	2317
61	0.121	33.874	49.335	1.346	33.634	49.128	0.466	0.381	0.484	0.318	28.199	1603	2321
62	0.106	39.862	49.683	1.219	39.666	49.488	0.381	0.402	0.440	0.306	51.273	1883	2338
63	0.242	55.638	49.783	1.949	55.372	49.509	0.550	0.572	0.598	0.516	29.377	2630	2339
64	0.093	54.405	50.080	1.161	54.187	49.953	0.444	0.254	0.451	0.263	177.549	2564	2360
65	0.105	68.448	50.317	1.269	68.220	50.165	0.466	0.318	0.453	0.295	7.690	3237	2370
66	0.131	78.341	50.683	1.366	78.168	50.440	0.339	0.487	0.490	0.340	82.457	3700	2383
67	0.095	125.176	50.726	1.137	125.010	50.546	0.339	0.360	0.408	0.298	129.966	5908	2388
68	0.136	24.668	50.996	1.396	24.426	50.821	0.487	0.360	0.495	0.351	16.490	1164	2401
69	0.126	98.907	51.707	1.376	98.721	51.477	0.381	0.466	0.463	0.348	111.257	4668	2432
70	0.107	67.700	51.904	1.221	67.500	51.731	0.402	0.339	0.435	0.314	26.366	3198	2444
71	0.104	88.668	52.886	1.221	88.477	52.684	0.360	0.381	0.439	0.302	53.031	4189	2489
72	0.115	35.346	53.118	1.341	35.179	52.874	0.339	0.487	0.518	0.282	63.537	1673	2498
73	0.114	55.879	53.484	1.256	55.711	53.255	0.339	0.444	0.463	0.314	110.806	2636	2516
74	0.134	118.056	53.527	1.388	117.877	53.276	0.360	0.508	0.506	0.336	94.931	5574	2517
75	0.115	82.441	53.817	1.299	82.275	53.573	0.339	0.466	0.491	0.298	113.985	3889	2531
76	0.103	33.974	53.932	1.209	33.824	53.700	0.296	0.444	0.444	0.294	77.484	1606	2537
77	0.125	42.239	54.140	1.341	42.079	53.890	0.318	0.508	0.503	0.318	92.939	1993	2546
78	0.065	39.732	54.334	1.004	39.624	54.144	0.212	0.402	0.397	0.207	78.274	1877	2558
79	0.115	25.170	54.444	1.274	24.977	54.229	0.381	0.423	0.468	0.312	127.760	1184	2562
80	0.132	65.284	55.185	1.371	65.045	55.012	0.487	0.360	0.482	0.348	8.176	3083	2599
81	0.108	43.256	55.476	1.256	43.095	55.245	0.318	0.444	0.449	0.307	86.088	2043	2610
82	0.138	112.064	55.566	1.443	111.887	55.308	0.339	0.508	0.527	0.332	95.857	5291	2613
83	0.128	82.172	55.563	1.346	81.957	55.351	0.423	0.423	0.508	0.320	136.893	3876	2615
84	0.114	29.953	55.711	1.286	29.782	55.478	0.339	0.466	0.481	0.301	111.599	1411	2621
85	0.118	40.551	56.271	1.274	40.365	56.070	0.402	0.402	0.443	0.340	136.516	1910	2649
86	0.148	47.491	56.494	1.431	47.308	56.240	0.381	0.508	0.524	0.360	69.919	2242	2657
87	0.115	51.097	56.516	1.323	50.927	56.282	0.339	0.466	0.483	0.304	115.776	2408	2659
88	0.112	17.342	56.564	1.256	17.145	56.367	0.381	0.402	0.453	0.313	127.847	813	2663
89	0.112	105.390	56.929	1.269	105.220	56.706	0.339	0.444	0.468	0.303	66.232	4979	2679
90	0.134	55.016	57.311	1.401	54.822	57.086	0.402	0.466	0.502	0.340	57.356	2600	2697
91	0.124	71.183	57.493	1.341	70.930	57.319	0.487	0.339	0.479	0.329	175.392	3360	2708
92	0.109	19.703	57.825	1.214	19.494	57.658	0.423	0.339	0.438	0.317	24.129	930	2724
93	0.099	50.195	58.404	1.221	50.059	58.166	0.275	0.466	0.462	0.273	95.575	2369	2748
94	0.137	43.317	58.485	1.401	43.138	58.230	0.360	0.508	0.501	0.347	78.253	2046	2751
95	0.109	89.610	58.785	1.244	89.429	58.568	0.381	0.402	0.454	0.306	132.030	4229	2767
96	0.147	40.031	59.363	1.466	39.814	59.118	0.444	0.487	0.527	0.354	131.139	1886	2793
97	0.103	57.839	59.432	1.184	57.658	59.246	0.360	0.381	0.425	0.307	128.251	2727	2799
98	0.095	35.766	59.458	1.137	35.560	59.309	0.402	0.296	0.410	0.296	171.244	1685	2802
99	0.153	34.237	59.734	1.526	33.994	59.500	0.508	0.466	0.584	0.333	139.909	1610	2811
100	0.114	67.152	60.066	1.281	66.908	59.923	0.487	0.296	0.493	0.294	172.134	3165	2831
101	0.114	21.794	60.151	1.286	21.569	59.986	0.466	0.339	0.471	0.307	21.598	1029	2834
102	0.140	44.431	60.769	1.448	44.217	60.537	0.444	0.466	0.524	0.340	132.134	2091	2860
103	0.136	81.799	60.864	1.383	81.598	60.642	0.402	0.444	0.511	0.339	53.365	3864	2865
104	0.120	35.914	60.895	1.306	35.666	60.748	0.487	0.296	0.497	0.307	0.181	1691	2870
105	0.102	86.748	61.316	1.184	86.550	61.150	0.402	0.339	0.423	0.306	160.703	4093	2889
106	0.104	60.345	61.870	1.232	60.134	61.701	0.444	0.339	0.476	0.278	147.428	2843	2915
107	0.103	78.618	63.189	1.209	78.422	63.013	0.381	0.360	0.428	0.306	43.438	3712	2977
108	0.108	55.329	63.338	1.274	55.139	63.119	0.381	0.423	0.479	0.286	124.740	2610	2982
109	0.134	72.233	63.482	1.418	72.051	63.225	0.360	0.508	0.508	0.337	77.901	3414	2987
110	0.102	38.872	63.578	1.167	38.672	63.415	0.402	0.318	0.419	0.309	14.612	1836	2996
111	0.142	43.439	64.116	1.461	43.201	63.902	0.487	0.423	0.529	0.341	36.423	2055	3019
112	0.117	56.973	64.499	1.316	56.727	64.326	0.487	0.339	0.500	0.299	157.510	2686	3039
113	0.126	55.163	64.882	1.316	54.949	64.685	0.423	0.402	0.489	0.329	138.776	2599	3056
114	0.102	56.935	64.877	1.202	56.748	64.685	0.381	0.381	0.426	0.304	139.180	2687	3056
115	0.102	29.926	65.152	1.209	29.782	64.939	0.296	0.444	0.462	0.280	70.252	1413	3068
116	0.122	65.634	65.151	1.311	65.405	64.982	0.466	0.339	0.479	0.325	5.324	3100	3070
117	0.117	19.607	65.296	1.297	19.410	65.066	0.402	0.444	0.487	0.306	127.161	921	3074
118	0.108	90.745	65.368	1.244	90.572	65.151	0.339	0.423	0.424	0.323	92.799	4286	3078
119	0.143	49.733	65.570	1.443	49.551	65.320	0.360	0.529	0.538	0.339	107.623	2344	3086
120	0.130	115.823	66.049	1.359	115.655	65.807	0.339	0.508	0.482	0.343	82.002	5470	3109
121	0.142	56.496	66.518	1.436	56.261	66.294	0.466	0.444	0.545	0.333	138.961	2662	3132
122	0.098	59.304	66.941	1.179	59.097	66.781	0.402	0.318	0.434	0.286	152.718	2796	3155
123	0.111	40.943	67.041	1.251	40.788	66.802	0.296	0.466	0.471	0.301	80.956	1934	3156
124	0.145	115.511	67.094	1.431	115.252	66.908	0.508	0.381	0.503	0.367	166.906	5452	3161
125	0.128	27.526	67.579	1.346	27.326	67.352	0.402	0.444	0.497	0.328	131.283	1296	3182
126	0.107	101.412	67.623	1.226	101.261	67.395	0.318	0.444	0.442	0.309	79.741	4791	3184
127	0.107	53.809	68.039	1.209	53.636	67.839	0.339	0.402	0.432	0.315	121.690	2537	3205
128	0.122	43.179	68.221	1.346	42.968	68.008	0.423	0.423	0.502	0.309	41.237	2045	3213
129	0.117	51.500	68.271	1.309	51.308	68.051	0.381	0.466	0.454	0.329	123.919	2429	3215
130	0.088	58.187	68.561	1.112	57.997	68.411	0.381	0.318	0.390	0.288	154.568	2743	3232
131	0.129	29.218	68.836	1.364	28.977	68.644	0.487	0.381	0.488	0.336	162.038	1376	3243
132	0.116	65.822	69.058	1.281	65.596	68.898	0.466	0.318	0.471	0.315	178.412	3106	3255
133	0.095	43.395	69.119	1.149	43.180	68.982	0.423	0.275	0.432	0.279	170.848	2044	3259
134	0.087	37.368	69.408	1.142	37.232	69.194	0.296	0.423	0.437	0.253	110.114	1762	3269
135	0.110	86.489	69.946	1.269	86.339	69.702	0.296	0.487	0.477	0.294	87.858	4084	3293
136	0.131	55.772	70.580	1.388	55.584	70.337	0.402	0.466	0.508	0.328	125.673	2628	3323
137	0.087	81.710	70.908	1.191	81.555	70.718	0.296	0.423	0.435	0.256	105.279	3854	3341
138	0.120	88.471	71.579	1.286	88.286	71.353	0.360	0.444	0.450	0.340	65.931	4181	3371
139	0.103	104.275	71.552	1.202	104.076	71.374	0.423	0.339	0.431	0.303	158.126	4922	3372
140	0.094	34.661	71.813	1.179	34.438	71.670	0.423	0.296	0.430	0.277	13.258	1637	3386
141	0.116	31.415	71.927	1.286	31.242	71.692	0.339	0.466	0.486	0.304	109.554	1480	3387
142	0.102	18.938	71.906	1.234	18.754	71.713	0.360	0.381	0.458	0.283	49.337	896	3388
143	0.117	29.895	72.774	1.329	29.718	72.517	0.318	0.508	0.505	0.295	101.571	1410	3426
144	0.091	114.199	72.925	1.112	114.025	72.750	0.339	0.360	0.368	0.313	54.420	5395	3437
145	0.170	75.421	72.986	1.575	75.142	72.771	0.550	0.423	0.591	0.367	155.080	3558	3438
146	0.112	55.965	72.972	1.299	55.732	72.792	0.466	0.339	0.501	0.285	155.876	2637	3439
147	0.135	114.631	73.049	1.448	114.406	72.834	0.487	0.402	0.517	0.333	150.021	5407	3441
148	0.112	97.851	73.123	1.281	97.684	72.898	0.339	0.444	0.495	0.289	117.815	4617	3444
149	0.108	113.404	73.140	1.226	113.220	72.940	0.360	0.402	0.445	0.309	123.773	5352	3446
150	0.115	37.917	73.136	1.313	37.677	73.004	0.487	0.275	0.503	0.290	0.864	1785	3449
151	0.118	38.827	73.198	1.311	38.608	73.025	0.444	0.360	0.485	0.309	28.817	1834	3450
152	0.123	42.352	73.563	1.383	42.185	73.321	0.339	0.487	0.502	0.311	75.251	2001	3464
153	0.099	94.831	73.581	1.184	94.615	73.427	0.423	0.318	0.433	0.290	157.823	4474	3469
154	0.105	31.436	73.850	1.221	31.263	73.660	0.360	0.381	0.431	0.310	53.820	1485	3480
155	0.102	21.329	73.907	1.216	21.103	73.766	0.444	0.275	0.461	0.281	8.762	1004	3485
156	0.124	31.724	75.508	1.383	31.560	75.269	0.339	0.487	0.512	0.309	71.342	1499	3556
157	0.121	127.417	75.529	1.299	127.233	75.311	0.360	0.444	0.473	0.324	116.061	6014	3558
158	0.144	68.382	76.590	1.473	68.199	76.306	0.360	0.550	0.547	0.336	108.285	3227	3605
159	0.114	59.368	76.562	1.299	59.118	76.412	0.487	0.318	0.484	0.299	13.537	2802	3610
160	0.115	66.228	76.717	1.281	66.040	76.518	0.381	0.402	0.470	0.312	49.122	3128	3615
161	0.112	69.715	77.400	1.286	69.554	77.174	0.339	0.466	0.460	0.311	100.092	3291	3646
162	0.125	90.713	77.433	1.383	90.551	77.174	0.318	0.508	0.516	0.307	86.825	4284	3646
163	0.122	66.116	77.433	1.323	65.934	77.216	0.360	0.444	0.490	0.318	62.367	3123	3648
164	0.111	47.135	77.485	1.244	46.969	77.258	0.339	0.444	0.470	0.301	116.955	2222	3650
165	0.116	81.975	77.685	1.294	81.809	77.449	0.318	0.466	0.479	0.309	91.430	3870	3659
166	0.101	50.297	78.250	1.209	50.165	78.020	0.275	0.466	0.459	0.281	91.905	2373	3686
167	0.137	41.289	78.413	1.433	41.127	78.147	0.318	0.529	0.552	0.315	79.344	1949	3692
168	0.164	57.385	78.568	1.545	57.108	78.359	0.550	0.402	0.569	0.366	21.453	2713	3702
169	0.134	42.401	78.681	1.341	42.228	78.444	0.360	0.466	0.480	0.355	105.807	1999	3706
170	0.125	108.915	78.628	1.329	108.670	78.465	0.487	0.339	0.474	0.335	12.119	5144	3707
171	0.096	35.831	79.106	1.154	35.666	78.909	0.339	0.381	0.423	0.288	55.787	1693	3728
172	0.102	107.642	79.072	1.196	107.421	78.930	0.444	0.296	0.447	0.291	10.136	5081	3729
173	0.126	56.250	79.221	1.341	56.007	79.058	0.487	0.339	0.497	0.324	6.135	2657	3735
174	0.108	61.795	79.492	1.251	61.616	79.290	0.360	0.402	0.444	0.311	53.063	2920	3746
175	0.121	127.790	79.458	1.269	127.572	79.290	0.444	0.339	0.452	0.341	6.872	6033	3746
176	0.117	82.645	79.926	1.323	82.486	79.692	0.339	0.466	0.469	0.319	80.227	3902	3765
177	0.134	66.743	79.942	1.383	66.548	79.714	0.381	0.466	0.501	0.342	64.119	3152	3766
178	0.114	59.128	80.036	1.291	58.928	79.798	0.381	0.444	0.471	0.309	55.844	2796	3770
179	0.108	50.022	80.208	1.244	49.848	79.989	0.339	0.444	0.448	0.306	106.372	2360	3779
180	0.123	34.469	80.355	1.286	34.290	80.137	0.360	0.444	0.471	0.332	116.930	1623	3786
181	0.128	111.640	80.898	1.351	111.421	80.687	0.444	0.423	0.490	0.333	136.414	5269	3812
182	0.105	74.342	81.011	1.214	74.168	80.814	0.360	0.402	0.442	0.304	54.781	3512	3818
183	0.128	42.999	81.331	1.353	42.841	81.090	0.339	0.487	0.494	0.330	94.237	2028	3831
184	0.116	57.879	81.605	1.304	57.658	81.407	0.444	0.381	0.496	0.299	143.611	2728	3846
185	0.103	57.337	81.839	1.196	57.129	81.682	0.423	0.318	0.437	0.299	158.902	2702	3859
186	0.096	46.772	82.037	1.159	46.588	81.873	0.402	0.339	0.425	0.287	35.654	2208	3868
187	0.128	30.107	82.079	1.334	29.866	81.894	0.466	0.381	0.485	0.336	28.045	1422	3869
188	0.113	51.538	82.235	1.258	51.372	82.021	0.318	0.423	0.444	0.325	94.424	2432	3875
189	0.071	90.890	82.672	1.017	90.763	82.486	0.233	0.381	0.378	0.240	98.519	4293	3897
190	0.115	48.294	83.039	1.264	48.133	82.804	0.318	0.444	0.460	0.317	76.350	2281	3912
191	0.120	22.333	83.019	1.286	22.098	82.846	0.466	0.339	0.465	0.328	6.699	1054	3914
192	0.106	51.725	83.250	1.244	51.562	83.016	0.318	0.444	0.432	0.311	87.845	2442	3922
193	0.092	87.035	83.452	1.154	86.868	83.270	0.339	0.381	0.393	0.299	60.142	4111	3934
194	0.140	95.819	83.797	1.443	95.546	83.608	0.529	0.360	0.536	0.333	165.145	4523	3950
195	0.103	35.906	83.808	1.221	35.666	83.672	0.466	0.275	0.470	0.279	7.814	1693	3953
196	0.122	67.044	84.473	1.311	66.887	84.222	0.318	0.487	0.500	0.310	106.094	3164	3979
197	0.095	24.799	84.893	1.161	24.659	84.688	0.275	0.423	0.431	0.279	96.523	1168	4001
198	0.124	52.203	85.001	1.323	52.028	84.773	0.339	0.466	0.469	0.336	80.278	2465	4005
199	0.132	59.010	85.032	1.366	58.759	84.878	0.508	0.318	0.517	0.326	6.536	2782	4010
200	0.135	116.300	85.144	1.401	116.036	84.984	0.529	0.339	0.526	0.327	12.730	5491	4015
201	0.110	77.068	85.401	1.256	76.835	85.259	0.487	0.296	0.476	0.294	4.142	3637	4028
202	0.102	24.326	85.665	1.256	24.109	85.513	0.466	0.318	0.446	0.292	167.302	1142	4040
203	0.092	120.271	86.931	1.239	120.121	86.699	0.275	0.487	0.491	0.239	104.946	5679	4096
204	0.102	52.156	87.593	1.202	51.964	87.418	0.402	0.360	0.447	0.290	143.723	2457	4130
205	0.141	109.298	87.653	1.448	109.072	87.418	0.444	0.466	0.554	0.323	46.074	5166	4130
206	0.122	110.666	87.956	1.316	110.426	87.778	0.466	0.360	0.477	0.326	18.977	5229	4147
207	0.119	119.982	88.126	1.311	119.782	87.926	0.402	0.402	0.492	0.308	134.712	5659	4154
208	0.136	34.939	88.230	1.396	34.756	87.990	0.360	0.487	0.491	0.352	81.676	1649	4157
209	0.108	46.273	88.273	1.256	46.059	88.096	0.444	0.339	0.454	0.303	153.223	2180	4162
210	0.129	89.442	88.889	1.466	89.133	88.710	0.550	0.360	0.517	0.318	156.991	4220	4191
211	0.136	18.230	89.581	1.376	17.992	89.387	0.466	0.402	0.509	0.341	146.250	854	4223
212	0.107	19.354	89.651	1.251	19.198	89.429	0.318	0.444	0.454	0.299	96.235	912	4225
213	0.123	111.807	90.006	1.329	111.612	89.789	0.402	0.423	0.480	0.325	53.097	5283	4242
214	0.074	64.872	90.614	1.149	64.664	90.488	0.423	0.233	0.454	0.209	170.519	3056	4275
215	0.141	93.457	91.038	1.413	93.197	90.868	0.529	0.339	0.520	0.345	1.563	4411	4293
216	0.112	40.182	91.212	1.286	40.026	90.974	0.318	0.466	0.471	0.301	96.297	1896	4298
217	0.125	47.893	91.318	1.334	47.688	91.101	0.423	0.423	0.483	0.328	131.229	2257	4304
218	0.089	86.440	91.337	1.119	86.296	91.144	0.296	0.381	0.414	0.273	64.474	4084	4306
219	0.127	111.715	91.413	1.346	111.527	91.186	0.381	0.466	0.467	0.346	68.884	5277	4308
220	0.128	57.046	91.494	1.431	56.832	91.250	0.423	0.466	0.536	0.304	49.776	2700	4311
221	0.155	77.185	91.483	1.521	76.920	91.271	0.529	0.423	0.544	0.363	28.152	3648	4312
222	0.049	43.510	92.159	0.828	43.370	92.012	0.275	0.275	0.287	0.218	45.527	2056	4347
223	0.116	112.964	92.593	1.281	112.797	92.371	0.339	0.444	0.458	0.324	86.138	5334	4364
224	0.084	73.591	93.501	1.114	73.470	93.303	0.254	0.402	0.418	0.257	87.533	3474	4408
225	0.128	99.713	93.586	1.361	99.483	93.430	0.466	0.339	0.490	0.332	170.777	4702	4414
226	0.099	66.138	94.176	1.172	65.955	93.980	0.360	0.381	0.420	0.299	131.689	3122	4440
227	0.129	105.954	94.353	1.376	105.749	94.128	0.423	0.444	0.481	0.340	51.735	5006	4447
228	0.100	105.519	94.408	1.244	105.346	94.192	0.339	0.423	0.427	0.299	54.688	4989	4450
229	0.139	107.446	94.646	1.424	107.230	94.403	0.423	0.487	0.531	0.334	51.396	5079	4460
230	0.112	80.888	94.883	1.239	80.687	94.700	0.402	0.360	0.447	0.318	145.565	3815	4474
231	0.101	21.389	95.172	1.221	21.167	95.017	0.444	0.296	0.461	0.280	166.746	1005	4489
232	0.118	79.092	95.456	1.286	78.930	95.208	0.318	0.487	0.482	0.312	77.083	3737	4498
233	0.116	15.338	95.622	1.286	15.155	95.440	0.402	0.402	0.398	0.371	173.697	720	4509
234	0.121	48.741	95.768	1.304	48.556	95.546	0.381	0.444	0.484	0.318	54.696	2304	4514
235	0.099	17.197	95.803	1.196	16.997	95.631	0.402	0.339	0.454	0.276	30.172	815	4518
236	0.112	20.268	95.813	1.274	20.066	95.631	0.423	0.360	0.449	0.317	144.238	951	4518
237	0.089	18.226	96.053	1.137	18.013	95.927	0.423	0.275	0.423	0.268	0.669	857	4532
238	0.086	63.843	96.420	1.082	63.669	96.266	0.360	0.318	0.392	0.281	38.252	3014	4548
239	0.120	23.558	96.538	1.334	23.368	96.308	0.381	0.466	0.509	0.300	56.299	1115	4550
240	0.121	56.938	96.603	1.323	56.769	96.351	0.318	0.487	0.476	0.324	90.215	2689	4552
241	0.121	36.695	96.650	1.346	36.512	96.414	0.360	0.466	0.477	0.324	76.170	1733	4555
242	0.094	21.898	97.008	1.172	21.717	96.816	0.381	0.360	0.432	0.277	139.291	1029	4574
243	0.124	21.474	97.190	1.346	21.230	97.007	0.487	0.360	0.483	0.327	18.502	1017	4583
244	0.073	42.595	97.468	1.034	42.460	97.282	0.254	0.381	0.388	0.241	91.180	2010	4596
245	0.118	48.711	97.662	1.299	48.535	97.430	0.339	0.466	0.463	0.326	72.649	2301	4603
246	0.079	83.204	97.623	1.069	83.016	97.472	0.381	0.296	0.387	0.261	22.637	3931	4605
247	0.110	93.368	97.876	1.244	93.197	97.663	0.339	0.444	0.446	0.313	100.846	4407	4614
248	0.100	107.701	98.045	1.189	107.527	97.854	0.360	0.402	0.441	0.290	50.869	5088	4623
249	0.125	51.297	98.495	1.323	51.139	98.256	0.318	0.487	0.498	0.320	80.172	2423	4642
250	0.100	62.821	98.664	1.196	62.674	98.446	0.296	0.444	0.456	0.280	69.335	2969	4651
251	0.051	78.746	98.654	0.865	78.592	98.531	0.296	0.254	0.291	0.223	32.621	3721	4655
252	0.142	59.273	98.879	1.448	59.076	98.637	0.402	0.508	0.494	0.365	69.777	2802	4660
253	0.125	63.492	98.873	1.359	63.310	98.637	0.381	0.466	0.510	0.313	57.730	3002	4660
254	0.104	87.553	98.881	1.219	87.376	98.658	0.360	0.423	0.443	0.299	120.217	4132	4661
255	0.121	21.192	100.946	1.329	21.018	100.711	0.360	0.466	0.474	0.324	108.796	998	4758
256	0.089	61.840	101.921	1.159	61.659	101.748	0.381	0.360	0.445	0.254	41.754	2922	4807
257	0.106	65.674	102.435	1.221	65.532	102.214	0.296	0.444	0.451	0.299	88.029	3100	4829
258	0.142	38.810	102.774	1.418	38.587	102.552	0.444	0.444	0.522	0.347	45.019	1834	4845
259	0.092	24.557	103.938	1.147	24.384	103.738	0.360	0.381	0.399	0.295	130.805	1157	4901
260	0.111	116.873	104.200	1.269	116.628	104.034	0.466	0.318	0.470	0.301	12.706	5523	4915
261	0.133	60.244	104.402	1.396	60.071	104.161	0.360	0.487	0.528	0.320	64.204	2846	4921
262	0.129	35.277	104.406	1.383	35.094	104.182	0.360	0.466	0.488	0.338	113.200	1659	4922
263	0.129	89.882	105.003	1.359	89.641	104.817	0.487	0.360	0.487	0.336	14.226	4248	4952
264	0.123	104.838	105.273	1.341	104.669	105.029	0.339	0.487	0.494	0.317	97.812	4950	4962
265	0.136	109.395	105.447	1.388	109.157	105.241	0.466	0.402	0.515	0.337	33.838	5170	4972
266	0.108	59.991	105.549	1.244	59.817	105.346	0.360	0.423	0.447	0.309	58.137	2834	4977
267	0.123	108.781	105.928	1.341	108.585	105.685	0.360	0.466	0.492	0.319	61.339	5141	4993
268	0.133	62.426	106.107	1.371	62.230	105.876	0.381	0.466	0.500	0.339	63.148	2948	5002
269	0.086	64.119	106.535	1.102	63.987	106.341	0.275	0.381	0.406	0.271	72.845	3028	5024
270	0.109	53.279	107.344	1.269	53.107	107.103	0.318	0.466	0.460	0.301	73.924	2520	5060
271	0.056	98.026	107.572	0.992	97.896	107.421	0.275	0.318	0.331	0.217	45.094	4633	5075
272	0.132	105.019	107.818	1.376	104.838	107.569	0.381	0.487	0.504	0.333	65.745	4962	5082
273	0.104	51.594	108.178	1.264	51.414	107.950	0.339	0.423	0.459	0.290	58.245	2441	5100
274	0.096	61.447	108.468	1.172	61.278	108.268	0.339	0.402	0.450	0.273	126.096	2897	5115
275	0.102	25.363	108.848	1.209	25.210	108.627	0.296	0.444	0.448	0.289	79.565	1197	5132
276	0.115	57.241	109.099	1.281	57.086	108.860	0.318	0.466	0.482	0.304	76.182	2703	5143
277	0.126	56.314	109.138	1.353	56.155	108.881	0.318	0.508	0.499	0.322	85.033	2659	5144
278	0.119	42.868	109.236	1.438	42.651	109.030	0.444	0.381	0.460	0.330	21.450	2033	5151
279	0.125	54.467	109.538	1.376	54.293	109.284	0.360	0.487	0.495	0.322	69.486	2574	5163
280	0.099	70.765	109.509	1.154	70.591	109.326	0.360	0.360	0.417	0.301	137.925	3337	5165
281	0.101	60.080	109.529	1.214	59.859	109.368	0.444	0.318	0.448	0.287	162.645	2835	5167
282	0.114	83.948	109.938	1.299	83.693	109.770	0.487	0.318	0.499	0.290	19.484	3967	5186
283	0.047	7.860	110.655	0.848	7.747	110.511	0.212	0.296	0.298	0.199	99.441	369	5221
284	0.090	95.971	110.671	1.124	95.758	110.532	0.423	0.275	0.424	0.270	8.287	4532	5222
285	0.083	54.550	110.995	1.119	54.420	110.786	0.254	0.423	0.420	0.253	97.440	2575	5234
286	0.144	20.134	111.300	1.483	19.939	111.040	0.402	0.508	0.544	0.338	61.495	953	5246
287	0.129	86.013	111.898	1.371	85.810	111.696	0.402	0.444	0.498	0.331	127.104	4055	5277
288	0.158	64.945	112.293	1.508	64.706	112.056	0.487	0.466	0.574	0.351	136.255	3060	5294
289	0.123	53.092	112.553	1.329	52.896	112.332	0.381	0.444	0.476	0.330	59.578	2509	5307
290	0.087	44.120	112.734	1.124	43.984	112.522	0.275	0.423	0.421	0.263	103.927	2082	5316
291	0.131	100.641	112.902	1.388	100.478	112.649	0.339	0.508	0.509	0.327	97.339	4752	5322
292	0.108	76.021	112.965	1.256	75.861	112.734	0.339	0.444	0.459	0.301	110.521	3588	5326
293	0.122	82.875	113.481	1.323	82.677	113.284	0.402	0.402	0.479	0.324	47.811	3915	5352
294	0.132	51.478	113.488	1.371	51.244	113.305	0.487	0.360	0.518	0.324	23.481	2433	5353
295	0.103	54.836	113.695	1.226	54.674	113.496	0.339	0.423	0.464	0.282	58.580	2591	5362
296	0.212	65.588	113.812	1.840	65.363	113.517	0.466	0.593	0.619	0.436	97.972	3092	5363
297	0.100	64.052	113.851	1.154	63.881	113.665	0.360	0.360	0.424	0.300	135.297	3020	5370
298	0.116	26.920	114.392	1.304	26.712	114.173	0.402	0.423	0.491	0.299	43.139	1275	5394
299	0.098	88.130	114.630	1.204	87.905	114.490	0.444	0.275	0.457	0.274	178.626	4159	5409
300	0.115	24.418	115.487	1.286	24.172	115.337	0.487	0.318	0.473	0.309	9.789	1151	5449
301	0.122	87.659	116.277	1.341	87.461	116.036	0.360	0.466	0.475	0.327	67.946	4144	5482
302	0.112	75.388	116.597	1.256	75.163	116.417	0.444	0.339	0.460	0.310	19.402	3564	5500
303	0.116	40.302	117.567	1.311	40.068	117.390	0.466	0.339	0.486	0.304	22.823	1907	5546
304	0.127	79.681	117.986	1.348	79.523	117.729	0.318	0.487	0.496	0.327	96.123	3763	5562
305	0.112	29.422	118.000	1.264	29.252	117.792	0.339	0.423	0.450	0.318	78.883	1387	5565
306	0.136	74.232	119.439	1.406	73.978	119.232	0.487	0.402	0.534	0.323	36.380	3508	5633
307	0.122	30.899	119.631	1.329	30.670	119.465	0.487	0.339	0.513	0.302	24.726	1459	5644
308	0.118	24.359	119.910	1.329	24.194	119.676	0.318	0.508	0.485	0.311	90.236	1148	5654
309	0.111	73.409	121.290	1.281	73.173	121.137	0.466	0.318	0.481	0.293	14.380	3466	5723
310	0.125	78.346	121.627	1.371	78.126	121.391	0.423	0.423	0.481	0.332	49.399	3704	5735
311	0.119	17.324	121.964	1.323	17.103	121.772	0.423	0.381	0.490	0.310	40.491	819	5753
312	0.112	48.794	121.992	1.244	48.599	121.793	0.402	0.381	0.459	0.312	139.235	2299	5754
313	0.148	73.981	122.208	1.483	73.745	121.962	0.466	0.487	0.567	0.332	49.130	3498	5762
314	0.134	85.229	122.491	1.383	85.069	122.238	0.339	0.508	0.514	0.332	93.178	4023	5775
315	0.119	118.384	122.628	1.304	118.174	122.428	0.423	0.402	0.458	0.331	46.382	5593	5784
316	0.128	109.848	123.517	1.378	109.686	123.254	0.318	0.508	0.510	0.320	94.054	5189	5823
317	0.100	83.172	123.643	1.167	82.994	123.465	0.360	0.360	0.427	0.298	47.279	3928	5833
318	0.106	48.552	124.433	1.232	48.345	124.248	0.402	0.381	0.450	0.300	140.100	2288	5870
319	0.140	123.362	125.406	1.431	123.190	125.137	0.360	0.529	0.528	0.338	81.425	5827	5912
320	0.105	53.624	126.253	1.256	53.446	126.048	0.381	0.402	0.467	0.287	50.586	2535	5955
321	0.133	113.759	126.970	1.371	113.580	126.725	0.360	0.487	0.499	0.339	109.256	5369	5987
322	0.119	120.876	127.920	1.299	120.692	127.698	0.360	0.444	0.465	0.325	66.461	5710	6033
323	0.123	48.242	128.121	1.346	48.006	127.952	0.487	0.339	0.484	0.324	169.101	2274	6045
324	0.100	54.201	128.458	1.202	53.996	128.291	0.423	0.339	0.452	0.281	152.147	2553	6061
325	0.041	94.996	128.747	0.768	94.869	128.630	0.254	0.254	0.253	0.205	49.705	4488	6077
326	0.114	42.474	129.292	1.251	42.249	129.138	0.444	0.318	0.452	0.322	174.598	2001	6101
327	0.108	51.217	129.776	1.251	51.075	129.540	0.296	0.466	0.461	0.299	95.272	2416	6120
328	0.138	43.848	132.236	1.388	43.646	131.995	0.402	0.466	0.489	0.359	118.172	2068	6236
329	0.113	81.669	132.348	1.299	81.513	132.101	0.318	0.487	0.484	0.297	74.707	3858	6241
330	0.099	65.785	133.729	1.191	65.638	133.519	0.296	0.423	0.440	0.288	79.344	3105	6308
331	0.125	96.038	134.514	1.359	95.864	134.260	0.360	0.487	0.509	0.314	118.009	4532	6343
332	0.071	15.959	136.606	1.034	15.833	136.440	0.275	0.360	0.374	0.242	64.128	753	6446
