 	Area	X	Y	Perim.	BX	BY	Width	Height	Major	Minor	Angle	XStart	YStart
1	0.101	67.322	13.267	1.239	67.183	13.039	0.275	0.487	0.469	0.274	94.332	3178	616
2	0.085	52.880	14.406	1.112	52.726	14.203	0.296	0.402	0.387	0.279	80.643	2499	671
3	0.116	33.246	14.882	1.299	33.084	14.647	0.339	0.466	0.470	0.314	87.059	1568	692
4	0.103	31.835	14.921	1.196	31.665	14.711	0.318	0.423	0.431	0.304	79.531	1503	695
5	0.116	23.109	15.028	1.311	22.945	14.774	0.318	0.487	0.475	0.312	94.205	1089	698
6	0.095	26.579	15.092	1.142	26.437	14.880	0.296	0.423	0.410	0.293	80.850	1254	703
7	0.121	21.687	15.631	1.311	21.526	15.388	0.318	0.487	0.489	0.316	103.068	1022	727
8	0.109	45.040	15.807	1.239	44.894	15.579	0.296	0.466	0.462	0.301	83.523	2126	736
9	0.112	69.070	16.444	1.288	68.919	16.214	0.296	0.466	0.480	0.297	87.058	3261	766
10	0.129	43.435	16.768	1.371	43.265	16.510	0.339	0.508	0.511	0.322	73.816	2052	780
11	0.103	17.217	16.924	1.202	17.039	16.722	0.360	0.402	0.397	0.331	114.960	812	790
12	0.114	47.709	18.377	1.279	47.477	18.182	0.444	0.381	0.480	0.302	34.453	2257	859
13	0.126	107.412	21.966	1.353	107.167	21.802	0.508	0.318	0.519	0.310	167.924	5067	1030
14	0.119	31.622	22.239	1.281	31.454	22.013	0.339	0.444	0.460	0.329	77.556	1493	1040
15	0.084	57.272	22.341	1.216	57.044	22.225	0.487	0.233	0.491	0.218	167.954	2695	1050
16	0.074	37.885	22.963	1.010	37.698	22.818	0.360	0.275	0.359	0.264	16.438	1789	1078
17	0.144	31.248	23.151	1.586	31.030	22.902	0.444	0.508	0.544	0.338	54.575	1480	1082
18	0.109	29.650	23.446	1.256	29.464	23.220	0.360	0.423	0.455	0.306	55.628	1402	1097
19	0.100	34.890	27.060	1.179	34.734	26.861	0.318	0.402	0.405	0.314	83.858	1646	1269
20	0.129	39.700	27.433	1.473	39.434	27.263	0.508	0.381	0.487	0.336	4.712	1874	1288
21	0.132	34.939	28.023	1.388	34.692	27.834	0.508	0.360	0.512	0.329	161.749	1647	1315
22	0.106	67.852	28.245	1.256	67.691	28.004	0.318	0.466	0.478	0.282	65.634	3208	1323
23	0.108	85.620	28.546	1.261	85.386	28.363	0.444	0.360	0.468	0.295	32.321	4046	1340
24	0.111	80.393	28.744	1.256	80.179	28.575	0.444	0.339	0.468	0.301	27.972	3797	1350
25	0.116	73.399	28.904	1.323	73.237	28.660	0.318	0.487	0.509	0.290	69.027	3470	1354
26	0.108	52.661	28.946	1.234	52.514	28.723	0.296	0.444	0.457	0.300	76.771	2487	1357
27	0.120	62.059	29.525	1.316	61.807	29.358	0.487	0.339	0.491	0.310	168.574	2928	1387
28	0.099	56.633	29.730	1.209	56.430	29.570	0.402	0.339	0.445	0.285	151.449	2667	1397
29	0.134	18.045	29.757	1.396	17.780	29.591	0.508	0.339	0.525	0.326	169.338	846	1398
30	0.129	22.716	30.365	1.346	22.521	30.141	0.402	0.444	0.490	0.335	126.494	1068	1424
31	0.135	46.972	30.534	1.418	46.778	30.290	0.381	0.508	0.532	0.324	116.945	2213	1431
32	0.120	101.474	30.593	1.329	101.261	30.395	0.423	0.402	0.482	0.317	136.573	4786	1436
33	0.115	59.938	30.660	1.334	59.775	30.416	0.339	0.508	0.493	0.298	66.943	2834	1437
34	0.104	67.365	30.655	1.239	67.204	30.438	0.318	0.444	0.463	0.287	72.219	3182	1438
35	0.110	48.405	31.146	1.276	48.260	30.925	0.296	0.466	0.466	0.301	94.641	2284	1461
36	0.129	102.162	31.599	1.396	101.896	31.454	0.550	0.296	0.543	0.302	7.692	4822	1486
37	0.113	54.929	31.701	1.269	54.716	31.517	0.444	0.339	0.448	0.322	162.007	2592	1489
38	0.129	23.560	32.879	1.383	23.389	32.639	0.339	0.487	0.496	0.331	87.554	1111	1542
39	0.091	97.532	33.964	1.112	97.388	33.761	0.296	0.402	0.396	0.294	90.550	4606	1595
40	0.118	66.791	35.174	1.299	66.569	34.988	0.423	0.381	0.470	0.321	147.385	3150	1653
41	0.134	11.176	35.695	1.418	10.943	35.475	0.487	0.402	0.516	0.331	152.099	524	1676
42	0.125	95.450	36.040	1.348	95.208	35.878	0.487	0.318	0.521	0.305	17.932	4508	1695
43	0.114	19.934	36.338	1.299	19.706	36.153	0.423	0.381	0.471	0.309	144.446	936	1708
44	0.107	115.965	36.404	1.249	115.739	36.237	0.466	0.339	0.443	0.307	178.754	5477	1712
45	0.129	58.846	36.609	1.443	58.674	36.343	0.318	0.550	0.521	0.314	85.721	2781	1717
46	0.113	28.739	36.707	1.291	28.512	36.534	0.466	0.339	0.445	0.325	178.949	1355	1726
47	0.104	16.010	36.732	1.202	15.790	36.555	0.423	0.339	0.436	0.305	25.952	758	1727
48	0.056	91.805	36.879	0.902	91.694	36.724	0.212	0.318	0.328	0.216	87.406	4335	1735
49	0.142	98.197	37.319	1.448	97.980	37.084	0.444	0.466	0.548	0.330	47.273	4641	1752
50	0.099	70.929	37.327	1.202	70.760	37.126	0.339	0.402	0.432	0.292	58.544	3351	1754
51	0.093	10.483	37.334	1.154	10.287	37.169	0.402	0.318	0.399	0.296	16.656	496	1756
52	0.102	46.773	37.764	1.214	46.609	37.550	0.339	0.423	0.448	0.290	120.753	2204	1774
53	0.093	80.521	37.760	1.159	80.349	37.571	0.339	0.402	0.438	0.270	125.252	3799	1775
54	0.047	27.833	38.773	0.842	27.686	38.672	0.296	0.212	0.295	0.203	170.010	1309	1827
55	0.129	61.690	38.975	1.448	61.468	38.798	0.466	0.381	0.485	0.340	19.884	2916	1833
56	0.123	67.604	39.293	1.334	67.416	39.074	0.402	0.444	0.499	0.314	52.977	3196	1846
57	0.078	72.003	39.243	1.017	71.861	39.074	0.275	0.339	0.364	0.271	113.404	3397	1846
58	0.111	90.859	39.396	1.281	90.699	39.180	0.318	0.466	0.461	0.307	90.119	4290	1851
59	0.101	86.014	39.473	1.214	85.852	39.264	0.318	0.444	0.445	0.290	75.072	4062	1855
60	0.108	79.762	39.605	1.304	79.544	39.434	0.466	0.360	0.494	0.277	33.885	3770	1863
61	0.119	13.648	39.654	1.294	13.420	39.497	0.466	0.318	0.468	0.324	6.219	641	1866
62	0.137	67.806	39.685	1.413	67.543	39.518	0.529	0.339	0.521	0.335	178.257	3199	1867
63	0.122	23.642	39.895	1.311	23.432	39.709	0.423	0.381	0.473	0.328	146.479	1110	1876
64	0.125	30.496	40.873	1.371	30.247	40.704	0.508	0.339	0.519	0.306	164.685	1434	1923
65	0.118	118.791	41.311	1.329	118.597	41.084	0.381	0.444	0.508	0.296	56.671	5613	1941
66	0.133	102.520	41.407	1.443	102.362	41.169	0.339	0.508	0.500	0.338	89.580	4840	1945
67	0.107	68.397	42.640	1.226	68.241	42.397	0.296	0.466	0.454	0.300	85.918	3231	2003
68	0.111	11.144	42.734	1.239	10.922	42.566	0.444	0.318	0.455	0.310	12.642	528	2011
69	0.111	18.953	42.819	1.269	18.775	42.608	0.360	0.423	0.455	0.311	61.120	894	2013
70	0.114	30.207	43.313	1.323	30.057	43.053	0.296	0.508	0.504	0.288	78.246	1429	2034
71	0.128	110.327	43.469	1.353	110.151	43.222	0.339	0.487	0.482	0.338	82.157	5212	2042
72	0.102	22.074	43.471	1.184	21.886	43.286	0.381	0.360	0.447	0.290	140.647	1037	2045
73	0.116	39.348	44.151	1.311	39.158	43.921	0.360	0.444	0.484	0.306	62.919	1859	2075
74	0.118	58.409	44.412	1.286	58.187	44.238	0.444	0.360	0.483	0.311	151.820	2751	2090
75	0.105	69.115	44.465	1.196	68.898	44.302	0.423	0.318	0.438	0.305	20.242	3264	2093
76	0.119	14.415	44.978	1.359	14.266	44.704	0.318	0.529	0.503	0.301	89.464	679	2112
77	0.136	74.257	45.214	1.448	73.999	45.043	0.550	0.360	0.546	0.318	23.665	3507	2128
78	0.118	67.298	45.650	1.329	67.056	45.466	0.466	0.360	0.500	0.301	29.087	3181	2148
79	0.124	64.581	45.732	1.336	64.410	45.508	0.339	0.466	0.468	0.338	84.623	3048	2150
80	0.138	11.807	45.818	1.438	11.557	45.614	0.487	0.381	0.536	0.327	26.864	565	2155
81	0.105	107.027	45.875	1.214	106.828	45.678	0.381	0.381	0.455	0.293	44.040	5058	2158
82	0.099	50.311	46.025	1.191	50.102	45.868	0.402	0.318	0.436	0.288	25.826	2377	2167
83	0.108	63.955	46.055	1.256	63.754	45.868	0.402	0.381	0.465	0.297	40.316	3022	2167
84	0.094	68.567	46.076	1.154	68.390	45.889	0.360	0.360	0.392	0.306	137.251	3233	2168
85	0.113	84.375	46.063	1.281	84.138	45.910	0.466	0.318	0.470	0.306	166.746	3981	2169
86	0.093	70.894	46.597	1.137	70.739	46.397	0.296	0.402	0.401	0.296	87.385	3347	2192
87	0.100	91.699	46.916	1.219	91.504	46.715	0.381	0.402	0.462	0.277	134.575	4327	2207
88	0.114	56.624	47.190	1.299	56.367	47.032	0.487	0.318	0.474	0.307	174.607	2671	2222
89	0.119	56.096	47.779	1.316	55.922	47.540	0.339	0.487	0.476	0.318	90.001	2648	2246
90	0.097	69.247	47.811	1.172	69.046	47.646	0.423	0.318	0.425	0.291	167.792	3269	2251
91	0.098	100.367	47.823	1.167	100.140	47.688	0.444	0.275	0.448	0.279	177.503	4737	2253
92	0.121	86.797	47.996	1.341	86.635	47.752	0.318	0.508	0.506	0.304	104.809	4098	2256
93	0.117	67.637	49.084	1.294	67.416	48.916	0.444	0.339	0.469	0.319	157.077	3190	2311
94	0.120	87.152	49.191	1.336	86.910	49.043	0.487	0.318	0.495	0.308	5.710	4112	2317
95	0.114	72.890	49.372	1.286	72.729	49.128	0.318	0.487	0.469	0.309	85.383	3442	2321
96	0.105	66.050	49.487	1.191	65.892	49.276	0.318	0.402	0.423	0.317	106.483	3117	2328
97	0.104	35.967	50.000	1.221	35.750	49.848	0.444	0.296	0.459	0.289	163.939	1693	2355
98	0.112	81.967	50.599	1.269	81.809	50.377	0.339	0.444	0.476	0.298	113.948	3866	2380
99	0.131	40.300	50.952	1.388	40.132	50.694	0.339	0.529	0.527	0.317	104.946	1901	2395
100	0.120	28.032	51.511	1.341	27.855	51.266	0.339	0.487	0.492	0.310	108.182	1322	2422
101	0.119	51.987	51.587	1.299	51.752	51.435	0.487	0.318	0.476	0.319	179.033	2450	2430
102	0.103	52.187	52.222	1.202	51.985	52.049	0.402	0.360	0.433	0.301	35.257	2465	2459
103	0.115	13.648	52.779	1.274	13.483	52.536	0.339	0.466	0.475	0.307	68.517	645	2482
104	0.120	20.454	52.858	1.299	20.235	52.663	0.423	0.381	0.479	0.319	37.517	967	2488
105	0.089	76.770	53.069	1.214	76.581	52.896	0.381	0.360	0.437	0.259	144.141	3622	2499
106	0.111	114.993	53.262	1.286	114.787	53.065	0.423	0.381	0.480	0.295	141.093	5424	2507
107	0.124	23.158	53.358	1.353	22.987	53.107	0.339	0.487	0.485	0.325	83.476	1096	2509
108	0.057	6.827	53.451	0.927	6.731	53.276	0.212	0.339	0.335	0.216	86.711	319	2517
109	0.101	44.181	53.472	1.209	43.963	53.319	0.444	0.296	0.449	0.287	168.791	2084	2519
110	0.131	40.711	53.538	1.371	40.450	53.382	0.529	0.318	0.521	0.320	2.137	1918	2522
111	0.099	91.890	54.030	1.137	91.694	53.869	0.381	0.318	0.393	0.319	166.884	4338	2545
112	0.111	78.428	54.384	1.269	78.253	54.144	0.339	0.444	0.469	0.300	61.118	3707	2558
113	0.102	35.859	54.475	1.246	35.708	54.250	0.296	0.444	0.475	0.274	110.492	1689	2563
114	0.091	50.513	54.444	1.167	50.292	54.314	0.444	0.275	0.453	0.257	170.324	2381	2566
115	0.067	112.377	54.764	0.955	112.226	54.610	0.296	0.318	0.344	0.247	123.690	5305	2580
116	0.090	78.698	54.927	1.094	78.528	54.758	0.339	0.339	0.401	0.285	134.613	3712	2587
117	0.119	21.617	55.710	1.359	21.463	55.457	0.318	0.529	0.525	0.289	104.602	1018	2620
118	0.124	37.102	55.995	1.351	36.894	55.774	0.423	0.444	0.502	0.314	47.965	1755	2635
119	0.106	63.201	56.194	1.239	62.971	56.028	0.444	0.318	0.458	0.295	17.004	2987	2647
120	0.105	86.094	56.461	1.232	85.852	56.303	0.466	0.318	0.474	0.283	157.529	4060	2660
121	0.128	81.185	56.682	1.371	81.026	56.409	0.318	0.529	0.511	0.319	93.425	3833	2665
122	0.117	101.972	56.787	1.306	101.748	56.621	0.444	0.339	0.484	0.308	23.671	4818	2675
123	0.135	117.239	57.173	1.418	116.988	56.981	0.487	0.381	0.525	0.327	28.662	5539	2692
124	0.138	55.459	57.656	1.436	55.203	57.446	0.487	0.423	0.532	0.330	143.888	2615	2714
125	0.066	44.772	57.737	0.997	44.619	57.573	0.318	0.318	0.352	0.240	123.869	2111	2720
126	0.079	51.186	57.808	1.040	51.012	57.637	0.339	0.318	0.377	0.268	37.414	2420	2723
127	0.097	55.202	58.022	1.184	55.012	57.848	0.402	0.339	0.432	0.285	142.114	2601	2733
128	0.118	21.270	58.196	1.341	21.103	57.933	0.318	0.508	0.498	0.302	82.853	1003	2737
129	0.122	24.416	58.214	1.311	24.215	58.018	0.402	0.402	0.458	0.340	41.522	1153	2741
130	0.092	86.626	58.934	1.172	86.445	58.759	0.360	0.381	0.430	0.272	48.551	4094	2776
131	0.124	23.041	59.630	1.316	22.818	59.457	0.487	0.339	0.474	0.333	167.990	1083	2809
132	0.113	20.920	59.664	1.251	20.701	59.500	0.444	0.318	0.445	0.324	1.865	984	2811
133	0.117	56.947	59.746	1.264	56.727	59.584	0.444	0.318	0.470	0.318	164.605	2684	2815
134	0.116	43.599	60.002	1.311	43.434	59.775	0.318	0.487	0.495	0.297	103.067	2055	2824
135	0.109	55.692	59.937	1.244	55.457	59.775	0.444	0.339	0.447	0.310	162.872	2626	2824
136	0.108	103.904	59.945	1.226	103.674	59.796	0.466	0.296	0.461	0.297	9.469	4906	2825
137	0.121	17.612	60.154	1.323	17.378	59.986	0.466	0.339	0.489	0.316	24.261	830	2834
138	0.110	91.140	60.593	1.256	90.932	60.410	0.423	0.360	0.477	0.293	32.833	4307	2854
139	0.107	36.191	60.659	1.269	36.004	60.452	0.381	0.402	0.454	0.300	54.743	1711	2856
140	0.098	35.516	60.968	1.221	35.370	60.727	0.275	0.466	0.453	0.275	82.562	1679	2869
141	0.116	88.265	61.148	1.334	88.053	60.939	0.423	0.423	0.523	0.281	135.256	4163	2879
142	0.134	42.140	61.389	1.388	41.889	61.214	0.508	0.360	0.505	0.338	165.657	1984	2892
143	0.109	91.910	61.635	1.226	91.736	61.426	0.339	0.423	0.410	0.338	89.205	4341	2902
144	0.106	36.559	61.868	1.204	36.407	61.659	0.296	0.423	0.438	0.309	95.515	1724	2913
145	0.103	77.530	61.858	1.196	77.343	61.680	0.381	0.360	0.435	0.303	40.599	3662	2914
146	0.118	64.947	62.460	1.294	64.791	62.230	0.318	0.466	0.471	0.318	85.955	3066	2940
147	0.121	27.737	62.420	1.346	27.496	62.251	0.487	0.339	0.485	0.318	175.459	1306	2941
148	0.116	82.719	62.831	1.281	82.486	62.674	0.466	0.318	0.482	0.305	13.766	3906	2961
149	0.115	49.251	63.179	1.304	49.022	63.013	0.487	0.339	0.488	0.300	161.415	2320	2977
150	0.124	18.586	63.445	1.383	18.373	63.225	0.423	0.423	0.512	0.308	42.392	883	2987
151	0.058	123.584	63.514	0.925	123.423	63.373	0.318	0.275	0.365	0.203	144.622	5834	2994
152	0.123	24.597	64.006	1.334	24.405	63.775	0.381	0.466	0.509	0.308	123.329	1157	3013
153	0.105	91.360	64.006	1.232	91.186	63.796	0.339	0.444	0.448	0.298	62.391	4317	3014
154	0.132	22.875	64.121	1.413	22.691	63.860	0.360	0.508	0.518	0.324	68.331	1085	3017
155	0.113	87.058	64.978	1.306	86.910	64.728	0.296	0.487	0.483	0.298	90.790	4112	3058
156	0.132	76.226	64.994	1.431	75.967	64.812	0.508	0.360	0.521	0.323	21.616	3604	3062
157	0.119	26.517	65.201	1.336	26.352	64.960	0.318	0.487	0.498	0.305	86.128	1250	3069
158	0.124	89.997	65.819	1.329	89.768	65.638	0.444	0.381	0.487	0.324	150.112	4245	3101
159	0.108	97.747	65.808	1.232	97.515	65.638	0.444	0.339	0.437	0.316	23.594	4617	3101
160	0.125	16.921	65.931	1.383	16.679	65.765	0.529	0.318	0.515	0.308	177.808	796	3107
161	0.134	26.600	66.698	1.388	26.395	66.463	0.402	0.466	0.527	0.323	126.910	1251	3140
162	0.124	57.965	67.416	1.323	57.806	67.162	0.318	0.487	0.485	0.325	91.733	2737	3173
163	0.134	11.225	67.522	1.406	10.986	67.310	0.466	0.423	0.529	0.321	141.362	524	3180
164	0.119	120.532	67.660	1.371	120.375	67.437	0.339	0.487	0.501	0.302	65.077	5694	3186
165	0.082	73.329	67.624	1.077	73.131	67.500	0.402	0.254	0.399	0.262	177.384	3459	3189
166	0.124	66.244	67.803	1.341	65.976	67.649	0.508	0.318	0.493	0.319	175.682	3126	3196
167	0.155	115.534	68.009	1.526	115.295	67.797	0.508	0.466	0.564	0.349	40.400	5460	3203
168	0.105	58.468	68.055	1.214	58.314	67.839	0.318	0.444	0.435	0.308	76.307	2762	3205
169	0.116	62.359	67.989	1.294	62.103	67.839	0.487	0.296	0.487	0.305	177.738	2941	3205
170	0.144	73.299	68.107	1.461	73.046	67.882	0.487	0.423	0.555	0.331	34.099	3468	3207
171	0.096	32.575	68.148	1.137	32.385	67.987	0.381	0.318	0.395	0.309	16.926	1538	3212
172	0.095	47.723	68.700	1.167	47.519	68.559	0.423	0.296	0.418	0.290	10.624	2251	3239
173	0.120	78.176	68.945	1.311	77.936	68.792	0.487	0.318	0.479	0.318	4.422	3688	3250
174	0.112	71.934	69.533	1.291	71.755	69.300	0.360	0.466	0.489	0.292	123.273	3394	3274
175	0.085	79.164	69.480	1.064	79.015	69.300	0.296	0.360	0.371	0.292	105.762	3737	3274
176	0.125	110.428	69.590	1.388	110.236	69.342	0.402	0.466	0.506	0.313	126.564	5211	3276
177	0.125	18.208	69.649	1.346	17.970	69.469	0.466	0.381	0.491	0.323	149.034	852	3282
178	0.120	67.999	69.772	1.353	67.818	69.532	0.339	0.487	0.503	0.304	108.689	3209	3285
179	0.124	49.578	69.797	1.353	49.340	69.638	0.508	0.318	0.512	0.309	168.115	2334	3290
180	0.143	109.888	70.358	1.426	109.622	70.189	0.529	0.339	0.543	0.335	169.519	5184	3316
181	0.121	78.315	70.868	1.299	78.147	70.633	0.339	0.466	0.476	0.322	69.430	3700	3337
182	0.123	74.336	70.970	1.359	74.104	70.760	0.444	0.402	0.477	0.328	38.595	3516	3343
183	0.118	114.498	71.328	1.286	114.300	71.120	0.402	0.402	0.465	0.324	138.096	5404	3360
184	0.121	47.387	71.448	1.329	47.159	71.268	0.466	0.360	0.511	0.300	148.641	2230	3367
185	0.117	113.609	71.756	1.329	113.432	71.501	0.339	0.487	0.484	0.309	73.871	5369	3378
186	0.102	12.789	71.869	1.154	12.615	71.692	0.360	0.360	0.364	0.356	136.200	600	3387
187	0.118	96.840	72.346	1.311	96.689	72.094	0.318	0.487	0.497	0.302	106.535	4570	3406
188	0.100	44.809	72.352	1.191	44.598	72.200	0.423	0.296	0.443	0.287	11.762	2117	3411
189	0.132	100.713	72.567	1.383	100.478	72.390	0.487	0.360	0.520	0.323	23.954	4758	3420
190	0.102	100.204	72.569	1.209	99.991	72.411	0.423	0.318	0.431	0.302	8.439	4734	3421
191	0.134	36.775	73.203	1.401	36.512	73.025	0.508	0.360	0.522	0.328	163.107	1731	3450
192	0.120	49.199	73.457	1.316	49.022	73.216	0.339	0.487	0.496	0.308	111.551	2321	3459
193	0.113	108.310	73.660	1.299	108.119	73.448	0.381	0.423	0.470	0.306	121.826	5112	3470
194	0.124	60.809	73.804	1.351	60.600	73.596	0.444	0.423	0.504	0.312	42.225	2874	3477
195	0.104	45.023	73.930	1.323	44.873	73.660	0.296	0.487	0.471	0.281	104.409	2122	3480
196	0.113	83.050	74.183	1.311	82.868	73.956	0.360	0.444	0.481	0.300	62.766	3926	3494
197	0.106	43.081	74.326	1.274	42.905	74.126	0.360	0.423	0.473	0.284	53.871	2036	3502
198	0.136	67.476	75.323	1.426	67.183	75.163	0.550	0.318	0.552	0.314	8.070	3186	3551
199	0.123	21.003	75.634	1.359	20.807	75.417	0.402	0.444	0.503	0.311	51.722	995	3563
200	0.125	63.775	75.758	1.359	63.542	75.586	0.487	0.360	0.496	0.321	20.177	3012	3571
201	0.099	117.774	75.793	1.172	117.581	75.607	0.381	0.360	0.438	0.289	38.446	5566	3572
202	0.114	115.529	75.874	1.286	115.316	75.671	0.402	0.402	0.457	0.317	47.272	5458	3575
203	0.091	35.553	76.343	1.137	35.412	76.136	0.275	0.423	0.415	0.279	100.235	1677	3597
204	0.126	57.446	76.408	1.346	57.235	76.200	0.423	0.423	0.508	0.316	44.768	2715	3600
205	0.105	67.782	76.526	1.221	67.564	76.369	0.444	0.296	0.459	0.292	172.084	3199	3608
206	0.130	92.642	76.626	1.413	92.350	76.475	0.550	0.318	0.528	0.314	170.232	4370	3613
207	0.138	49.490	76.869	1.468	49.318	76.602	0.360	0.529	0.549	0.320	69.936	2339	3619
208	0.087	45.478	77.213	1.142	45.318	77.026	0.318	0.402	0.396	0.280	126.465	2145	3639
209	0.113	33.800	77.327	1.281	33.570	77.152	0.444	0.339	0.476	0.302	27.045	1597	3645
210	0.084	52.874	77.568	1.064	52.684	77.428	0.381	0.275	0.393	0.271	166.571	2494	3658
211	0.117	120.057	77.850	1.269	119.888	77.618	0.339	0.444	0.464	0.321	67.799	5672	3667
212	0.116	48.329	78.010	1.294	48.175	77.766	0.296	0.487	0.480	0.308	92.116	2283	3674
213	0.111	31.680	78.276	1.281	31.538	78.020	0.296	0.487	0.481	0.293	97.494	1494	3686
214	0.134	34.734	78.231	1.383	34.480	78.063	0.508	0.339	0.526	0.325	16.899	1639	3688
215	0.117	94.722	78.998	1.329	94.552	78.761	0.339	0.487	0.494	0.301	70.289	4476	3721
216	0.121	78.182	79.094	1.364	77.936	78.930	0.508	0.339	0.501	0.308	13.906	3691	3729
217	0.093	80.919	79.192	1.196	80.708	79.036	0.423	0.318	0.465	0.255	147.711	3813	3734
218	0.134	53.555	79.782	1.438	53.276	79.629	0.550	0.318	0.556	0.307	3.141	2528	3762
219	0.116	75.009	79.846	1.286	74.803	79.671	0.444	0.360	0.456	0.324	25.760	3542	3764
220	0.134	21.074	80.170	1.371	20.849	79.968	0.444	0.402	0.489	0.347	145.879	990	3778
221	0.121	12.879	80.304	1.316	12.700	80.095	0.381	0.444	0.460	0.333	58.791	608	3784
222	0.117	61.575	80.512	1.304	61.362	80.328	0.423	0.402	0.489	0.304	140.446	2901	3795
223	0.118	93.108	80.631	1.299	92.879	80.454	0.444	0.360	0.480	0.314	22.260	4401	3801
224	0.113	111.751	80.929	1.261	111.527	80.751	0.444	0.360	0.454	0.318	150.985	5274	3815
225	0.139	51.827	81.242	1.418	51.604	81.026	0.466	0.423	0.522	0.340	140.098	2441	3828
226	0.130	31.527	81.492	1.406	31.284	81.322	0.529	0.360	0.522	0.318	22.563	1487	3842
227	0.109	42.880	81.865	1.281	42.714	81.640	0.318	0.466	0.471	0.296	99.843	2022	3857
228	0.109	63.607	82.348	1.269	63.415	82.148	0.402	0.381	0.480	0.289	142.017	2997	3881
229	0.040	59.437	82.474	0.733	59.330	82.338	0.212	0.254	0.242	0.213	74.201	2807	3890
230	0.112	64.601	82.768	1.281	64.431	82.550	0.339	0.444	0.471	0.303	65.887	3051	3900
231	0.113	48.962	83.542	1.311	48.810	83.312	0.318	0.487	0.499	0.289	102.922	2308	3936
232	0.126	84.281	83.588	1.346	84.074	83.397	0.444	0.402	0.492	0.326	35.773	3982	3940
233	0.136	115.589	83.868	1.421	115.337	83.693	0.508	0.339	0.521	0.333	10.636	5460	3954
234	0.131	116.467	83.924	1.371	116.226	83.756	0.508	0.339	0.511	0.326	11.874	5499	3957
235	0.109	55.364	84.037	1.261	55.139	83.862	0.444	0.360	0.457	0.303	33.011	2615	3962
236	0.113	36.741	84.110	1.251	36.512	83.947	0.444	0.318	0.449	0.322	172.542	1732	3966
237	0.125	23.470	84.716	1.346	23.262	84.497	0.402	0.444	0.499	0.319	126.434	1104	3992
238	0.116	46.184	84.937	1.304	45.953	84.751	0.466	0.360	0.469	0.315	157.881	2179	4004
239	0.122	53.322	85.024	1.346	53.150	84.773	0.339	0.508	0.503	0.310	99.495	2516	4005
240	0.110	120.878	85.774	1.244	120.692	85.577	0.381	0.402	0.446	0.314	48.175	5711	4043
241	0.142	29.266	86.202	1.436	29.041	85.979	0.466	0.444	0.532	0.341	137.077	1377	4062
242	0.120	113.670	86.547	1.336	113.411	86.402	0.508	0.296	0.510	0.300	175.148	5364	4082
243	0.119	31.631	87.256	1.323	31.390	87.101	0.487	0.318	0.496	0.306	174.633	1489	4115
244	0.090	69.932	87.380	1.142	69.765	87.186	0.339	0.381	0.416	0.274	125.123	3300	4119
245	0.110	121.007	87.366	1.251	120.798	87.207	0.444	0.318	0.453	0.310	15.424	5713	4120
246	0.134	23.344	88.348	1.418	23.156	88.096	0.360	0.529	0.531	0.322	110.699	1098	4162
247	0.043	11.060	89.011	0.848	10.880	88.900	0.318	0.212	0.309	0.179	157.441	519	4200
248	0.125	87.425	89.542	1.346	87.207	89.344	0.444	0.402	0.479	0.333	143.695	4123	4221
249	0.114	54.238	89.663	1.286	54.017	89.493	0.444	0.339	0.453	0.320	15.937	2561	4228
250	0.105	70.862	90.266	1.214	70.633	90.106	0.423	0.339	0.435	0.307	157.946	3343	4257
251	0.113	72.443	90.483	1.269	72.221	90.318	0.444	0.339	0.475	0.304	154.396	3414	4267
252	0.106	108.771	90.510	1.226	108.543	90.360	0.466	0.296	0.456	0.295	169.874	5133	4269
253	0.117	51.486	90.761	1.311	51.329	90.530	0.318	0.487	0.486	0.307	85.442	2430	4277
254	0.125	39.269	91.142	1.366	39.116	90.890	0.318	0.508	0.519	0.306	96.289	1852	4294
255	0.133	45.605	91.081	1.401	45.360	90.911	0.529	0.339	0.521	0.325	170.187	2148	4295
256	0.113	48.665	91.171	1.299	48.493	90.932	0.339	0.466	0.493	0.293	63.514	2302	4296
257	0.141	107.518	91.287	1.436	107.252	91.080	0.508	0.402	0.545	0.329	32.473	5081	4303
258	0.102	111.984	92.072	1.191	111.802	91.906	0.381	0.339	0.406	0.321	29.901	5288	4342
259	0.115	41.010	92.216	1.299	40.852	91.990	0.318	0.487	0.477	0.306	102.085	1934	4346
260	0.097	35.215	92.762	1.167	35.010	92.604	0.402	0.318	0.440	0.282	151.650	1658	4375
261	0.097	85.295	92.830	1.242	85.069	92.646	0.444	0.381	0.450	0.274	28.622	4033	4377
262	0.101	85.993	93.592	1.226	85.831	93.366	0.318	0.444	0.461	0.278	67.602	4065	4411
263	0.122	35.683	93.701	1.334	35.454	93.514	0.487	0.360	0.475	0.328	14.806	1686	4418
264	0.121	106.831	94.309	1.318	106.595	94.149	0.466	0.318	0.499	0.309	16.679	5045	4448
265	0.100	121.865	94.543	1.184	121.687	94.340	0.360	0.381	0.434	0.294	134.889	5752	4457
266	0.126	37.783	94.960	1.353	37.634	94.678	0.296	0.529	0.521	0.307	89.648	1784	4473
267	0.116	54.212	94.897	1.286	53.996	94.678	0.402	0.402	0.456	0.324	44.871	2562	4473
268	0.098	111.211	95.106	1.154	111.019	94.932	0.381	0.339	0.408	0.306	32.462	5254	4485
269	0.117	73.101	95.195	1.299	72.919	94.975	0.360	0.444	0.497	0.300	59.327	3454	4487
270	0.123	22.952	95.306	1.311	22.754	95.102	0.381	0.423	0.462	0.338	118.547	1077	4493
271	0.129	58.733	95.485	1.376	58.484	95.292	0.487	0.381	0.511	0.322	150.202	2768	4502
272	0.120	87.913	95.570	1.329	87.715	95.356	0.402	0.423	0.506	0.302	131.065	4147	4505
273	0.132	21.214	95.692	1.383	20.976	95.504	0.466	0.381	0.508	0.331	151.550	995	4512
274	0.113	63.015	95.818	1.286	62.823	95.610	0.402	0.402	0.468	0.307	137.233	2970	4517
275	0.125	69.764	96.156	1.371	69.596	95.906	0.360	0.487	0.522	0.306	116.006	3290	4531
276	0.082	96.856	96.573	1.069	96.668	96.435	0.381	0.296	0.370	0.280	11.193	4573	4556
277	0.104	39.590	97.454	1.261	39.434	97.240	0.318	0.466	0.454	0.292	102.982	1866	4594
278	0.122	53.419	97.526	1.353	53.255	97.282	0.318	0.508	0.512	0.303	83.905	2521	4596
279	0.091	114.027	97.613	1.129	113.856	97.430	0.339	0.381	0.397	0.292	57.565	5386	4603
280	0.118	43.332	97.878	1.286	43.116	97.684	0.423	0.381	0.476	0.315	144.743	2042	4615
281	0.121	60.103	98.483	1.353	59.859	98.319	0.508	0.318	0.513	0.301	0.030	2840	4645
282	0.118	69.995	98.680	1.316	69.786	98.488	0.444	0.381	0.486	0.310	141.143	3300	4653
283	0.106	53.403	98.852	1.286	53.234	98.637	0.339	0.444	0.472	0.287	116.987	2516	4660
284	0.129	113.173	98.876	1.388	112.988	98.637	0.381	0.487	0.511	0.322	61.265	5348	4660
285	0.101	43.316	99.312	1.209	43.159	99.081	0.296	0.444	0.444	0.290	99.974	2045	4681
286	0.103	88.631	100.146	1.226	88.413	99.970	0.423	0.339	0.453	0.288	152.188	4181	4723
287	0.099	113.892	100.321	1.269	113.750	100.097	0.296	0.487	0.465	0.271	96.848	5378	4729
288	0.121	86.453	100.450	1.311	86.212	100.288	0.487	0.318	0.498	0.308	164.296	4077	4738
289	0.106	32.047	100.915	1.256	31.814	100.753	0.466	0.318	0.480	0.281	20.485	1515	4760
290	0.117	83.369	101.109	1.341	83.122	100.944	0.508	0.318	0.494	0.303	173.637	3935	4769
291	0.137	11.550	101.286	1.383	11.303	101.113	0.508	0.339	0.515	0.339	8.893	543	4777
292	0.101	68.490	101.348	1.226	68.326	101.134	0.318	0.444	0.456	0.283	116.179	3233	4778
293	0.121	85.898	101.887	1.316	85.683	101.685	0.423	0.402	0.511	0.301	137.604	4051	4804
294	0.122	44.522	102.074	1.341	44.365	101.812	0.318	0.508	0.511	0.304	104.943	2100	4810
295	0.118	59.399	102.119	1.329	59.182	101.918	0.423	0.402	0.487	0.309	40.975	2810	4815
296	0.134	28.403	102.448	1.371	28.215	102.214	0.381	0.466	0.500	0.340	60.382	1342	4829
297	0.115	31.351	102.959	1.264	31.200	102.743	0.318	0.444	0.464	0.314	105.253	1475	4854
298	0.114	32.857	103.061	1.269	32.618	102.912	0.487	0.296	0.482	0.302	3.929	1548	4862
299	0.107	61.332	103.360	1.234	61.193	103.124	0.275	0.466	0.473	0.287	90.355	2895	4872
300	0.104	85.718	103.570	1.214	85.556	103.357	0.339	0.423	0.453	0.292	116.643	4045	4883
301	0.130	35.290	103.648	1.396	35.137	103.399	0.318	0.529	0.530	0.312	82.224	1665	4885
302	0.121	124.891	104.207	1.334	124.693	103.992	0.402	0.444	0.500	0.308	49.169	5903	4913
303	0.052	64.971	104.570	0.812	64.855	104.436	0.233	0.254	0.272	0.245	63.002	3068	4934
304	0.059	85.780	105.099	0.950	85.598	104.987	0.360	0.212	0.360	0.208	9.282	4051	4960
305	0.089	62.591	105.514	1.142	62.421	105.325	0.339	0.381	0.430	0.263	52.703	2958	4976
306	0.095	62.986	106.715	1.142	62.780	106.553	0.402	0.318	0.420	0.288	154.723	2971	5034
307	0.127	115.974	106.836	1.359	115.803	106.574	0.339	0.508	0.505	0.321	76.265	5479	5035
308	0.098	92.761	106.926	1.196	92.583	106.744	0.360	0.381	0.441	0.283	50.569	4383	5043
309	0.089	17.145	107.340	1.124	16.976	107.167	0.339	0.360	0.408	0.278	129.527	804	5063
310	0.104	30.954	107.964	1.226	30.798	107.738	0.318	0.444	0.452	0.294	74.328	1462	5090
311	0.125	111.566	108.187	1.346	111.358	107.971	0.402	0.423	0.485	0.327	134.016	5266	5101
312	0.142	123.442	108.878	1.508	123.190	108.670	0.529	0.402	0.568	0.318	147.907	5825	5134
313	0.102	124.640	109.309	1.241	124.502	109.072	0.296	0.423	0.445	0.291	97.924	5885	5153
314	0.121	104.699	109.323	1.346	104.500	109.093	0.402	0.444	0.496	0.310	128.346	4941	5154
315	0.116	84.877	109.310	1.299	84.667	109.114	0.444	0.360	0.474	0.313	148.670	4005	5155
316	0.084	100.033	110.162	1.112	99.886	109.982	0.318	0.360	0.394	0.272	122.444	4720	5196
317	0.116	100.584	110.209	1.304	100.351	110.046	0.487	0.339	0.478	0.309	167.122	4746	5199
318	0.124	69.716	110.792	1.323	69.469	110.638	0.487	0.318	0.491	0.321	174.068	3287	5227
319	0.100	51.020	111.750	1.244	50.864	111.527	0.318	0.444	0.454	0.281	68.790	2410	5269
320	0.105	123.707	112.254	1.179	123.508	112.099	0.402	0.318	0.414	0.324	2.986	5840	5296
321	0.112	49.952	113.555	1.269	49.763	113.369	0.402	0.381	0.451	0.316	44.362	2359	5356
322	0.119	50.384	113.797	1.318	50.144	113.644	0.466	0.318	0.493	0.307	167.090	2373	5369
323	0.123	33.439	114.103	1.353	33.274	113.856	0.339	0.487	0.514	0.305	113.337	1574	5379
324	0.118	37.418	114.229	1.311	37.232	114.004	0.360	0.444	0.492	0.305	60.168	1769	5386
325	0.103	55.714	114.878	1.214	55.562	114.660	0.296	0.466	0.450	0.293	89.619	2630	5417
326	0.119	52.348	114.931	1.329	52.176	114.681	0.339	0.487	0.488	0.311	110.374	2471	5418
327	0.110	84.436	116.436	1.256	84.243	116.247	0.402	0.381	0.454	0.308	40.188	3991	5492
328	0.102	31.009	117.033	1.251	30.882	116.798	0.275	0.466	0.474	0.273	97.113	1461	5518
329	0.103	99.857	117.096	1.214	99.632	116.946	0.444	0.318	0.435	0.301	169.164	4711	5525
330	0.129	26.085	117.309	1.371	25.908	117.052	0.339	0.508	0.512	0.321	102.082	1230	5530
331	0.113	94.978	118.575	1.299	94.742	118.406	0.466	0.318	0.469	0.307	0.952	4488	5594
332	0.114	37.589	118.721	1.323	37.423	118.491	0.339	0.466	0.498	0.291	69.449	1776	5598
333	0.126	25.717	118.820	1.426	25.527	118.576	0.381	0.487	0.505	0.318	59.857	1221	5602
334	0.116	61.170	118.980	1.299	61.002	118.724	0.318	0.487	0.486	0.303	79.696	2889	5609
335	0.120	48.228	119.235	1.294	48.070	118.999	0.318	0.466	0.470	0.324	84.677	2277	5622
336	0.085	117.736	119.964	1.137	117.581	119.761	0.296	0.402	0.444	0.243	115.366	5557	5658
337	0.106	84.396	120.192	1.244	84.222	119.973	0.360	0.423	0.461	0.292	55.362	3989	5668
338	0.087	109.352	120.255	1.137	109.220	120.036	0.275	0.423	0.406	0.272	81.493	5166	5671
339	0.148	85.491	120.410	1.473	85.302	120.142	0.381	0.529	0.544	0.347	67.747	4042	5676
340	0.110	93.373	120.462	1.274	93.176	120.248	0.381	0.423	0.474	0.295	50.048	4414	5681
341	0.117	31.140	121.157	1.341	30.988	120.883	0.318	0.508	0.500	0.299	81.680	1471	5711
342	0.145	122.528	122.429	1.473	122.301	122.195	0.444	0.466	0.520	0.356	130.197	5782	5773
343	0.106	114.345	123.563	1.226	114.194	123.338	0.318	0.444	0.440	0.306	101.656	5399	5827
344	0.122	107.755	124.504	1.316	107.590	124.248	0.339	0.487	0.482	0.322	106.420	5088	5870
345	0.131	114.849	125.247	1.341	114.660	125.032	0.402	0.423	0.473	0.352	123.756	5420	5907
346	0.123	80.437	126.251	1.329	80.222	126.048	0.423	0.402	0.496	0.317	41.363	3801	5955
347	0.127	64.228	127.521	1.378	64.072	127.275	0.318	0.508	0.512	0.316	100.127	3029	6013
348	0.100	111.656	128.246	1.196	111.506	128.016	0.296	0.444	0.432	0.294	87.596	5274	6048
