 	Area	X	Y	Perim.	BX	BY	Width	Height	Major	Minor	Angle	XStart	YStart
1	0.093	30.600	11.026	1.149	30.459	10.816	0.275	0.423	0.422	0.280	99.318	1443	511
2	0.077	35.912	11.039	1.094	35.793	10.837	0.254	0.402	0.397	0.247	82.226	1695	512
3	0.100	27.996	11.096	1.196	27.834	10.880	0.318	0.423	0.426	0.299	103.136	1320	514
4	0.097	101.563	12.050	1.179	101.346	11.917	0.444	0.275	0.444	0.277	6.467	4794	563
5	0.111	85.264	12.200	1.306	85.132	11.959	0.275	0.508	0.500	0.283	84.624	4027	565
6	0.085	48.499	12.175	1.064	48.366	11.980	0.275	0.381	0.387	0.280	83.795	2290	566
7	0.091	112.887	12.605	1.119	112.734	12.425	0.296	0.381	0.390	0.297	74.949	5331	587
8	0.091	87.553	13.160	1.149	87.418	12.954	0.275	0.423	0.420	0.277	87.073	4134	612
9	0.116	104.654	13.503	1.294	104.500	13.272	0.318	0.466	0.464	0.317	88.920	4942	627
10	0.095	65.355	14.285	1.167	65.214	14.055	0.296	0.423	0.413	0.294	83.329	3087	664
11	0.086	30.799	14.331	1.137	30.670	14.118	0.275	0.423	0.429	0.256	106.075	1451	667
12	0.111	62.982	15.607	1.256	62.759	15.430	0.444	0.339	0.460	0.306	22.189	2977	729
13	0.098	63.918	16.369	1.209	63.775	16.150	0.296	0.423	0.446	0.279	107.696	3016	763
14	0.098	88.065	17.389	1.167	87.905	17.187	0.318	0.402	0.391	0.318	94.756	4159	812
15	0.124	16.884	18.071	1.341	16.722	17.822	0.318	0.508	0.506	0.311	82.123	796	842
16	0.114	96.468	18.258	1.276	96.330	18.013	0.275	0.487	0.503	0.289	92.779	4555	851
17	0.116	74.685	18.561	1.294	74.528	18.330	0.318	0.466	0.477	0.309	91.258	3526	866
18	0.103	14.735	18.937	1.216	14.584	18.732	0.296	0.423	0.428	0.306	88.561	694	885
19	0.110	27.154	19.173	1.261	26.966	18.944	0.360	0.444	0.454	0.308	59.432	1284	895
20	0.095	19.307	19.183	1.179	19.156	18.986	0.296	0.423	0.435	0.278	105.505	907	897
21	0.099	74.417	19.914	1.196	74.274	19.685	0.296	0.444	0.438	0.289	100.288	3515	930
22	0.102	95.081	20.072	1.202	94.911	19.854	0.339	0.423	0.414	0.313	111.427	4490	938
23	0.101	98.583	20.325	1.209	98.425	20.108	0.318	0.423	0.434	0.296	103.890	4653	950
24	0.117	21.186	21.637	1.311	20.934	21.484	0.508	0.296	0.500	0.298	174.828	998	1015
25	0.102	69.537	22.012	1.274	69.342	21.802	0.402	0.402	0.493	0.264	138.903	3279	1030
26	0.119	43.728	22.874	1.316	43.561	22.648	0.360	0.466	0.494	0.306	59.888	2068	1070
27	0.130	50.346	22.803	1.366	50.102	22.648	0.508	0.318	0.512	0.324	3.146	2373	1070
28	0.116	110.061	23.048	1.286	109.876	22.839	0.381	0.423	0.484	0.305	53.802	5199	1079
29	0.079	29.494	23.604	1.064	29.358	23.410	0.275	0.381	0.394	0.256	66.726	1395	1106
30	0.127	32.669	23.850	1.376	32.427	23.664	0.487	0.381	0.528	0.306	32.621	1544	1118
31	0.118	37.711	23.892	1.316	37.486	23.707	0.444	0.381	0.476	0.317	33.993	1782	1120
32	0.086	29.871	23.886	1.124	29.676	23.728	0.381	0.318	0.416	0.262	33.673	1411	1121
33	0.110	35.184	23.948	1.261	35.010	23.728	0.360	0.444	0.452	0.311	64.089	1664	1121
34	0.113	43.839	24.553	1.288	43.688	24.320	0.296	0.466	0.476	0.302	92.070	2068	1149
35	0.108	14.468	24.681	1.234	14.245	24.532	0.444	0.296	0.458	0.301	170.421	677	1159
36	0.107	92.225	25.368	1.214	92.054	25.167	0.339	0.423	0.450	0.303	119.210	4351	1189
37	0.125	91.494	25.846	1.376	91.292	25.612	0.402	0.466	0.513	0.311	120.696	4318	1210
38	0.119	90.705	26.015	1.304	90.509	25.802	0.402	0.423	0.478	0.316	130.114	4280	1219
39	0.110	102.588	26.564	1.311	102.426	26.331	0.318	0.466	0.491	0.286	107.084	4842	1244
40	0.094	100.705	26.564	1.184	100.542	26.352	0.339	0.402	0.457	0.262	125.972	4753	1245
41	0.117	31.082	26.728	1.353	30.840	26.564	0.487	0.339	0.496	0.301	165.709	1462	1255
42	0.112	61.342	26.828	1.274	61.150	26.606	0.381	0.423	0.485	0.295	131.084	2892	1257
43	0.079	95.872	26.951	1.022	95.716	26.797	0.318	0.318	0.327	0.309	151.478	4525	1266
44	0.041	129.438	27.175	0.835	129.328	27.030	0.212	0.275	0.286	0.182	99.673	6112	1277
45	0.086	94.328	27.258	1.112	94.170	27.051	0.318	0.381	0.384	0.285	59.289	4458	1278
46	0.131	82.502	27.368	1.359	82.254	27.199	0.508	0.339	0.518	0.323	160.637	3889	1285
47	0.106	91.880	27.443	1.196	91.715	27.242	0.339	0.402	0.412	0.326	115.495	4337	1287
48	0.104	122.927	28.087	1.214	122.724	27.898	0.381	0.381	0.427	0.311	48.491	5806	1318
49	0.116	108.270	28.522	1.294	108.098	28.300	0.339	0.444	0.472	0.313	67.508	5114	1337
50	0.077	32.575	28.662	1.052	32.406	28.512	0.360	0.296	0.373	0.263	162.012	1536	1347
51	0.095	126.829	28.779	1.191	126.682	28.554	0.275	0.444	0.452	0.268	102.482	5989	1349
52	0.130	46.136	29.276	1.401	45.910	29.062	0.444	0.423	0.504	0.330	41.145	2182	1373
53	0.106	100.806	29.365	1.239	100.648	29.146	0.339	0.423	0.462	0.291	123.398	4756	1377
54	0.119	40.711	29.700	1.311	40.471	29.549	0.487	0.318	0.490	0.310	6.893	1920	1396
55	0.097	19.324	29.886	1.149	19.135	29.739	0.402	0.296	0.411	0.301	0.788	908	1405
56	0.115	59.030	29.987	1.291	58.822	29.782	0.402	0.423	0.484	0.303	129.786	2783	1407
57	0.121	59.237	30.547	1.304	59.034	30.332	0.402	0.423	0.486	0.316	132.907	2793	1433
58	0.120	21.650	30.670	1.306	21.484	30.438	0.318	0.466	0.481	0.317	87.968	1020	1438
59	0.099	77.758	30.655	1.202	77.576	30.459	0.360	0.402	0.447	0.282	128.761	3668	1439
60	0.116	57.512	30.705	1.291	57.319	30.501	0.402	0.423	0.480	0.308	129.119	2710	1441
61	0.102	42.615	30.933	1.214	42.376	30.776	0.466	0.296	0.457	0.283	9.873	2014	1454
62	0.127	31.686	31.358	1.316	31.496	31.136	0.381	0.444	0.496	0.326	123.413	1491	1471
63	0.097	64.098	31.564	1.209	63.860	31.432	0.466	0.275	0.468	0.265	177.678	3023	1485
64	0.112	72.226	31.745	1.299	71.988	31.581	0.466	0.339	0.486	0.294	162.272	3410	1492
65	0.086	96.076	32.278	1.112	95.927	32.068	0.296	0.402	0.417	0.261	115.498	4535	1515
66	0.117	129.742	32.517	1.299	129.498	32.364	0.466	0.318	0.463	0.322	168.479	6123	1529
67	0.113	79.906	32.714	1.269	79.671	32.554	0.466	0.318	0.455	0.317	9.079	3772	1538
68	0.112	82.677	32.799	1.256	82.508	32.576	0.339	0.444	0.461	0.309	113.528	3902	1539
69	0.104	83.127	32.832	1.239	82.910	32.660	0.423	0.339	0.455	0.291	147.531	3919	1543
70	0.103	92.622	33.267	1.244	92.456	33.041	0.360	0.423	0.474	0.277	125.264	4372	1561
71	0.120	63.747	33.226	1.331	63.500	33.084	0.487	0.296	0.504	0.302	7.702	3008	1563
72	0.112	54.358	33.605	1.304	54.187	33.359	0.339	0.487	0.484	0.294	109.372	2565	1576
73	0.122	89.599	33.593	1.364	89.408	33.359	0.381	0.487	0.517	0.301	122.127	4228	1576
74	0.126	45.417	33.549	1.329	45.170	33.380	0.487	0.339	0.500	0.322	17.691	2145	1577
75	0.115	78.474	33.925	1.269	78.274	33.740	0.423	0.360	0.445	0.328	157.507	3702	1594
76	0.082	11.393	34.436	1.064	11.240	34.269	0.318	0.339	0.371	0.280	43.981	537	1619
77	0.128	64.927	34.711	1.371	64.685	34.544	0.508	0.339	0.505	0.322	172.379	3061	1632
78	0.104	45.678	34.809	1.244	45.445	34.650	0.444	0.339	0.449	0.295	24.285	2158	1637
79	0.125	87.134	34.945	1.366	86.953	34.692	0.339	0.487	0.502	0.318	75.925	4116	1639
80	0.108	36.608	35.134	1.239	36.407	34.946	0.402	0.360	0.445	0.308	147.352	1724	1651
81	0.103	28.288	35.216	1.209	28.130	35.010	0.318	0.423	0.434	0.304	110.566	1332	1654
82	0.101	33.690	35.613	1.202	33.507	35.412	0.381	0.381	0.446	0.288	129.858	1586	1673
83	0.100	107.706	35.651	1.159	107.527	35.475	0.360	0.381	0.377	0.339	62.544	5085	1676
84	0.103	50.246	35.844	1.214	50.038	35.645	0.381	0.381	0.438	0.299	43.329	2376	1684
85	0.124	74.688	36.943	1.329	74.464	36.766	0.466	0.360	0.482	0.327	27.436	3527	1737
86	0.113	24.098	37.146	1.249	23.897	36.936	0.402	0.402	0.447	0.321	133.251	1135	1745
87	0.107	46.887	37.259	1.221	46.672	37.105	0.423	0.318	0.440	0.310	10.765	2212	1753
88	0.108	21.408	37.775	1.244	21.230	37.571	0.360	0.423	0.472	0.291	126.060	1005	1775
89	0.116	69.828	37.786	1.269	69.596	37.613	0.444	0.339	0.446	0.333	176.185	3296	1777
90	0.102	118.638	37.899	1.221	118.449	37.698	0.360	0.381	0.450	0.289	52.494	5605	1781
91	0.114	116.180	38.171	1.261	115.972	37.973	0.423	0.381	0.460	0.315	39.511	5490	1794
92	0.118	54.116	38.869	1.329	53.933	38.629	0.360	0.466	0.503	0.298	119.676	2551	1825
93	0.100	86.189	39.210	1.196	86.000	39.031	0.381	0.360	0.408	0.313	45.463	4071	1844
94	0.115	40.828	39.348	1.274	40.619	39.158	0.423	0.381	0.469	0.311	36.671	1930	1850
95	0.110	47.520	39.598	1.251	47.350	39.370	0.318	0.444	0.440	0.318	93.401	2245	1860
96	0.123	117.774	39.945	1.336	117.623	39.709	0.318	0.487	0.512	0.306	103.365	5558	1876
97	0.109	45.003	40.392	1.214	44.831	40.174	0.339	0.423	0.411	0.338	76.640	2126	1898
98	0.123	44.402	40.468	1.346	44.154	40.280	0.466	0.381	0.480	0.327	28.959	2098	1903
99	0.121	43.396	40.736	1.329	43.159	40.555	0.466	0.360	0.490	0.313	21.929	2052	1916
100	0.116	72.128	40.925	1.251	71.924	40.746	0.402	0.360	0.442	0.335	29.862	3407	1925
101	0.126	93.656	40.986	1.353	93.408	40.809	0.487	0.339	0.510	0.315	167.424	4421	1928
102	0.093	35.609	41.201	1.131	35.412	41.063	0.402	0.275	0.416	0.284	171.111	1676	1940
103	0.108	122.211	41.315	1.239	122.047	41.084	0.318	0.444	0.442	0.310	77.461	5775	1941
104	0.108	118.150	41.470	1.226	117.983	41.254	0.339	0.423	0.447	0.306	115.178	5579	1949
105	0.108	24.885	41.484	1.249	24.659	41.296	0.423	0.381	0.469	0.292	142.188	1171	1951
106	0.109	88.365	41.529	1.244	88.159	41.338	0.402	0.381	0.462	0.301	138.271	4168	1953
107	0.095	85.255	41.885	1.154	85.090	41.677	0.318	0.402	0.424	0.284	62.808	4028	1969
108	0.111	41.608	42.188	1.269	41.381	42.037	0.466	0.318	0.469	0.302	12.178	1963	1986
109	0.105	113.852	42.495	1.214	113.686	42.291	0.339	0.423	0.448	0.299	116.913	5373	1998
110	0.123	84.247	43.245	1.329	84.053	43.032	0.381	0.444	0.492	0.318	124.136	3975	2033
111	0.117	26.489	43.315	1.286	26.331	43.074	0.339	0.466	0.490	0.304	114.009	1246	2035
112	0.111	25.367	43.343	1.244	25.188	43.138	0.360	0.423	0.432	0.326	113.592	1194	2038
113	0.121	97.479	43.768	1.329	97.303	43.519	0.360	0.466	0.493	0.311	118.381	4602	2056
114	0.108	41.043	44.607	1.209	40.830	44.450	0.423	0.318	0.447	0.306	161.131	1932	2100
115	0.093	121.309	45.579	1.137	121.158	45.381	0.296	0.402	0.418	0.284	107.776	5727	2144
116	0.113	74.430	45.811	1.269	74.210	45.635	0.423	0.360	0.452	0.318	32.198	3516	2156
117	0.110	46.136	45.817	1.299	45.889	45.678	0.487	0.296	0.487	0.288	172.343	2172	2158
118	0.134	46.910	45.959	1.421	46.651	45.805	0.529	0.318	0.546	0.311	174.346	2209	2164
119	0.106	36.647	46.420	1.239	36.428	46.270	0.466	0.296	0.447	0.301	178.820	1726	2186
120	0.127	119.593	46.943	1.346	119.401	46.715	0.381	0.466	0.504	0.320	122.332	5645	2207
121	0.113	85.915	47.438	1.256	85.725	47.244	0.402	0.381	0.443	0.325	145.445	4054	2232
122	0.114	98.690	47.576	1.311	98.531	47.350	0.318	0.466	0.472	0.308	99.824	4659	2237
123	0.096	81.410	48.239	1.154	81.259	48.027	0.296	0.423	0.424	0.289	74.813	3846	2269
124	0.117	70.760	48.701	1.286	70.548	48.514	0.423	0.381	0.471	0.316	36.653	3342	2292
125	0.084	109.981	48.763	1.094	109.855	48.556	0.275	0.402	0.400	0.268	90.126	5194	2294
126	0.120	115.809	49.208	1.294	115.634	49.001	0.339	0.444	0.467	0.326	108.530	5466	2315
127	0.137	83.495	49.374	1.431	83.291	49.128	0.402	0.487	0.542	0.321	53.596	3948	2321
128	0.117	102.232	49.502	1.299	102.066	49.255	0.318	0.487	0.485	0.307	77.294	4831	2327
129	0.116	115.050	49.565	1.343	114.914	49.318	0.275	0.508	0.525	0.283	94.791	5432	2330
130	0.093	127.125	49.742	1.119	126.936	49.594	0.381	0.296	0.390	0.302	169.490	6001	2343
131	0.097	96.987	49.845	1.184	96.838	49.615	0.296	0.444	0.421	0.293	96.073	4580	2344
132	0.124	126.605	50.303	1.329	126.365	50.123	0.466	0.360	0.481	0.327	157.040	5976	2368
133	0.121	82.531	51.286	1.334	82.296	51.096	0.466	0.381	0.511	0.303	32.473	3901	2414
134	0.103	42.063	52.418	1.226	41.910	52.176	0.296	0.466	0.454	0.289	102.917	1985	2465
135	0.090	104.246	53.303	1.142	104.098	53.086	0.296	0.423	0.407	0.280	92.181	4925	2508
136	0.106	94.261	53.327	1.239	94.107	53.107	0.318	0.444	0.460	0.292	111.094	4448	2509
137	0.100	119.144	53.641	1.172	118.978	53.446	0.339	0.402	0.433	0.295	121.567	5623	2525
138	0.103	95.798	53.914	1.239	95.652	53.679	0.296	0.466	0.475	0.275	111.248	4522	2536
139	0.084	86.249	54.187	1.137	86.127	53.954	0.254	0.444	0.438	0.245	85.250	4073	2549
140	0.098	59.960	54.199	1.196	59.796	53.996	0.318	0.423	0.439	0.284	61.297	2834	2551
141	0.098	127.733	54.337	1.214	127.487	54.187	0.466	0.296	0.441	0.283	4.917	6034	2560
142	0.112	34.809	54.721	1.251	34.629	54.525	0.381	0.381	0.436	0.326	136.890	1639	2576
143	0.122	17.213	54.881	1.341	17.039	54.631	0.339	0.487	0.473	0.329	101.071	812	2581
144	0.120	80.613	55.070	1.334	80.412	54.843	0.402	0.444	0.485	0.315	55.572	3810	2591
145	0.103	78.032	55.068	1.202	77.851	54.864	0.360	0.402	0.434	0.304	50.954	3688	2592
146	0.102	29.472	55.180	1.221	29.252	55.033	0.444	0.296	0.457	0.285	14.381	1391	2600
147	0.095	65.136	55.972	1.189	64.982	55.753	0.318	0.444	0.441	0.275	69.810	3078	2634
148	0.092	120.884	56.192	1.112	120.714	56.028	0.360	0.339	0.391	0.299	137.851	5705	2647
149	0.100	58.799	56.308	1.209	58.632	56.092	0.318	0.423	0.434	0.295	98.974	2776	2650
150	0.110	93.203	56.724	1.274	93.028	56.494	0.360	0.444	0.476	0.295	119.686	4399	2669
151	0.116	66.694	57.048	1.269	66.527	56.832	0.339	0.444	0.461	0.321	68.354	3149	2685
152	0.064	126.832	57.152	0.937	126.682	57.023	0.318	0.275	0.308	0.263	171.390	5989	2694
153	0.106	36.440	57.274	1.264	36.280	57.044	0.296	0.466	0.473	0.286	90.741	1720	2695
154	0.107	107.705	57.473	1.261	107.548	57.235	0.318	0.466	0.464	0.293	102.320	5086	2704
155	0.103	32.327	57.426	1.196	32.131	57.256	0.402	0.339	0.440	0.298	150.163	1520	2705
156	0.123	33.839	57.925	1.323	33.676	57.679	0.318	0.487	0.488	0.322	90.606	1597	2725
157	0.128	28.387	58.617	1.376	28.130	58.420	0.487	0.381	0.508	0.321	25.375	1343	2760
158	0.107	101.591	59.045	1.221	101.431	58.822	0.318	0.423	0.435	0.312	95.853	4797	2779
159	0.099	102.943	59.594	1.209	102.806	59.351	0.275	0.466	0.464	0.272	100.389	4862	2804
160	0.111	60.013	59.743	1.341	59.859	59.478	0.318	0.508	0.498	0.284	104.389	2832	2810
161	0.104	125.843	59.899	1.196	125.624	59.754	0.444	0.296	0.448	0.297	7.280	5941	2823
162	0.137	49.949	60.009	1.424	49.763	59.775	0.402	0.487	0.521	0.335	56.049	2361	2824
163	0.117	111.382	60.025	1.279	111.188	59.796	0.381	0.444	0.472	0.317	56.297	5263	2825
164	0.113	97.205	60.065	1.311	97.049	59.817	0.318	0.487	0.501	0.288	110.856	4589	2826
165	0.122	33.926	60.564	1.334	33.718	60.325	0.402	0.444	0.502	0.310	49.069	1606	2850
166	0.096	37.540	60.839	1.172	37.359	60.642	0.381	0.360	0.433	0.282	141.107	1768	2865
167	0.097	9.230	61.119	1.177	9.059	60.896	0.339	0.423	0.426	0.290	118.907	433	2877
168	0.119	11.873	61.685	1.291	11.620	61.510	0.487	0.339	0.456	0.331	179.629	558	2906
169	0.115	29.095	62.154	1.286	28.914	61.934	0.360	0.444	0.466	0.315	61.893	1375	2926
170	0.112	48.513	62.715	1.244	48.302	62.526	0.402	0.381	0.439	0.324	44.231	2291	2954
171	0.121	67.785	63.059	1.281	67.564	62.886	0.444	0.339	0.457	0.336	7.630	3202	2971
172	0.133	66.588	63.167	1.388	66.358	62.950	0.444	0.423	0.522	0.324	43.771	3147	2974
173	0.101	14.941	63.350	1.167	14.774	63.161	0.339	0.381	0.393	0.326	124.972	702	2984
174	0.101	82.454	63.434	1.229	82.317	63.225	0.275	0.444	0.465	0.277	79.762	3894	2987
175	0.120	98.137	64.030	1.306	97.980	63.796	0.318	0.466	0.483	0.317	103.204	4632	3014
176	0.122	79.017	64.273	1.316	78.804	64.072	0.423	0.402	0.475	0.328	41.783	3733	3027
177	0.126	103.558	64.892	1.366	103.378	64.685	0.381	0.444	0.505	0.317	55.820	4892	3056
178	0.099	61.204	65.032	1.179	61.066	64.812	0.275	0.444	0.449	0.279	85.320	2889	3062
179	0.121	56.949	65.076	1.286	56.748	64.876	0.402	0.402	0.451	0.340	47.002	2690	3065
180	0.108	17.297	65.188	1.281	17.145	64.960	0.296	0.487	0.487	0.281	87.161	814	3069
181	0.110	46.860	65.260	1.214	46.672	65.066	0.381	0.381	0.436	0.320	43.954	2214	3074
182	0.114	36.605	65.676	1.291	36.386	65.490	0.444	0.360	0.468	0.311	27.749	1731	3094
183	0.112	104.939	65.767	1.329	104.733	65.553	0.402	0.402	0.445	0.322	38.162	4962	3097
184	0.111	26.976	66.248	1.281	26.818	66.019	0.318	0.466	0.466	0.304	100.100	1272	3119
185	0.130	126.436	66.310	1.366	126.174	66.146	0.508	0.318	0.516	0.322	0.029	5971	3125
186	0.084	97.925	66.606	1.082	97.790	66.400	0.275	0.402	0.404	0.264	107.433	4625	3137
187	0.122	66.706	66.798	1.346	66.506	66.590	0.402	0.444	0.502	0.310	130.324	3143	3146
188	0.098	68.096	67.256	1.184	67.945	67.035	0.296	0.444	0.436	0.285	80.825	3217	3167
189	0.071	122.895	67.319	0.967	122.746	67.162	0.296	0.318	0.305	0.297	92.670	5804	3173
190	0.102	91.123	67.621	1.202	90.932	67.437	0.381	0.381	0.431	0.301	133.371	4299	3186
191	0.129	112.004	67.628	1.396	111.718	67.479	0.550	0.296	0.544	0.301	174.854	5285	3188
192	0.128	77.384	67.994	1.359	77.152	67.797	0.466	0.381	0.517	0.316	30.895	3658	3203
193	0.139	103.254	67.989	1.418	103.018	67.797	0.487	0.402	0.534	0.332	34.900	4877	3203
194	0.114	44.167	68.462	1.269	44.006	68.220	0.318	0.466	0.468	0.311	79.662	2086	3223
195	0.080	117.038	68.397	1.034	116.882	68.241	0.318	0.318	0.339	0.301	56.508	5526	3224
196	0.103	34.356	68.433	1.209	34.142	68.262	0.402	0.339	0.420	0.314	157.148	1620	3225
197	0.107	122.996	68.542	1.239	122.788	68.368	0.423	0.339	0.431	0.316	8.384	5811	3230
198	0.081	96.518	68.746	1.040	96.351	68.580	0.339	0.318	0.366	0.282	148.660	4555	3240
199	0.114	54.940	69.373	1.264	54.779	69.152	0.318	0.444	0.458	0.318	76.148	2594	3267
200	0.095	56.841	69.672	1.186	56.684	69.469	0.296	0.402	0.412	0.294	77.062	2688	3282
201	0.088	102.893	69.700	1.099	102.701	69.532	0.381	0.318	0.401	0.280	153.141	4858	3285
202	0.098	17.983	69.831	1.232	17.759	69.660	0.402	0.381	0.375	0.333	37.930	848	3291
203	0.072	29.007	69.828	0.997	28.829	69.681	0.360	0.275	0.369	0.247	18.971	1371	3292
204	0.103	105.091	70.044	1.184	104.902	69.871	0.381	0.360	0.427	0.308	143.111	4959	3301
205	0.108	80.449	70.228	1.274	80.264	70.019	0.360	0.444	0.455	0.302	62.336	3800	3308
206	0.108	47.805	70.938	1.244	47.625	70.718	0.360	0.423	0.421	0.325	64.760	2258	3341
207	0.100	105.531	70.962	1.172	105.346	70.781	0.381	0.360	0.441	0.289	139.677	4979	3344
208	0.104	79.820	71.122	1.196	79.650	70.930	0.360	0.381	0.415	0.319	55.615	3769	3351
209	0.105	61.788	71.476	1.261	61.595	71.247	0.360	0.444	0.474	0.282	54.620	2922	3366
210	0.118	34.035	71.525	1.306	33.867	71.310	0.339	0.444	0.463	0.325	73.594	1608	3369
211	0.096	84.120	72.009	1.154	83.968	71.797	0.318	0.402	0.424	0.288	111.243	3970	3392
212	0.105	69.903	72.228	1.226	69.744	72.009	0.318	0.444	0.436	0.308	96.635	3301	3402
213	0.115	51.168	72.312	1.281	51.012	72.094	0.318	0.444	0.454	0.322	82.683	2416	3406
214	0.104	105.172	72.355	1.196	105.008	72.157	0.339	0.402	0.447	0.296	123.008	4962	3409
215	0.104	22.323	72.424	1.221	22.183	72.200	0.296	0.444	0.466	0.285	104.045	1050	3411
216	0.103	111.472	72.687	1.209	111.273	72.517	0.402	0.339	0.457	0.286	148.237	5258	3426
217	0.095	99.092	72.976	1.167	98.954	72.750	0.296	0.423	0.431	0.281	109.915	4677	3437
218	0.125	42.667	73.035	1.366	42.503	72.792	0.339	0.487	0.497	0.320	103.104	2012	3439
219	0.111	12.654	73.605	1.232	12.446	73.406	0.402	0.381	0.422	0.335	36.971	600	3468
220	0.103	51.692	73.654	1.234	51.541	73.427	0.296	0.444	0.456	0.289	83.335	2441	3469
221	0.125	50.829	73.774	1.378	50.673	73.533	0.318	0.508	0.510	0.313	85.617	2398	3474
222	0.108	79.701	73.736	1.246	79.544	73.533	0.318	0.423	0.438	0.313	72.579	3763	3474
223	0.073	124.154	73.709	0.980	123.994	73.554	0.318	0.296	0.317	0.292	37.459	5864	3475
224	0.116	94.794	73.961	1.311	94.636	73.724	0.318	0.487	0.487	0.303	102.111	4474	3483
225	0.111	105.072	73.904	1.274	104.860	73.724	0.423	0.381	0.466	0.304	140.934	4958	3483
226	0.112	60.640	74.040	1.281	60.473	73.829	0.339	0.444	0.468	0.305	64.842	2864	3488
227	0.122	114.599	74.504	1.311	114.406	74.295	0.381	0.423	0.468	0.333	56.859	5413	3510
228	0.123	126.857	74.845	1.366	126.598	74.676	0.487	0.339	0.476	0.330	12.064	5991	3528
229	0.101	20.022	75.148	1.167	19.876	74.930	0.296	0.423	0.425	0.302	78.833	945	3540
230	0.100	101.497	75.458	1.167	101.282	75.311	0.423	0.296	0.424	0.300	177.434	4791	3558
231	0.093	98.744	75.568	1.179	98.531	75.438	0.444	0.275	0.451	0.262	175.839	4659	3564
232	0.093	81.482	75.966	1.179	81.344	75.734	0.275	0.444	0.440	0.268	96.304	3849	3578
233	0.114	125.888	76.236	1.299	125.666	76.073	0.487	0.318	0.474	0.306	179.201	5944	3594
234	0.107	63.669	76.543	1.232	63.479	76.327	0.360	0.423	0.449	0.302	57.564	3009	3606
235	0.127	108.528	76.492	1.353	108.268	76.327	0.508	0.318	0.512	0.316	177.447	5125	3606
236	0.132	110.691	76.554	1.396	110.426	76.390	0.508	0.339	0.525	0.320	16.471	5228	3609
237	0.102	17.161	76.971	1.244	16.954	76.772	0.402	0.381	0.476	0.272	42.154	814	3627
238	0.074	102.796	76.919	1.004	102.637	76.772	0.318	0.296	0.329	0.288	29.223	4855	3627
239	0.084	53.458	77.477	1.094	53.319	77.280	0.275	0.402	0.402	0.267	80.373	2524	3651
240	0.097	119.229	77.595	1.167	119.062	77.406	0.339	0.381	0.433	0.286	125.189	5627	3657
241	0.123	78.716	77.717	1.329	78.528	77.491	0.381	0.444	0.508	0.307	124.843	3713	3661
242	0.129	76.606	77.787	1.371	76.348	77.618	0.508	0.339	0.537	0.306	159.624	3610	3667
243	0.126	57.214	77.934	1.371	57.044	77.682	0.339	0.508	0.511	0.314	75.880	2703	3670
244	0.110	107.643	77.854	1.239	107.421	77.703	0.444	0.318	0.456	0.308	164.728	5079	3671
245	0.117	125.914	78.175	1.311	125.666	78.020	0.508	0.296	0.497	0.300	175.807	5944	3686
246	0.107	87.224	78.382	1.232	87.037	78.168	0.360	0.423	0.470	0.289	127.043	4116	3693
247	0.110	125.432	78.958	1.256	125.201	78.804	0.466	0.318	0.463	0.303	169.130	5921	3723
248	0.093	118.685	78.999	1.149	118.491	78.846	0.381	0.318	0.412	0.288	158.486	5603	3725
249	0.105	117.484	79.172	1.232	117.327	78.930	0.318	0.466	0.467	0.286	112.842	5548	3729
250	0.108	49.642	79.254	1.251	49.488	79.015	0.296	0.466	0.471	0.293	95.437	2344	3733
251	0.103	103.339	79.306	1.221	103.103	79.163	0.466	0.275	0.464	0.283	178.766	4879	3740
252	0.121	77.509	79.964	1.346	77.280	79.777	0.466	0.381	0.513	0.302	33.132	3663	3769
253	0.125	104.899	80.423	1.346	104.627	80.264	0.529	0.318	0.507	0.315	176.453	4951	3792
254	0.112	61.839	80.529	1.261	61.659	80.328	0.381	0.423	0.460	0.310	56.209	2921	3795
255	0.091	115.366	80.579	1.124	115.189	80.391	0.339	0.360	0.397	0.292	49.850	5451	3798
256	0.108	91.103	80.665	1.221	90.868	80.518	0.444	0.296	0.449	0.305	4.659	4301	3804
257	0.116	60.466	80.806	1.329	60.283	80.582	0.360	0.466	0.491	0.302	64.414	2857	3807
258	0.125	101.570	80.813	1.321	101.346	80.624	0.466	0.381	0.479	0.331	145.346	4791	3809
259	0.107	91.732	80.842	1.244	91.504	80.687	0.444	0.339	0.464	0.293	153.414	4326	3812
260	0.094	116.900	81.161	1.129	116.713	81.005	0.402	0.318	0.384	0.312	13.903	5519	3827
261	0.193	118.938	81.433	1.845	118.724	81.132	0.466	0.614	0.602	0.408	83.781	5615	3833
262	0.103	104.510	81.329	1.221	104.288	81.174	0.444	0.296	0.450	0.293	177.617	4936	3835
263	0.095	65.215	81.396	1.219	65.045	81.195	0.360	0.423	0.463	0.263	53.530	3084	3836
264	0.126	117.624	81.535	1.371	117.390	81.344	0.466	0.381	0.508	0.316	147.576	5548	3843
265	0.115	33.755	81.659	1.299	33.549	81.470	0.402	0.381	0.466	0.314	140.454	1588	3849
266	0.104	118.557	82.037	1.184	118.364	81.873	0.402	0.339	0.412	0.323	153.100	5595	3868
267	0.096	17.785	82.048	1.149	17.590	81.894	0.402	0.296	0.423	0.288	166.894	835	3869
268	0.096	96.826	82.238	1.196	96.668	82.021	0.296	0.444	0.448	0.273	103.891	4571	3875
269	0.120	69.450	82.419	1.304	69.236	82.232	0.444	0.381	0.486	0.315	34.238	3280	3885
270	0.095	71.040	82.534	1.129	70.866	82.338	0.339	0.381	0.391	0.309	54.992	3357	3890
271	0.113	80.113	82.554	1.316	79.883	82.381	0.444	0.360	0.471	0.305	150.737	3779	3892
272	0.099	108.687	82.683	1.184	108.479	82.508	0.402	0.339	0.430	0.295	29.657	5137	3898
273	0.130	67.957	82.789	1.371	67.733	82.592	0.444	0.402	0.497	0.334	35.323	3211	3902
274	0.107	81.614	82.921	1.251	81.470	82.677	0.296	0.466	0.456	0.299	93.063	3853	3906
275	0.112	30.466	82.958	1.291	30.247	82.762	0.423	0.402	0.471	0.303	139.608	1437	3910
276	0.121	93.775	83.164	1.306	93.620	82.931	0.318	0.466	0.492	0.314	74.492	4428	3918
277	0.102	82.626	83.242	1.232	82.423	83.079	0.423	0.339	0.433	0.299	23.218	3904	3925
278	0.112	110.923	83.270	1.286	110.702	83.100	0.444	0.360	0.477	0.298	30.788	5239	3926
279	0.123	85.872	83.445	1.329	85.640	83.270	0.466	0.360	0.489	0.319	156.162	4050	3934
280	0.114	74.507	83.784	1.279	74.295	83.566	0.402	0.423	0.479	0.303	50.416	3522	3948
281	0.084	56.914	83.820	1.142	56.748	83.630	0.339	0.381	0.450	0.239	127.348	2683	3951
282	0.093	88.697	83.981	1.204	88.477	83.841	0.444	0.275	0.459	0.258	7.773	4189	3961
283	0.121	116.035	84.081	1.311	115.866	83.841	0.339	0.466	0.466	0.330	103.276	5481	3961
284	0.096	103.101	84.298	1.154	102.891	84.159	0.423	0.296	0.416	0.295	7.078	4867	3976
285	0.109	60.687	84.421	1.256	60.516	84.201	0.339	0.444	0.463	0.299	62.858	2868	3978
286	0.126	99.452	84.503	1.383	99.208	84.328	0.508	0.339	0.525	0.305	158.659	4690	3984
287	0.120	16.955	84.627	1.311	16.743	84.434	0.423	0.381	0.475	0.321	148.621	797	3989
288	0.108	95.071	84.837	1.264	94.932	84.603	0.296	0.466	0.485	0.283	106.345	4485	3997
289	0.114	95.642	84.943	1.294	95.483	84.709	0.318	0.466	0.491	0.295	107.513	4514	4002
290	0.095	49.327	85.003	1.142	49.149	84.815	0.360	0.360	0.381	0.318	146.865	2327	4007
291	0.098	70.648	85.456	1.196	70.443	85.280	0.402	0.339	0.448	0.279	36.241	3340	4029
292	0.121	90.103	85.875	1.323	89.916	85.662	0.381	0.423	0.469	0.328	52.492	4256	4047
293	0.099	65.481	85.962	1.214	65.278	85.788	0.402	0.360	0.454	0.278	39.130	3094	4053
294	0.095	69.580	85.981	1.142	69.384	85.810	0.381	0.339	0.400	0.301	30.046	3288	4054
295	0.138	20.089	86.152	1.438	19.833	85.979	0.508	0.339	0.529	0.331	170.918	945	4062
296	0.103	81.969	86.213	1.196	81.788	86.042	0.381	0.360	0.423	0.309	39.639	3871	4065
297	0.092	84.990	86.317	1.137	84.836	86.127	0.296	0.402	0.411	0.285	86.311	4012	4069
298	0.093	116.276	86.939	1.149	116.078	86.783	0.402	0.296	0.422	0.280	16.023	5497	4100
299	0.122	122.333	86.967	1.311	122.089	86.804	0.466	0.339	0.476	0.327	13.578	5777	4101
300	0.102	127.515	87.012	1.209	127.360	86.804	0.318	0.423	0.424	0.307	97.397	6021	4101
301	0.098	24.141	87.384	1.196	23.940	87.207	0.381	0.360	0.446	0.280	41.719	1141	4120
302	0.133	103.244	87.436	1.378	102.997	87.270	0.487	0.339	0.505	0.336	14.030	4875	4123
303	0.091	23.004	87.899	1.124	22.818	87.736	0.360	0.339	0.400	0.291	141.751	1081	4145
304	0.121	112.466	88.023	1.311	112.247	87.842	0.444	0.360	0.476	0.325	24.103	5313	4150
305	0.134	11.805	88.092	1.401	11.536	87.926	0.529	0.339	0.524	0.324	165.287	550	4154
306	0.129	72.200	88.124	1.376	71.967	87.926	0.487	0.381	0.497	0.332	28.231	3410	4154
307	0.083	125.934	88.080	1.047	125.772	87.926	0.339	0.296	0.360	0.293	19.532	5947	4154
308	0.118	88.852	88.116	1.448	88.582	87.948	0.508	0.339	0.471	0.319	7.851	4199	4155
309	0.115	98.337	88.197	1.291	98.150	87.990	0.381	0.423	0.461	0.318	130.542	4639	4157
310	0.103	45.823	88.427	1.214	45.656	88.202	0.318	0.444	0.434	0.304	81.220	2163	4167
311	0.101	91.966	88.467	1.191	91.800	88.286	0.339	0.381	0.428	0.301	56.009	4344	4171
312	0.106	83.560	88.671	1.232	83.376	88.456	0.360	0.423	0.444	0.304	59.349	3949	4179
313	0.126	81.988	88.797	1.371	81.788	88.540	0.381	0.466	0.489	0.328	61.151	3876	4183
314	0.112	91.208	88.729	1.286	90.996	88.540	0.423	0.381	0.473	0.301	36.265	4311	4183
315	0.098	93.341	88.755	1.172	93.176	88.540	0.318	0.423	0.415	0.301	67.612	4410	4183
316	0.126	14.975	88.940	1.341	14.732	88.773	0.487	0.339	0.497	0.324	169.122	702	4194
317	0.119	43.944	89.051	1.316	43.773	88.815	0.339	0.487	0.499	0.304	109.826	2072	4196
318	0.102	123.354	88.968	1.184	123.148	88.815	0.423	0.318	0.415	0.313	6.267	5825	4196
319	0.099	83.011	89.141	1.167	82.846	88.964	0.339	0.381	0.410	0.306	62.667	3919	4203
320	0.114	47.368	89.246	1.269	47.138	89.069	0.444	0.339	0.465	0.312	153.468	2232	4208
321	0.108	77.706	89.550	1.281	77.512	89.344	0.381	0.402	0.455	0.303	48.613	3671	4221
322	0.111	62.962	89.678	1.269	62.738	89.514	0.466	0.318	0.476	0.297	16.571	2976	4229
323	0.117	111.450	89.813	1.353	111.273	89.577	0.360	0.466	0.520	0.287	61.572	5267	4232
324	0.092	99.786	89.804	1.112	99.632	89.620	0.318	0.381	0.367	0.319	107.828	4711	4234
325	0.113	59.419	89.875	1.274	59.246	89.662	0.360	0.444	0.477	0.301	61.607	2806	4236
326	0.112	21.118	89.851	1.286	20.870	89.704	0.487	0.318	0.479	0.297	6.510	996	4238
327	0.119	78.385	90.346	1.316	78.190	90.128	0.381	0.444	0.477	0.317	58.884	3703	4258
328	0.102	118.409	90.397	1.209	118.258	90.191	0.318	0.423	0.443	0.293	108.795	5589	4261
329	0.110	12.804	90.611	1.269	12.573	90.445	0.444	0.339	0.445	0.314	174.236	605	4273
330	0.115	22.632	90.788	1.306	22.394	90.636	0.466	0.318	0.461	0.317	10.883	1067	4282
331	0.110	82.546	91.258	1.264	82.402	91.017	0.296	0.466	0.479	0.292	79.645	3898	4300
332	0.099	60.956	91.840	1.244	60.770	91.630	0.381	0.402	0.450	0.281	43.633	2885	4329
333	0.118	87.557	91.821	1.256	87.355	91.630	0.402	0.381	0.453	0.331	39.636	4136	4329
334	0.113	58.576	91.897	1.261	58.378	91.673	0.381	0.423	0.465	0.309	50.515	2769	4331
335	0.124	39.554	92.230	1.341	39.391	92.012	0.360	0.466	0.485	0.325	67.208	1866	4347
336	0.119	102.088	92.308	1.311	101.918	92.075	0.339	0.466	0.471	0.321	108.592	4819	4350
337	0.114	92.800	92.862	1.323	92.625	92.604	0.318	0.487	0.470	0.308	92.204	4385	4375
338	0.122	75.032	93.051	1.304	74.824	92.858	0.423	0.402	0.469	0.331	38.386	3545	4387
339	0.111	82.405	93.101	1.239	82.232	92.879	0.339	0.423	0.439	0.321	72.226	3892	4388
340	0.125	126.463	94.193	1.334	126.238	93.980	0.444	0.402	0.497	0.319	38.502	5976	4440
341	0.103	74.592	94.745	1.232	74.380	94.552	0.402	0.381	0.442	0.297	35.613	3528	4467
342	0.120	79.548	94.826	1.348	79.396	94.573	0.296	0.508	0.514	0.298	95.734	3756	4468
343	0.107	38.430	94.919	1.269	38.206	94.763	0.466	0.318	0.463	0.294	172.705	1812	4477
344	0.118	72.660	95.111	1.329	72.432	94.932	0.466	0.360	0.509	0.296	25.952	3436	4485
345	0.099	68.817	95.178	1.189	68.622	95.017	0.402	0.339	0.428	0.296	29.045	3250	4489
346	0.110	125.120	95.216	1.291	124.904	95.038	0.444	0.381	0.457	0.306	31.371	5915	4490
347	0.122	86.624	95.378	1.341	86.445	95.165	0.360	0.466	0.475	0.327	68.242	4092	4496
348	0.116	27.847	95.522	1.269	27.686	95.292	0.318	0.466	0.455	0.323	89.351	1313	4502
349	0.107	121.016	95.570	1.359	120.840	95.356	0.402	0.423	0.412	0.329	74.996	5716	4505
350	0.117	15.907	95.881	1.264	15.684	95.716	0.444	0.318	0.473	0.315	14.686	750	4522
351	0.098	112.222	95.920	1.179	112.056	95.716	0.318	0.402	0.434	0.288	116.685	5298	4522
352	0.112	85.156	96.066	1.311	84.984	95.843	0.339	0.466	0.494	0.290	63.403	4023	4528
353	0.103	86.394	96.360	1.202	86.233	96.139	0.318	0.444	0.446	0.294	68.185	4083	4542
354	0.104	124.463	96.458	1.232	124.270	96.266	0.402	0.381	0.462	0.286	39.523	5883	4548
355	0.111	113.025	96.668	1.239	112.861	96.456	0.339	0.423	0.459	0.308	114.895	5334	4557
356	0.049	34.549	96.631	0.913	34.396	96.499	0.318	0.254	0.350	0.179	143.683	1626	4559
357	0.095	88.317	96.808	1.154	88.159	96.605	0.318	0.402	0.396	0.306	81.218	4171	4564
358	0.121	8.916	96.806	1.329	8.636	96.647	0.508	0.318	0.484	0.318	0.602	418	4566
359	0.120	127.520	97.497	1.311	127.296	97.346	0.466	0.318	0.469	0.326	6.308	6019	4599
360	0.089	107.604	97.586	1.094	107.442	97.409	0.318	0.360	0.390	0.291	126.790	5079	4602
361	0.090	118.481	97.705	1.112	118.343	97.494	0.296	0.402	0.396	0.289	85.777	5596	4606
362	0.110	55.429	97.884	1.276	55.224	97.705	0.402	0.360	0.452	0.309	38.236	2619	4616
363	0.124	53.537	98.074	1.316	53.361	97.832	0.360	0.466	0.479	0.330	64.632	2531	4622
364	0.100	103.283	98.054	1.214	103.103	97.854	0.360	0.402	0.451	0.282	121.181	4874	4623
365	0.103	76.504	98.220	1.226	76.348	97.980	0.318	0.444	0.449	0.291	72.933	3614	4629
366	0.079	127.537	98.226	1.082	127.339	98.086	0.402	0.275	0.395	0.254	9.193	6025	4634
367	0.110	14.106	98.934	1.286	13.864	98.764	0.466	0.339	0.478	0.294	14.976	669	4666
368	0.115	69.713	99.079	1.281	69.490	98.912	0.466	0.318	0.465	0.315	6.608	3292	4673
369	0.099	89.924	99.389	1.244	89.768	99.145	0.318	0.466	0.470	0.268	70.901	4250	4684
370	0.114	104.318	99.555	1.286	104.098	99.378	0.466	0.339	0.484	0.300	159.667	4922	4695
371	0.114	66.266	100.362	1.316	66.040	100.182	0.423	0.402	0.485	0.300	138.394	3123	4733
372	0.079	84.433	101.015	1.057	84.264	100.859	0.339	0.318	0.334	0.302	157.755	3986	4765
373	0.108	109.267	101.130	1.221	109.051	100.965	0.423	0.318	0.443	0.309	160.749	5157	4770
374	0.106	74.742	101.276	1.239	74.570	101.050	0.339	0.423	0.460	0.294	58.468	3533	4774
375	0.129	14.051	101.437	1.388	13.801	101.261	0.508	0.339	0.510	0.323	9.783	664	4784
376	0.116	76.877	101.685	1.311	76.708	101.452	0.339	0.466	0.515	0.288	118.532	3626	4793
377	0.122	28.875	101.972	1.334	28.638	101.790	0.487	0.360	0.507	0.306	152.226	1356	4809
378	0.103	12.886	102.041	1.209	12.658	101.896	0.466	0.275	0.464	0.284	2.269	605	4814
379	0.103	111.060	102.236	1.244	110.850	102.066	0.423	0.360	0.473	0.278	34.002	5248	4822
380	0.128	76.524	102.698	1.371	76.327	102.468	0.402	0.444	0.506	0.321	123.503	3610	4841
381	0.124	122.190	102.718	1.424	121.962	102.531	0.466	0.381	0.461	0.343	162.739	5768	4844
382	0.105	19.128	102.730	1.226	18.902	102.574	0.444	0.318	0.445	0.301	12.893	902	4846
383	0.110	53.239	102.767	1.261	53.044	102.574	0.402	0.402	0.464	0.303	45.510	2515	4846
384	0.114	46.284	102.928	1.256	46.122	102.701	0.339	0.444	0.437	0.333	88.546	2185	4852
385	0.110	64.580	102.978	1.261	64.347	102.806	0.444	0.360	0.480	0.292	147.013	3043	4857
386	0.117	115.325	103.121	1.329	115.083	102.955	0.466	0.318	0.472	0.315	7.262	5448	4864
387	0.103	15.171	103.543	1.214	14.965	103.378	0.402	0.360	0.408	0.323	32.763	714	4884
388	0.109	59.901	103.609	1.281	59.754	103.378	0.296	0.466	0.474	0.292	78.200	2829	4884
389	0.110	95.370	103.687	1.239	95.165	103.526	0.423	0.339	0.439	0.319	23.698	4504	4891
390	0.103	65.610	104.297	1.209	65.468	104.076	0.296	0.444	0.454	0.290	82.675	3097	4917
391	0.114	25.086	104.335	1.286	24.892	104.119	0.381	0.423	0.479	0.304	52.405	1187	4919
392	0.108	114.403	104.466	1.221	114.258	104.246	0.296	0.444	0.449	0.307	89.332	5402	4925
393	0.113	45.900	104.428	1.276	45.656	104.288	0.466	0.296	0.485	0.296	172.637	2162	4927
394	0.128	82.522	104.497	1.353	82.275	104.330	0.487	0.339	0.491	0.332	11.078	3896	4929
395	0.119	18.110	104.606	1.334	17.865	104.415	0.466	0.381	0.488	0.310	33.285	857	4933
396	0.125	25.210	104.996	1.371	25.019	104.775	0.381	0.466	0.507	0.313	60.994	1190	4950
397	0.125	85.809	105.068	1.366	85.556	104.902	0.487	0.339	0.505	0.316	20.418	4054	4956
398	0.095	79.544	105.466	1.149	79.396	105.262	0.296	0.402	0.425	0.283	70.477	3757	4973
399	0.113	55.682	105.637	1.256	55.478	105.452	0.402	0.381	0.440	0.327	41.561	2630	4982
400	0.095	52.683	105.714	1.124	52.514	105.537	0.339	0.360	0.356	0.338	129.123	2487	4986
401	0.118	72.855	106.254	1.316	72.686	106.003	0.339	0.487	0.478	0.315	103.615	3439	5008
402	0.115	63.987	106.746	1.301	63.839	106.511	0.296	0.466	0.484	0.303	96.175	3020	5032
403	0.116	42.058	106.832	1.274	41.868	106.638	0.402	0.402	0.452	0.327	42.576	1987	5038
404	0.084	91.136	106.870	1.117	90.932	106.722	0.423	0.296	0.404	0.265	12.793	4305	5042
405	0.107	39.032	107.537	1.232	38.820	107.357	0.423	0.360	0.456	0.299	146.418	1838	5072
406	0.107	102.415	107.759	1.214	102.256	107.548	0.339	0.423	0.441	0.308	111.871	4834	5081
407	0.105	12.458	107.731	1.191	12.256	107.569	0.402	0.318	0.423	0.316	12.536	586	5082
408	0.078	79.303	107.912	1.004	79.142	107.760	0.318	0.296	0.327	0.302	17.432	3744	5091
409	0.114	94.629	108.198	1.251	94.424	108.035	0.423	0.339	0.453	0.320	23.827	4469	5104
410	0.118	68.080	108.698	1.311	67.924	108.458	0.318	0.487	0.480	0.314	99.754	3213	5124
411	0.109	45.783	109.032	1.269	45.635	108.797	0.318	0.466	0.471	0.294	99.404	2160	5140
412	0.112	62.093	109.070	1.281	61.912	108.860	0.360	0.423	0.479	0.299	118.967	2928	5143
413	0.102	30.009	109.292	1.226	29.824	109.093	0.360	0.402	0.445	0.292	52.085	1420	5154
414	0.121	79.514	109.669	1.359	79.290	109.453	0.423	0.423	0.496	0.311	43.416	3760	5171
415	0.050	72.390	109.644	0.842	72.284	109.495	0.212	0.296	0.315	0.203	65.044	3421	5173
416	0.106	70.007	109.776	1.202	69.829	109.580	0.360	0.402	0.408	0.330	115.141	3305	5177
417	0.116	58.854	110.010	1.251	58.632	109.855	0.444	0.318	0.450	0.327	3.332	2775	5190
418	0.042	61.757	110.004	0.800	61.616	109.897	0.275	0.212	0.296	0.179	17.414	2919	5192
419	0.111	63.755	110.689	1.232	63.585	110.490	0.360	0.423	0.422	0.336	66.042	3011	5220
420	0.121	79.947	111.034	1.329	79.756	110.829	0.402	0.423	0.492	0.314	48.844	3779	5236
421	0.105	121.201	111.049	1.244	120.968	110.892	0.466	0.318	0.448	0.299	171.481	5721	5239
422	0.107	100.911	111.259	1.256	100.753	111.019	0.318	0.466	0.472	0.289	113.572	4763	5245
423	0.113	35.864	111.231	1.269	35.645	111.062	0.444	0.339	0.462	0.313	25.994	1694	5247
424	0.093	104.703	111.562	1.142	104.521	111.379	0.360	0.360	0.421	0.281	136.641	4942	5262
425	0.127	82.871	112.299	1.498	82.550	112.141	0.593	0.318	0.575	0.282	8.741	3921	5298
426	0.105	119.837	112.444	1.214	119.613	112.289	0.444	0.318	0.444	0.302	169.565	5657	5305
427	0.087	83.914	112.668	1.112	83.735	112.480	0.339	0.360	0.401	0.276	56.438	3964	5314
428	0.126	74.229	112.827	1.334	74.041	112.586	0.381	0.466	0.492	0.326	60.048	3507	5319
429	0.118	59.280	112.869	1.311	59.118	112.628	0.318	0.487	0.493	0.305	79.543	2799	5321
430	0.078	46.035	113.036	1.042	45.910	112.861	0.254	0.360	0.376	0.264	84.284	2171	5332
431	0.107	28.998	113.727	1.221	28.766	113.580	0.444	0.296	0.454	0.299	2.039	1367	5366
432	0.112	46.257	113.979	1.294	46.101	113.728	0.296	0.487	0.490	0.290	94.613	2183	5373
433	0.114	71.712	114.151	1.244	71.522	113.961	0.381	0.402	0.454	0.319	132.252	3381	5384
434	0.085	105.220	114.966	1.052	105.050	114.808	0.339	0.318	0.370	0.291	146.324	4966	5424
435	0.122	119.733	115.043	1.304	119.507	114.850	0.444	0.381	0.482	0.322	33.042	5659	5426
436	0.123	75.779	115.376	1.359	75.544	115.210	0.466	0.339	0.482	0.326	2.735	3578	5443
437	0.100	97.297	115.520	1.179	97.134	115.316	0.318	0.402	0.415	0.308	74.380	4595	5448
438	0.100	118.536	115.849	1.184	118.343	115.676	0.402	0.339	0.429	0.296	30.459	5601	5465
439	0.112	80.626	115.949	1.264	80.391	115.803	0.466	0.296	0.473	0.303	177.147	3805	5471
440	0.114	67.210	116.150	1.261	67.014	115.951	0.402	0.402	0.464	0.314	131.382	3169	5478
441	0.109	44.602	116.887	1.226	44.450	116.650	0.318	0.444	0.456	0.304	111.020	2103	5511
442	0.119	115.864	116.946	1.316	115.634	116.755	0.444	0.381	0.487	0.310	36.335	5474	5516
443	0.087	91.978	117.399	1.112	91.800	117.221	0.339	0.360	0.387	0.286	54.027	4346	5538
444	0.069	8.883	117.508	1.110	8.721	117.327	0.360	0.360	0.364	0.241	140.451	415	5543
445	0.110	110.617	117.603	1.261	110.426	117.390	0.381	0.423	0.483	0.290	50.233	5228	5546
446	0.091	118.256	118.185	1.137	118.068	118.025	0.360	0.339	0.399	0.291	34.742	5586	5576
447	0.083	116.497	118.287	1.052	116.332	118.131	0.339	0.318	0.359	0.294	32.791	5501	5581
448	0.079	92.767	118.439	1.022	92.604	118.279	0.318	0.318	0.356	0.282	41.782	4382	5588
449	0.118	73.720	119.213	1.341	73.470	119.041	0.487	0.339	0.511	0.294	158.289	3477	5624
450	0.116	111.363	119.753	1.311	111.210	119.507	0.318	0.487	0.486	0.303	82.621	5259	5646
451	0.105	98.395	119.842	1.202	98.213	119.655	0.360	0.402	0.426	0.314	126.433	4643	5653
452	0.111	43.340	120.451	1.256	43.180	120.227	0.339	0.444	0.469	0.300	62.784	2048	5680
453	0.125	24.384	121.185	1.334	24.172	120.968	0.423	0.423	0.500	0.317	43.174	1156	5715
454	0.096	45.059	121.245	1.159	44.894	121.052	0.339	0.402	0.423	0.290	59.877	2129	5719
455	0.095	36.374	121.316	1.137	36.195	121.158	0.381	0.318	0.394	0.305	26.639	1716	5724
456	0.090	106.396	121.835	1.167	106.193	121.645	0.381	0.339	0.424	0.269	36.012	5030	5747
457	0.108	106.281	122.805	1.226	106.066	122.618	0.402	0.360	0.436	0.314	38.125	5020	5793
458	0.112	60.228	123.963	1.269	60.071	123.719	0.318	0.466	0.471	0.303	104.138	2844	5845
459	0.100	93.632	124.198	1.221	93.408	124.058	0.466	0.275	0.480	0.266	167.545	4416	5861
460	0.101	58.207	124.300	1.209	58.060	124.079	0.296	0.444	0.456	0.281	106.749	2746	5862
461	0.114	85.224	124.465	1.353	85.069	124.227	0.318	0.508	0.491	0.295	103.405	4025	5869
462	0.085	119.240	124.716	1.082	119.084	124.524	0.296	0.381	0.375	0.288	101.345	5632	5883
463	0.103	85.527	124.802	1.184	85.365	124.587	0.318	0.423	0.424	0.310	76.326	4039	5886
464	0.129	111.042	125.109	1.376	110.808	124.883	0.444	0.423	0.498	0.331	39.461	5249	5900
465	0.126	45.286	125.190	1.353	45.127	124.947	0.318	0.508	0.503	0.320	93.829	2136	5903
466	0.098	116.898	125.464	1.189	116.713	125.264	0.360	0.402	0.429	0.292	53.464	5524	5918
467	0.103	19.262	125.778	1.196	19.092	125.582	0.339	0.402	0.432	0.304	62.068	909	5933
468	0.119	68.823	126.422	1.301	68.644	126.238	0.360	0.360	0.394	0.383	161.319	3246	5964
469	0.120	59.986	126.549	1.323	59.817	126.302	0.318	0.487	0.511	0.298	106.775	2830	5967
470	0.098	65.693	126.979	1.159	65.532	126.788	0.339	0.402	0.407	0.307	60.208	3102	5990
471	0.102	122.484	126.992	1.167	122.301	126.831	0.381	0.339	0.412	0.314	32.080	5784	5992
472	0.104	103.314	127.252	1.202	103.124	127.064	0.381	0.381	0.445	0.298	40.935	4882	6003
473	0.112	75.528	127.632	1.291	75.353	127.381	0.339	0.487	0.466	0.305	72.363	3569	6018
474	0.099	112.214	127.767	1.226	112.035	127.572	0.360	0.402	0.477	0.264	50.524	5302	6027
475	0.117	67.046	128.057	1.311	66.866	127.826	0.339	0.466	0.477	0.312	72.998	3167	6039
476	0.103	117.812	129.611	1.196	117.623	129.434	0.381	0.360	0.424	0.308	42.481	5565	6115
477	0.096	106.946	129.768	1.159	106.786	129.561	0.339	0.402	0.430	0.284	58.167	5053	6121
478	0.087	53.985	129.853	1.089	53.827	129.667	0.296	0.360	0.369	0.302	99.750	2548	6126
479	0.040	69.951	129.925	0.763	69.829	129.794	0.233	0.254	0.284	0.181	53.544	3305	6132
480	0.093	106.920	131.321	1.142	106.701	131.170	0.423	0.296	0.397	0.299	0.410	5047	6197
481	0.104	97.660	131.407	1.196	97.430	131.254	0.444	0.296	0.442	0.300	174.017	4609	6201
482	0.118	111.222	131.581	1.274	111.019	131.382	0.402	0.402	0.454	0.332	44.548	5254	6207
483	0.063	111.949	131.725	0.937	111.802	131.572	0.296	0.296	0.297	0.269	35.144	5290	6216
484	0.084	102.283	131.947	1.069	102.108	131.784	0.339	0.339	0.364	0.293	43.073	4832	6226
485	0.112	92.101	131.971	1.256	91.884	131.805	0.444	0.339	0.466	0.305	154.607	4344	6227
486	0.110	85.214	132.555	1.269	85.069	132.313	0.296	0.487	0.482	0.291	88.924	4024	6251
487	0.074	105.816	133.876	1.004	105.664	133.710	0.296	0.318	0.355	0.265	53.520	4999	6317
488	0.098	47.709	134.000	1.219	47.540	133.794	0.339	0.444	0.436	0.287	107.986	2249	6321
