 	Area	X	Y	Perim.	BX	BY	Width	Height	Major	Minor	Angle	XStart	YStart
1	0.132	102.682	12.200	1.418	102.489	11.938	0.381	0.508	0.518	0.324	116.299	4849	564
2	0.134	74.563	12.232	1.396	74.401	11.980	0.339	0.508	0.506	0.337	89.435	3520	566
3	0.077	57.260	12.169	1.159	57.065	12.002	0.402	0.318	0.404	0.243	22.495	2708	567
4	0.121	31.681	13.049	1.366	31.475	12.827	0.402	0.423	0.498	0.309	43.396	1502	606
5	0.146	90.548	13.251	1.443	90.276	13.081	0.529	0.360	0.522	0.355	3.620	4274	618
6	0.110	37.267	13.885	1.286	37.084	13.674	0.381	0.423	0.493	0.284	50.683	1762	646
7	0.121	107.340	13.985	1.359	107.167	13.737	0.339	0.487	0.499	0.308	106.519	5068	649
8	0.122	93.827	14.524	1.353	93.662	14.266	0.318	0.508	0.521	0.298	104.260	4429	674
9	0.141	97.292	14.808	1.466	97.113	14.542	0.381	0.529	0.550	0.327	114.372	4591	687
10	0.131	82.536	14.836	1.413	82.338	14.584	0.381	0.487	0.534	0.312	59.787	3902	689
11	0.138	104.715	15.095	1.413	104.542	14.859	0.360	0.508	0.505	0.347	101.983	4941	702
12	0.110	110.252	15.544	1.274	110.088	15.325	0.339	0.444	0.442	0.317	89.375	5205	724
13	0.135	97.349	15.589	1.396	97.176	15.346	0.360	0.487	0.513	0.335	113.168	4593	725
14	0.162	48.395	15.665	1.593	48.070	15.452	0.593	0.402	0.595	0.346	18.749	2289	730
15	0.131	94.760	15.745	1.401	94.552	15.515	0.402	0.466	0.511	0.326	128.875	4476	733
16	0.135	112.817	15.803	1.453	112.628	15.558	0.402	0.508	0.488	0.353	76.055	5329	735
17	0.088	126.391	15.867	1.117	126.238	15.663	0.296	0.381	0.388	0.289	68.717	5972	740
18	0.128	101.295	16.339	1.364	101.092	16.108	0.402	0.466	0.494	0.330	120.169	4780	761
19	0.101	105.410	16.339	1.179	105.241	16.150	0.339	0.381	0.391	0.330	112.708	4980	763
20	0.130	112.861	16.389	1.366	112.670	16.150	0.360	0.466	0.475	0.349	78.366	5330	763
21	0.147	114.199	16.805	1.466	113.982	16.552	0.444	0.487	0.523	0.357	54.926	5397	782
22	0.115	87.816	17.042	1.286	87.630	16.828	0.381	0.423	0.456	0.322	55.621	4149	795
23	0.107	95.611	17.038	1.214	95.419	16.849	0.381	0.381	0.437	0.312	131.341	4511	796
24	0.144	91.067	17.451	1.436	90.826	17.230	0.466	0.444	0.533	0.344	139.115	4296	814
25	0.127	67.156	18.784	1.401	66.992	18.521	0.339	0.529	0.547	0.296	107.135	3168	875
26	0.111	104.543	18.853	1.311	104.373	18.627	0.339	0.444	0.478	0.295	67.774	4938	880
27	0.125	99.561	19.059	1.418	99.272	18.881	0.529	0.360	0.532	0.299	21.844	4705	892
28	0.127	40.849	19.177	1.371	40.598	19.008	0.508	0.339	0.510	0.317	8.537	1931	898
29	0.078	33.384	19.607	1.117	33.253	19.389	0.275	0.423	0.416	0.240	72.349	1577	916
30	0.075	71.842	19.548	1.022	71.670	19.410	0.339	0.296	0.364	0.264	29.209	3392	917
31	0.125	44.047	19.609	1.316	43.815	19.431	0.466	0.360	0.469	0.341	163.466	2076	918
32	0.147	35.552	20.406	1.510	35.370	20.130	0.360	0.550	0.570	0.329	72.252	1679	951
33	0.135	110.312	20.497	1.383	110.067	20.320	0.487	0.360	0.506	0.339	9.111	5211	960
34	0.113	41.389	20.725	1.281	41.148	20.553	0.466	0.318	0.466	0.310	0.287	1955	971
35	0.142	14.617	21.073	1.443	14.351	20.892	0.529	0.360	0.543	0.334	162.284	684	987
36	0.115	94.295	21.287	1.286	94.044	21.124	0.466	0.339	0.451	0.325	177.761	4452	998
37	0.124	120.777	21.613	1.348	120.565	21.442	0.466	0.339	0.476	0.331	0.704	5709	1013
38	0.133	79.433	21.718	1.353	79.184	21.548	0.487	0.339	0.492	0.344	7.256	3749	1018
39	0.146	118.193	22.044	1.461	118.004	21.780	0.381	0.529	0.549	0.338	116.184	5578	1029
40	0.108	26.266	22.023	1.214	26.035	21.865	0.444	0.318	0.444	0.311	7.999	1239	1033
41	0.107	71.822	22.080	1.281	71.586	21.929	0.487	0.296	0.475	0.286	13.605	3390	1036
42	0.074	126.837	22.405	1.004	126.661	22.267	0.339	0.275	0.348	0.272	25.750	5990	1052
43	0.137	45.049	22.487	1.443	44.789	22.310	0.529	0.360	0.524	0.333	159.672	2119	1054
44	0.126	105.259	22.726	1.334	105.029	22.542	0.466	0.381	0.500	0.320	32.721	4972	1065
45	0.111	18.919	22.862	1.311	18.775	22.627	0.296	0.508	0.502	0.282	78.957	893	1069
46	0.125	39.009	23.038	1.388	38.820	22.796	0.402	0.466	0.502	0.316	119.289	1838	1077
47	0.112	27.226	23.428	1.316	26.966	23.262	0.508	0.318	0.495	0.288	8.785	1289	1099
48	0.144	126.338	24.009	1.468	126.132	23.770	0.423	0.466	0.548	0.335	128.733	5959	1123
49	0.135	65.618	24.443	1.443	65.447	24.172	0.339	0.550	0.555	0.310	103.241	3097	1142
50	0.080	33.176	24.529	1.082	33.041	24.320	0.254	0.423	0.415	0.246	88.007	1566	1149
51	0.121	52.203	24.633	1.329	51.964	24.469	0.508	0.318	0.498	0.309	171.561	2462	1156
52	0.129	39.079	24.909	1.353	38.926	24.659	0.339	0.487	0.485	0.339	91.431	1842	1165
53	0.118	42.966	25.550	1.286	42.757	25.358	0.423	0.381	0.458	0.328	147.142	2025	1198
54	0.065	131.516	25.515	0.980	131.382	25.358	0.275	0.318	0.313	0.263	89.230	6210	1198
55	0.127	23.773	25.673	1.383	23.622	25.421	0.318	0.529	0.524	0.309	96.098	1120	1201
56	0.160	34.389	25.652	1.563	34.100	25.442	0.572	0.402	0.592	0.345	156.217	1618	1202
57	0.128	108.628	25.767	1.413	108.458	25.485	0.339	0.529	0.529	0.309	70.516	5133	1204
58	0.142	118.834	26.094	1.443	118.618	25.844	0.423	0.466	0.523	0.347	56.278	5615	1221
59	0.084	131.447	26.059	1.094	131.297	25.887	0.318	0.360	0.366	0.291	64.725	6210	1223
60	0.126	63.087	26.171	1.383	62.865	25.972	0.444	0.402	0.524	0.306	146.400	2973	1227
61	0.094	103.796	26.334	1.142	103.590	26.183	0.402	0.318	0.393	0.305	12.791	4901	1237
62	0.115	86.235	26.723	1.304	86.021	26.522	0.402	0.423	0.482	0.303	136.087	4069	1253
63	0.132	70.122	27.155	1.413	69.956	26.903	0.339	0.529	0.541	0.311	74.260	3312	1271
64	0.144	76.005	27.173	1.448	75.798	26.924	0.402	0.487	0.524	0.349	59.876	3592	1272
65	0.152	22.085	27.243	1.486	21.823	27.051	0.529	0.381	0.559	0.347	160.002	1035	1278
66	0.141	128.434	27.234	1.473	128.164	27.072	0.550	0.339	0.543	0.330	0.843	6065	1279
67	0.132	129.746	27.332	1.399	129.561	27.072	0.381	0.529	0.492	0.341	72.822	6131	1279
68	0.137	110.963	27.361	1.396	110.786	27.114	0.360	0.487	0.486	0.359	94.357	5240	1281
69	0.111	34.540	27.440	1.316	34.354	27.220	0.360	0.466	0.523	0.270	124.477	1625	1286
70	0.142	74.410	27.454	1.438	74.168	27.263	0.487	0.381	0.511	0.353	24.248	3516	1288
71	0.107	69.642	27.537	1.381	69.469	27.305	0.381	0.466	0.459	0.297	57.582	3287	1290
72	0.118	24.614	27.938	1.348	24.448	27.686	0.318	0.487	0.492	0.306	109.421	1158	1308
73	0.099	49.809	27.913	1.184	49.615	27.728	0.381	0.360	0.429	0.294	41.978	2353	1310
74	0.156	107.733	28.449	1.503	107.506	28.215	0.444	0.487	0.552	0.361	124.282	5082	1333
75	0.074	30.981	28.520	1.077	30.798	28.363	0.360	0.296	0.390	0.242	30.693	1468	1340
76	0.127	77.060	28.627	1.448	76.835	28.384	0.444	0.444	0.511	0.316	35.435	3646	1341
77	0.112	15.280	28.813	1.221	15.071	28.660	0.423	0.318	0.429	0.331	178.828	716	1354
78	0.143	33.658	29.011	1.431	33.464	28.766	0.402	0.487	0.525	0.348	62.954	1590	1359
79	0.135	111.047	29.190	1.418	110.871	28.935	0.360	0.529	0.536	0.320	110.407	5241	1367
80	0.140	76.263	29.264	1.438	76.094	28.998	0.318	0.550	0.551	0.324	90.183	3601	1370
81	0.115	120.233	29.216	1.353	120.036	28.998	0.360	0.466	0.461	0.317	77.884	5679	1370
82	0.135	118.592	29.328	1.453	118.364	29.104	0.466	0.444	0.576	0.298	136.976	5594	1375
83	0.118	45.787	29.568	1.299	45.572	29.400	0.466	0.339	0.454	0.330	169.108	2159	1389
84	0.128	117.785	30.040	1.388	117.581	29.803	0.423	0.444	0.510	0.320	135.592	5558	1408
85	0.156	94.280	30.217	1.486	94.107	29.951	0.360	0.550	0.546	0.364	84.545	4451	1415
86	0.150	127.584	30.242	1.503	127.296	30.057	0.550	0.381	0.540	0.353	8.197	6030	1420
87	0.102	117.345	30.439	1.202	117.158	30.247	0.381	0.381	0.415	0.312	134.147	5540	1429
88	0.159	56.420	30.522	1.521	56.155	30.311	0.529	0.402	0.564	0.360	22.781	2667	1432
89	0.125	78.596	30.682	1.346	78.422	30.416	0.339	0.508	0.493	0.324	105.071	3712	1437
90	0.129	119.975	30.835	1.388	119.782	30.586	0.402	0.466	0.513	0.322	123.888	5664	1445
91	0.123	68.307	31.236	1.316	68.114	31.030	0.402	0.423	0.476	0.328	46.103	3230	1466
92	0.123	69.478	31.476	1.378	69.321	31.221	0.296	0.529	0.533	0.293	84.672	3281	1475
93	0.117	75.400	31.789	1.256	75.205	31.602	0.381	0.402	0.435	0.342	132.716	3557	1493
94	0.119	76.683	32.113	1.299	76.518	31.877	0.339	0.466	0.487	0.310	113.735	3618	1506
95	0.134	120.177	32.626	1.401	119.973	32.406	0.423	0.444	0.516	0.330	132.631	5669	1531
96	0.150	93.703	32.873	1.510	93.514	32.597	0.360	0.550	0.571	0.335	100.274	4423	1540
97	0.125	81.464	33.084	1.346	81.280	32.851	0.381	0.466	0.502	0.316	118.063	3844	1552
98	0.129	29.425	33.279	1.396	29.274	33.020	0.318	0.529	0.519	0.317	97.377	1387	1560
99	0.122	76.465	33.380	1.388	76.285	33.126	0.339	0.529	0.548	0.284	110.193	3608	1565
100	0.152	61.388	33.619	1.478	61.172	33.380	0.444	0.487	0.549	0.353	52.400	2901	1577
101	0.130	33.342	34.045	1.353	33.168	33.803	0.360	0.466	0.505	0.327	114.994	1570	1597
102	0.120	92.762	34.334	1.304	92.583	34.100	0.360	0.466	0.467	0.328	67.948	4383	1611
103	0.118	89.856	34.429	1.299	89.662	34.205	0.360	0.444	0.438	0.342	78.318	4244	1616
104	0.137	119.291	34.451	1.563	119.041	34.269	0.466	0.402	0.513	0.339	142.903	5625	1619
105	0.124	91.018	34.752	1.376	90.847	34.502	0.339	0.529	0.529	0.299	67.596	4300	1630
106	0.157	103.503	34.933	1.515	103.293	34.671	0.402	0.529	0.549	0.365	68.747	4889	1638
107	0.105	18.135	35.043	1.209	17.928	34.883	0.423	0.318	0.432	0.310	10.957	855	1648
108	0.118	64.032	35.215	1.311	63.818	35.031	0.423	0.381	0.468	0.320	31.181	3026	1655
109	0.117	59.281	35.293	1.329	59.118	35.052	0.318	0.508	0.503	0.297	73.949	2800	1656
110	0.128	121.683	35.273	1.346	121.454	35.073	0.466	0.381	0.485	0.336	149.044	5743	1657
111	0.123	60.818	35.376	1.388	60.642	35.094	0.360	0.508	0.491	0.319	68.871	2875	1658
112	0.116	62.794	35.421	1.346	62.611	35.200	0.381	0.444	0.496	0.298	124.873	2959	1663
113	0.123	36.140	35.578	1.359	35.920	35.391	0.444	0.381	0.481	0.325	148.818	1702	1672
114	0.145	78.444	35.754	1.496	78.232	35.496	0.423	0.529	0.571	0.323	122.072	3699	1677
115	0.142	76.468	35.786	1.431	76.285	35.518	0.360	0.529	0.524	0.345	106.189	3610	1678
116	0.133	32.833	35.965	1.426	32.597	35.793	0.508	0.360	0.535	0.316	23.567	1550	1691
117	0.106	51.139	36.583	1.226	50.906	36.428	0.444	0.318	0.448	0.301	17.414	2416	1721
118	0.128	55.140	36.979	1.353	54.885	36.809	0.508	0.318	0.508	0.320	6.506	2603	1739
119	0.120	66.709	37.061	1.323	66.527	36.830	0.360	0.444	0.494	0.309	59.322	3152	1740
120	0.134	28.107	37.124	1.413	27.940	36.851	0.339	0.529	0.535	0.320	78.515	1326	1741
121	0.139	100.924	37.204	1.436	100.711	36.957	0.423	0.487	0.523	0.339	52.190	4770	1746
122	0.120	85.856	37.547	1.341	85.683	37.296	0.360	0.466	0.514	0.297	122.488	4050	1762
123	0.137	76.018	38.191	1.408	75.840	37.952	0.360	0.487	0.500	0.349	83.193	3589	1793
124	0.127	99.893	38.308	1.364	99.695	38.058	0.381	0.466	0.474	0.342	59.260	4721	1798
125	0.087	33.704	38.685	1.161	33.570	38.481	0.275	0.423	0.439	0.252	101.648	1587	1818
126	0.137	112.279	38.826	1.456	112.099	38.566	0.339	0.529	0.538	0.323	103.412	5302	1822
127	0.103	127.002	38.758	1.196	126.788	38.608	0.423	0.318	0.432	0.304	168.953	5995	1824
128	0.091	60.408	38.895	1.149	60.262	38.693	0.296	0.402	0.419	0.275	93.059	2851	1828
129	0.114	58.191	39.093	1.341	58.039	38.820	0.296	0.529	0.500	0.291	97.659	2749	1834
130	0.135	96.849	39.041	1.408	96.605	38.862	0.487	0.360	0.532	0.323	24.230	4575	1836
131	0.128	46.704	39.466	1.388	46.461	39.285	0.508	0.360	0.505	0.322	158.479	2200	1856
132	0.120	90.430	39.570	1.369	90.212	39.306	0.402	0.466	0.459	0.332	50.666	4275	1857
133	0.122	126.821	39.526	1.353	126.556	39.370	0.508	0.318	0.517	0.302	169.912	5986	1860
134	0.144	82.824	39.737	1.461	82.614	39.497	0.423	0.487	0.545	0.337	126.137	3906	1866
135	0.115	55.173	39.849	1.304	54.991	39.624	0.360	0.444	0.464	0.316	122.477	2604	1872
136	0.124	126.702	39.922	1.353	126.450	39.772	0.508	0.318	0.499	0.315	178.902	5982	1879
137	0.153	21.857	40.053	1.498	21.654	39.793	0.402	0.508	0.557	0.349	65.003	1032	1880
138	0.142	77.080	40.108	1.443	76.898	39.836	0.360	0.529	0.514	0.352	97.504	3640	1882
139	0.132	66.469	40.307	1.396	66.294	40.047	0.339	0.508	0.517	0.326	78.757	3141	1892
140	0.131	91.430	40.270	1.388	91.144	40.090	0.529	0.339	0.505	0.331	0.557	4318	1894
141	0.113	80.361	40.345	1.279	80.179	40.132	0.402	0.423	0.463	0.311	130.484	3791	1896
142	0.130	79.031	41.598	1.346	78.846	41.360	0.381	0.466	0.485	0.341	116.633	3730	1954
143	0.103	48.765	42.024	1.306	48.556	41.825	0.402	0.360	0.424	0.311	12.614	2310	1976
144	0.121	39.496	42.372	1.311	39.306	42.164	0.381	0.423	0.465	0.333	121.644	1860	1992
145	0.128	78.859	42.731	1.388	78.676	42.482	0.360	0.508	0.522	0.313	113.435	3721	2007
146	0.121	50.100	42.979	1.346	49.869	42.799	0.466	0.360	0.487	0.315	155.043	2361	2022
147	0.124	30.182	43.466	1.366	30.014	43.222	0.318	0.508	0.512	0.309	88.575	1423	2042
148	0.113	75.869	43.575	1.279	75.692	43.349	0.381	0.444	0.457	0.316	122.182	3580	2048
149	0.125	59.432	43.926	1.364	59.224	43.709	0.444	0.423	0.511	0.313	136.437	2800	2065
150	0.129	73.649	44.172	1.468	73.491	43.900	0.296	0.593	0.566	0.290	85.558	3480	2074
151	0.140	64.607	44.174	1.438	64.431	43.921	0.339	0.529	0.541	0.330	100.839	3048	2075
152	0.087	113.043	44.323	1.149	112.903	44.111	0.275	0.423	0.441	0.252	100.976	5337	2084
153	0.116	36.051	44.383	1.299	35.878	44.154	0.360	0.444	0.465	0.319	117.389	1701	2086
154	0.148	80.413	46.189	1.461	80.179	45.953	0.444	0.466	0.529	0.357	131.092	3795	2171
155	0.118	96.780	46.776	1.334	96.541	46.567	0.444	0.402	0.466	0.323	28.130	4578	2200
156	0.136	31.275	46.790	1.401	31.030	46.609	0.508	0.360	0.518	0.335	16.126	1476	2202
157	0.118	31.788	46.860	1.299	31.560	46.694	0.466	0.339	0.462	0.326	179.825	1502	2206
158	0.143	38.627	47.336	1.448	38.396	47.096	0.466	0.444	0.531	0.343	138.786	1819	2225
159	0.129	40.503	47.316	1.364	40.280	47.096	0.444	0.423	0.512	0.321	139.910	1907	2225
160	0.131	106.546	47.736	1.366	106.341	47.519	0.402	0.423	0.483	0.346	48.814	5034	2245
161	0.084	88.509	47.913	1.069	88.350	47.731	0.318	0.360	0.373	0.286	123.307	4178	2255
162	0.121	26.074	48.512	1.366	25.908	48.281	0.339	0.466	0.519	0.296	68.001	1231	2281
163	0.125	81.106	48.937	1.329	80.920	48.704	0.360	0.466	0.499	0.318	114.887	3828	2301
164	0.115	124.013	49.034	1.269	123.804	48.832	0.402	0.381	0.420	0.349	35.680	5860	2307
165	0.116	67.943	49.086	1.316	67.712	48.895	0.444	0.381	0.485	0.306	35.354	3210	2310
166	0.123	98.454	49.156	1.329	98.234	48.958	0.444	0.381	0.473	0.331	30.950	4651	2313
167	0.120	38.435	49.293	1.304	38.248	49.064	0.381	0.444	0.490	0.311	126.824	1810	2318
168	0.139	69.706	49.331	1.431	69.532	49.064	0.360	0.529	0.534	0.331	107.774	3289	2318
169	0.106	39.895	49.257	1.202	39.666	49.086	0.444	0.318	0.425	0.318	4.677	1882	2319
170	0.144	47.563	49.714	1.443	47.392	49.445	0.360	0.529	0.533	0.344	93.887	2244	2336
171	0.103	70.613	49.963	1.219	70.443	49.742	0.339	0.444	0.442	0.297	115.334	3332	2350
172	0.108	16.967	49.912	1.256	16.743	49.763	0.466	0.296	0.468	0.293	175.594	796	2351
173	0.105	116.281	50.156	1.226	116.120	49.953	0.339	0.423	0.430	0.312	116.164	5487	2360
174	0.117	81.074	50.443	1.318	80.941	50.186	0.275	0.508	0.521	0.286	97.390	3826	2371
175	0.135	75.776	50.483	1.491	75.586	50.229	0.402	0.466	0.491	0.351	122.722	3575	2373
176	0.145	33.005	50.782	1.515	32.830	50.504	0.339	0.550	0.561	0.329	96.871	1557	2386
177	0.135	18.647	50.772	1.408	18.415	50.610	0.487	0.360	0.521	0.331	22.449	877	2391
178	0.080	29.535	50.825	1.052	29.358	50.673	0.360	0.296	0.386	0.265	155.674	1390	2394
179	0.113	49.315	51.591	1.281	49.064	51.435	0.466	0.318	0.459	0.315	7.028	2328	2430
180	0.150	14.413	51.966	1.563	14.097	51.795	0.614	0.339	0.585	0.327	2.227	679	2447
181	0.112	32.791	52.764	1.329	32.618	52.557	0.360	0.423	0.438	0.324	113.557	1544	2483
182	0.091	77.035	52.846	1.112	76.856	52.663	0.339	0.360	0.380	0.303	121.154	3636	2488
183	0.110	73.823	53.373	1.244	73.596	53.213	0.466	0.318	0.452	0.310	176.148	3484	2514
184	0.124	38.788	53.850	1.406	38.544	53.679	0.466	0.360	0.503	0.314	152.887	1825	2536
185	0.123	87.754	54.010	1.304	87.545	53.806	0.423	0.402	0.439	0.356	134.218	4141	2542
186	0.133	124.534	55.074	1.376	124.333	54.843	0.423	0.444	0.493	0.344	130.471	5878	2591
187	0.121	83.675	55.262	1.316	83.460	55.076	0.423	0.402	0.479	0.322	141.052	3945	2602
188	0.129	60.796	55.499	1.388	60.537	55.330	0.529	0.339	0.513	0.321	8.308	2875	2614
189	0.136	122.978	55.621	1.413	122.809	55.372	0.360	0.508	0.511	0.338	79.145	5808	2616
190	0.117	87.654	55.572	1.304	87.418	55.393	0.466	0.360	0.476	0.314	160.314	4136	2617
191	0.130	58.138	55.886	1.461	57.891	55.690	0.466	0.402	0.479	0.345	32.915	2748	2631
192	0.146	49.312	55.876	1.461	49.043	55.711	0.550	0.360	0.550	0.337	168.733	2320	2632
193	0.106	84.334	56.595	1.256	84.159	56.367	0.339	0.444	0.458	0.294	66.940	3985	2663
194	0.118	81.432	56.785	1.311	81.238	56.578	0.402	0.402	0.476	0.315	44.822	3851	2673
195	0.073	13.311	56.924	1.045	13.166	56.727	0.318	0.360	0.390	0.240	125.658	625	2680
196	0.136	121.121	57.308	1.431	120.925	57.044	0.381	0.508	0.521	0.333	109.481	5720	2695
197	0.121	44.307	57.344	1.281	44.090	57.171	0.423	0.360	0.449	0.343	23.580	2091	2701
198	0.118	45.345	57.445	1.311	45.148	57.235	0.402	0.402	0.475	0.317	42.076	2145	2704
199	0.126	62.896	57.621	1.383	62.717	57.362	0.360	0.487	0.502	0.321	69.914	2973	2710
200	0.113	125.493	57.663	1.286	125.307	57.446	0.381	0.423	0.461	0.313	129.458	5925	2714
201	0.142	69.439	58.448	1.426	69.236	58.187	0.360	0.508	0.511	0.354	84.022	3281	2749
202	0.090	43.916	58.544	1.124	43.709	58.378	0.381	0.318	0.400	0.287	35.219	2073	2758
203	0.110	114.371	58.727	1.276	114.215	58.484	0.296	0.466	0.472	0.296	88.086	5402	2763
204	0.128	108.924	59.285	1.406	108.670	59.118	0.529	0.339	0.518	0.315	171.718	5141	2793
205	0.138	120.914	59.672	1.448	120.714	59.415	0.381	0.508	0.518	0.341	65.144	5715	2807
206	0.095	114.314	60.023	1.167	114.152	59.838	0.339	0.381	0.413	0.292	56.948	5399	2827
207	0.221	21.311	60.178	1.942	21.018	59.859	0.572	0.614	0.694	0.406	45.082	1007	2828
208	0.099	46.196	60.339	1.184	45.995	60.177	0.423	0.318	0.440	0.286	21.393	2182	2843
209	0.141	54.397	60.368	1.401	54.144	60.198	0.508	0.360	0.509	0.352	0.149	2564	2844
210	0.094	30.172	60.478	1.167	29.972	60.325	0.402	0.296	0.413	0.290	178.222	1425	2850
211	0.155	105.461	60.670	1.498	105.198	60.473	0.508	0.402	0.549	0.359	26.895	4982	2857
212	0.134	127.978	61.377	1.406	127.741	61.193	0.487	0.381	0.515	0.331	152.814	6039	2891
213	0.116	28.402	62.945	1.353	28.173	62.759	0.444	0.381	0.506	0.293	149.955	1332	2965
214	0.138	13.926	63.299	1.396	13.674	63.119	0.508	0.339	0.510	0.344	1.142	654	2982
215	0.064	51.718	63.396	1.022	51.562	63.267	0.339	0.254	0.359	0.226	5.438	2439	2989
216	0.140	77.798	63.505	1.436	77.576	63.288	0.466	0.423	0.496	0.359	145.571	3668	2990
217	0.106	92.859	63.521	1.202	92.689	63.331	0.360	0.402	0.422	0.319	123.375	4381	2992
218	0.114	62.481	63.621	1.269	62.251	63.436	0.444	0.339	0.448	0.324	14.677	2952	2997
219	0.155	99.841	63.810	1.515	99.632	63.564	0.444	0.487	0.543	0.362	131.532	4709	3003
220	0.099	64.304	65.022	1.239	64.135	64.812	0.339	0.423	0.464	0.270	52.485	3043	3062
221	0.137	95.743	65.900	1.401	95.525	65.680	0.444	0.423	0.512	0.341	143.732	4516	3103
222	0.143	112.542	66.258	1.478	112.289	66.061	0.529	0.381	0.544	0.336	162.483	5311	3121
223	0.142	70.141	66.537	1.510	69.977	66.273	0.339	0.572	0.568	0.318	72.967	3312	3131
224	0.130	20.145	66.624	1.353	19.918	66.442	0.466	0.360	0.493	0.337	157.756	945	3139
225	0.127	104.562	66.795	1.364	104.352	66.569	0.423	0.444	0.513	0.315	134.234	4933	3145
226	0.124	86.158	66.882	1.341	85.979	66.633	0.339	0.487	0.498	0.317	104.466	4068	3148
227	0.141	43.079	67.116	1.431	42.841	66.908	0.466	0.423	0.513	0.349	143.580	2030	3161
228	0.096	27.841	67.206	1.214	27.622	67.056	0.444	0.318	0.450	0.272	29.008	1314	3168
229	0.132	83.295	67.472	1.401	83.100	67.225	0.381	0.487	0.508	0.330	69.232	3935	3176
230	0.128	96.700	67.462	1.346	96.478	67.246	0.423	0.423	0.495	0.329	135.491	4564	3177
231	0.117	76.198	67.642	1.286	76.031	67.416	0.339	0.466	0.476	0.314	112.923	3595	3185
232	0.100	87.183	68.407	1.264	87.037	68.178	0.296	0.466	0.489	0.262	110.803	4114	3221
233	0.147	68.324	68.697	1.461	68.072	68.495	0.508	0.402	0.545	0.344	29.747	3228	3236
234	0.151	127.449	68.901	1.515	127.169	68.728	0.572	0.360	0.564	0.342	178.389	6017	3247
235	0.103	23.918	69.080	1.214	23.728	68.898	0.381	0.381	0.430	0.306	45.435	1130	3255
236	0.124	34.990	69.145	1.341	34.819	68.898	0.339	0.487	0.501	0.315	68.849	1653	3255
237	0.108	79.219	69.409	1.226	79.058	69.194	0.339	0.423	0.446	0.309	114.392	3738	3269
238	0.129	95.264	69.475	1.388	95.060	69.257	0.423	0.444	0.529	0.311	132.280	4493	3272
239	0.086	52.526	69.872	1.124	52.324	69.744	0.423	0.275	0.415	0.263	4.670	2477	3295
240	0.121	101.363	70.876	1.346	101.092	70.697	0.508	0.339	0.499	0.308	14.426	4792	3340
241	0.107	124.152	71.208	1.321	123.910	71.035	0.466	0.339	0.478	0.285	24.952	5867	3356
242	0.141	56.644	71.634	1.466	56.452	71.374	0.381	0.550	0.562	0.319	66.310	2676	3372
243	0.152	53.414	71.630	1.515	53.150	71.416	0.487	0.423	0.530	0.366	30.109	2525	3374
244	0.106	75.269	71.711	1.196	75.057	71.543	0.423	0.318	0.431	0.314	167.924	3552	3380
245	0.113	52.629	71.812	1.311	52.388	71.670	0.508	0.296	0.486	0.297	6.020	2481	3386
246	0.144	126.356	71.972	1.461	126.069	71.797	0.572	0.339	0.556	0.330	0.861	5968	3392
247	0.125	94.128	72.031	1.359	93.895	71.861	0.508	0.339	0.487	0.325	178.551	4442	3395
248	0.108	124.058	72.260	1.223	123.910	72.051	0.296	0.402	0.419	0.326	88.548	5862	3404
249	0.116	32.147	72.829	1.311	32.004	72.580	0.318	0.487	0.462	0.320	87.931	1515	3429
250	0.127	31.723	73.636	1.366	31.560	73.385	0.318	0.508	0.517	0.312	101.125	1496	3467
251	0.139	33.653	73.856	1.431	33.486	73.575	0.339	0.550	0.528	0.335	90.760	1588	3476
252	0.127	13.001	73.862	1.371	12.742	73.681	0.487	0.360	0.497	0.325	165.323	611	3481
253	0.132	118.654	74.066	1.388	118.449	73.829	0.402	0.466	0.515	0.326	125.059	5599	3488
254	0.116	33.990	74.360	1.334	33.824	74.126	0.360	0.444	0.467	0.315	121.274	1599	3502
255	0.126	27.973	74.532	1.391	27.834	74.253	0.296	0.529	0.546	0.294	100.934	1317	3508
256	0.070	53.037	74.917	0.980	52.853	74.782	0.339	0.275	0.341	0.263	150.715	2501	3533
257	0.137	116.353	75.354	1.443	116.099	75.163	0.508	0.381	0.514	0.339	161.404	5496	3551
258	0.146	35.997	75.978	1.600	35.814	75.713	0.381	0.529	0.548	0.338	93.594	1698	3577
259	0.108	43.436	75.961	1.329	43.180	75.798	0.508	0.318	0.504	0.271	165.453	2051	3581
260	0.114	38.796	76.125	1.274	38.629	75.904	0.360	0.444	0.445	0.325	112.013	1827	3586
261	0.122	66.914	76.233	1.329	66.738	76.010	0.339	0.487	0.493	0.315	104.668	3156	3591
262	0.110	58.104	76.227	1.256	57.912	76.031	0.360	0.423	0.465	0.302	126.353	2740	3592
263	0.149	30.960	76.327	1.498	30.713	76.115	0.487	0.423	0.548	0.347	30.975	1467	3596
264	0.142	109.903	76.740	1.441	109.664	76.518	0.487	0.444	0.533	0.338	40.232	5195	3615
265	0.066	14.082	76.827	0.937	13.928	76.666	0.275	0.318	0.316	0.268	100.594	664	3622
266	0.147	116.210	77.129	1.468	116.036	76.877	0.360	0.529	0.525	0.355	76.566	5487	3632
267	0.120	23.675	77.202	1.311	23.432	77.026	0.466	0.339	0.481	0.318	21.440	1119	3639
268	0.121	56.610	77.671	1.341	56.452	77.406	0.318	0.508	0.500	0.309	90.898	2672	3657
269	0.134	62.269	77.891	1.408	62.103	77.639	0.339	0.508	0.525	0.326	83.053	2940	3668
270	0.126	63.212	78.000	1.361	63.056	77.766	0.318	0.487	0.498	0.322	81.899	2984	3674
271	0.138	53.530	78.367	1.448	53.234	78.211	0.550	0.339	0.531	0.331	3.028	2525	3695
272	0.143	104.801	78.491	1.456	104.563	78.274	0.487	0.402	0.537	0.340	147.273	4942	3698
273	0.129	106.386	78.714	1.388	106.172	78.486	0.423	0.444	0.518	0.317	46.312	5031	3708
274	0.118	56.604	78.725	1.334	56.367	78.550	0.466	0.360	0.473	0.317	23.553	2674	3711
275	0.121	91.561	78.832	1.334	91.377	78.592	0.381	0.466	0.495	0.310	125.763	4320	3713
276	0.136	96.997	78.786	1.371	96.774	78.592	0.466	0.381	0.487	0.356	161.620	4577	3713
277	0.126	14.724	79.255	1.346	14.499	79.058	0.444	0.402	0.480	0.335	136.874	688	3735
278	0.151	98.683	79.267	1.521	98.404	79.079	0.550	0.360	0.555	0.347	176.452	4662	3736
279	0.097	79.738	79.562	1.179	79.587	79.354	0.296	0.423	0.413	0.300	79.621	3767	3749
280	0.169	11.104	79.599	1.583	10.816	79.417	0.572	0.381	0.570	0.377	5.715	523	3752
281	0.149	61.437	79.817	1.508	61.193	79.544	0.444	0.508	0.558	0.339	50.601	2907	3758
282	0.127	14.635	80.366	1.346	14.436	80.137	0.423	0.423	0.493	0.327	139.897	685	3786
283	0.046	20.564	80.312	0.793	20.447	80.158	0.233	0.275	0.261	0.225	94.283	971	3787
284	0.185	10.752	80.608	1.750	10.456	80.370	0.572	0.466	0.583	0.404	24.219	517	3797
285	0.140	35.283	81.233	1.418	35.094	80.962	0.360	0.529	0.519	0.343	106.780	1666	3825
286	0.168	19.392	81.355	1.558	19.114	81.153	0.550	0.402	0.591	0.361	155.686	907	3834
287	0.116	45.203	82.004	1.304	45.000	81.767	0.381	0.444	0.479	0.307	55.416	2137	3863
288	0.120	44.538	82.291	1.341	44.344	82.084	0.402	0.402	0.470	0.324	133.857	2097	3878
289	0.129	113.031	82.466	1.436	112.818	82.232	0.423	0.466	0.523	0.314	45.066	5343	3885
290	0.128	120.637	83.287	1.346	120.460	83.058	0.360	0.466	0.466	0.349	102.532	5696	3924
291	0.132	98.329	83.451	1.461	98.108	83.270	0.487	0.402	0.497	0.339	19.170	4644	3934
292	0.146	85.366	83.997	1.486	85.196	83.693	0.339	0.572	0.546	0.340	94.861	4031	3954
293	0.125	17.839	84.785	1.378	17.674	84.540	0.318	0.508	0.515	0.308	81.321	843	3994
294	0.139	55.056	84.874	1.418	54.864	84.624	0.381	0.508	0.520	0.340	62.254	2602	3998
295	0.090	14.857	85.137	1.094	14.668	84.984	0.381	0.296	0.387	0.296	13.628	700	4015
296	0.130	20.950	85.191	1.408	20.722	85.005	0.466	0.381	0.499	0.332	19.835	995	4016
297	0.116	49.050	85.278	1.299	48.853	85.069	0.381	0.423	0.469	0.317	55.034	2318	4019
298	0.138	81.284	85.486	1.418	81.047	85.280	0.444	0.423	0.510	0.344	136.690	3835	4029
299	0.141	38.052	85.750	1.450	37.867	85.492	0.360	0.508	0.547	0.328	110.382	1793	4039
300	0.145	57.899	86.189	1.431	57.700	85.937	0.381	0.508	0.499	0.371	81.948	2735	4060
301	0.114	54.154	86.363	1.304	53.954	86.148	0.402	0.423	0.477	0.305	42.237	2561	4070
302	0.090	16.859	87.103	1.124	16.700	86.910	0.318	0.381	0.399	0.287	109.661	792	4106
303	0.132	123.590	87.167	1.426	123.423	86.932	0.360	0.508	0.520	0.322	67.350	5838	4107
304	0.117	121.003	88.388	1.304	120.840	88.138	0.339	0.487	0.461	0.324	99.701	5715	4164
305	0.160	11.278	88.549	1.605	10.964	88.371	0.593	0.360	0.561	0.363	173.193	526	4175
306	0.116	93.948	88.732	1.269	93.726	88.561	0.444	0.339	0.446	0.330	2.698	4437	4184
307	0.124	21.377	88.822	1.329	21.167	88.625	0.423	0.402	0.483	0.326	139.478	1003	4187
308	0.149	55.543	88.849	1.461	55.308	88.625	0.466	0.444	0.529	0.359	44.468	2624	4187
309	0.115	36.350	88.922	1.269	36.110	88.773	0.466	0.318	0.474	0.308	166.674	1710	4194
310	0.125	81.777	89.074	1.378	81.619	88.836	0.318	0.508	0.512	0.312	89.366	3860	4197
311	0.145	45.342	89.364	1.466	45.106	89.133	0.466	0.466	0.540	0.342	134.743	2135	4211
312	0.124	68.755	89.437	1.353	68.601	89.175	0.318	0.508	0.511	0.308	85.580	3247	4213
313	0.122	55.571	89.439	1.346	55.372	89.218	0.402	0.444	0.482	0.323	54.433	2626	4215
314	0.117	71.180	89.755	1.323	71.035	89.514	0.318	0.487	0.490	0.305	79.384	3361	4229
315	0.131	40.637	90.049	1.443	40.407	89.831	0.487	0.402	0.553	0.302	146.410	1911	4244
316	0.121	11.114	90.391	1.353	10.880	90.234	0.508	0.318	0.505	0.305	171.876	517	4263
317	0.153	48.357	90.503	1.503	48.133	90.276	0.487	0.444	0.547	0.356	143.778	2276	4265
318	0.155	74.014	90.553	1.503	73.808	90.297	0.402	0.529	0.539	0.367	107.771	3492	4266
319	0.116	100.521	90.905	1.291	100.330	90.678	0.381	0.444	0.477	0.309	128.031	4745	4284
320	0.148	70.773	92.130	1.456	70.591	91.884	0.360	0.529	0.523	0.360	86.217	3341	4341
321	0.151	81.470	92.389	1.533	81.280	92.117	0.360	0.572	0.552	0.349	98.682	3846	4352
322	0.142	95.437	93.152	1.473	95.229	92.901	0.402	0.508	0.549	0.328	60.976	4510	4389
323	0.144	40.108	93.238	1.443	39.836	93.049	0.529	0.360	0.525	0.348	8.258	1895	4396
324	0.130	33.835	93.577	1.401	33.655	93.324	0.360	0.508	0.522	0.318	68.108	1601	4409
325	0.131	45.870	93.629	1.383	45.699	93.387	0.360	0.487	0.512	0.325	66.052	2167	4412
326	0.153	80.549	93.696	1.530	80.391	93.408	0.318	0.572	0.587	0.332	88.287	3803	4413
327	0.142	40.935	93.975	1.438	40.767	93.705	0.339	0.529	0.531	0.340	79.470	1934	4427
328	0.125	26.604	94.123	1.448	26.374	93.916	0.444	0.423	0.516	0.307	137.469	1246	4437
329	0.145	98.329	94.236	1.448	98.150	93.959	0.360	0.550	0.540	0.341	107.101	4643	4439
330	0.117	67.042	94.364	1.323	66.887	94.128	0.318	0.487	0.499	0.299	97.838	3164	4447
331	0.141	54.370	94.590	1.431	54.187	94.340	0.381	0.508	0.506	0.355	73.867	2568	4457
332	0.130	114.253	94.619	1.381	114.067	94.361	0.360	0.529	0.502	0.330	104.111	5396	4458
333	0.151	44.569	94.949	1.461	44.386	94.678	0.381	0.529	0.528	0.364	78.352	2105	4473
334	0.124	11.196	95.375	1.329	10.943	95.208	0.487	0.339	0.478	0.331	169.619	524	4498
335	0.110	119.163	95.520	1.239	118.936	95.356	0.423	0.339	0.450	0.311	150.710	5623	4505
336	0.142	11.138	95.996	1.461	10.858	95.800	0.550	0.360	0.512	0.354	176.788	524	4526
337	0.148	53.587	96.372	1.496	53.340	96.118	0.466	0.487	0.580	0.325	48.852	2534	4541
338	0.133	102.072	96.445	1.359	101.854	96.245	0.444	0.402	0.485	0.349	140.040	4815	4547
339	0.123	17.855	96.953	1.359	17.653	96.710	0.381	0.466	0.500	0.314	57.732	848	4569
340	0.155	26.755	97.244	1.473	26.480	97.049	0.529	0.381	0.533	0.370	165.677	1259	4585
341	0.146	69.356	97.529	1.456	69.173	97.261	0.360	0.508	0.518	0.358	103.388	3275	4595
342	0.146	56.915	97.680	1.480	56.748	97.409	0.339	0.550	0.551	0.337	79.179	2688	4602
343	0.120	41.917	97.838	1.311	41.741	97.621	0.339	0.466	0.466	0.327	94.800	1977	4612
344	0.114	42.877	98.217	1.321	42.714	97.980	0.339	0.487	0.490	0.297	112.554	2020	4629
345	0.127	100.326	98.645	1.376	100.076	98.467	0.508	0.360	0.498	0.325	13.345	4740	4652
346	0.111	119.221	98.730	1.286	119.062	98.488	0.318	0.466	0.478	0.296	72.070	5633	4653
347	0.130	91.669	99.034	1.406	91.419	98.848	0.508	0.381	0.536	0.310	156.199	4324	4670
348	0.136	59.088	99.650	1.359	58.886	99.420	0.402	0.444	0.475	0.365	123.273	2786	4697
349	0.132	105.127	100.207	1.376	104.923	99.970	0.381	0.487	0.492	0.342	107.143	4963	4723
350	0.116	17.303	100.196	1.316	17.103	99.991	0.402	0.402	0.463	0.320	46.301	819	4724
351	0.136	53.908	100.482	1.431	53.721	100.203	0.360	0.529	0.514	0.336	100.553	2544	4734
352	0.149	77.581	100.856	1.545	77.385	100.563	0.381	0.572	0.571	0.333	74.812	3667	4751
353	0.115	95.154	100.830	1.294	94.911	100.690	0.487	0.296	0.487	0.300	1.064	4490	4757
354	0.122	52.757	102.209	1.299	52.536	102.023	0.423	0.381	0.446	0.348	148.844	2489	4820
355	0.068	15.487	102.584	0.950	15.346	102.426	0.275	0.318	0.313	0.275	98.902	729	4839
356	0.105	105.865	102.845	1.274	105.706	102.595	0.318	0.466	0.455	0.295	97.475	5000	4847
357	0.108	94.971	103.130	1.264	94.742	102.976	0.466	0.296	0.471	0.293	177.395	4485	4865
358	0.065	15.966	103.159	0.992	15.812	103.039	0.318	0.254	0.335	0.245	8.869	751	4868
359	0.140	77.543	103.319	1.478	77.343	103.060	0.381	0.529	0.532	0.336	71.860	3664	4869
360	0.112	108.361	103.345	1.261	108.162	103.145	0.402	0.402	0.458	0.310	135.597	5113	4873
361	0.145	47.359	103.462	1.456	47.180	103.188	0.339	0.550	0.550	0.335	93.992	2235	4875
362	0.082	63.324	103.415	1.052	63.140	103.272	0.381	0.275	0.383	0.273	164.799	2988	4879
363	0.118	92.135	103.900	1.376	91.906	103.717	0.466	0.360	0.482	0.311	151.883	4344	4900
364	0.110	124.319	103.937	1.251	124.164	103.738	0.339	0.423	0.442	0.316	65.658	5871	4901
365	0.120	22.515	104.438	1.341	22.331	104.225	0.381	0.444	0.503	0.303	53.232	1064	4924
366	0.145	129.521	104.518	1.538	129.265	104.330	0.529	0.402	0.528	0.350	11.333	6120	4929
367	0.146	16.051	105.920	1.443	15.854	105.664	0.381	0.508	0.502	0.370	104.084	757	4992
368	0.118	41.152	106.216	1.304	40.979	106.003	0.381	0.423	0.440	0.341	120.543	1939	5008
369	0.126	66.581	106.170	1.348	66.336	106.003	0.487	0.318	0.495	0.325	7.145	3143	5008
370	0.108	62.768	106.390	1.226	62.611	106.172	0.318	0.444	0.461	0.297	107.220	2961	5016
371	0.134	103.660	106.455	1.371	103.463	106.236	0.423	0.423	0.503	0.339	135.899	4890	5019
372	0.086	110.560	106.551	1.082	110.384	106.384	0.339	0.339	0.362	0.301	39.545	5223	5026
373	0.112	45.096	108.165	1.274	44.916	107.950	0.360	0.423	0.455	0.312	119.574	2126	5100
374	0.161	41.764	108.413	1.515	41.571	108.162	0.402	0.529	0.549	0.373	67.117	1971	5110
375	0.125	46.130	108.814	1.294	45.910	108.648	0.444	0.339	0.458	0.347	5.129	2174	5133
376	0.129	116.797	109.231	1.401	116.628	108.966	0.339	0.529	0.536	0.308	105.538	5515	5148
377	0.137	75.764	109.458	1.413	75.586	109.199	0.360	0.508	0.503	0.346	103.460	3577	5159
378	0.159	75.409	110.019	1.515	75.142	109.834	0.550	0.381	0.550	0.369	170.917	3554	5189
379	0.107	58.041	110.102	1.299	57.891	109.855	0.296	0.508	0.490	0.278	82.775	2743	5190
380	0.103	64.602	110.850	1.204	64.452	110.638	0.296	0.423	0.435	0.303	81.195	3050	5227
381	0.128	111.803	111.165	1.371	111.548	110.998	0.508	0.339	0.502	0.324	177.818	5280	5244
382	0.124	128.167	111.624	1.311	128.016	111.379	0.318	0.487	0.483	0.326	88.107	6052	5262
383	0.129	91.879	112.112	1.366	91.715	111.866	0.339	0.487	0.519	0.316	73.449	4339	5285
384	0.132	23.606	112.142	1.406	23.389	111.929	0.466	0.423	0.517	0.324	139.709	1108	5288
385	0.148	127.998	112.165	1.563	127.762	111.950	0.487	0.423	0.521	0.362	33.677	6048	5289
386	0.099	59.833	113.031	1.196	59.626	112.861	0.423	0.318	0.438	0.289	21.882	2829	5332
387	0.145	11.231	113.370	1.456	10.964	113.178	0.529	0.360	0.543	0.339	14.877	533	5347
388	0.109	118.548	113.711	1.276	118.406	113.474	0.318	0.444	0.462	0.300	105.028	5596	5361
389	0.126	23.614	113.829	1.353	23.453	113.602	0.339	0.487	0.493	0.327	94.557	1110	5367
390	0.132	119.030	113.975	1.418	118.830	113.728	0.402	0.487	0.524	0.320	58.972	5624	5373
391	0.087	57.965	113.945	1.099	57.764	113.792	0.402	0.296	0.398	0.278	8.784	2737	5376
392	0.134	55.138	114.048	1.371	54.885	113.877	0.487	0.360	0.497	0.342	170.806	2599	5380
393	0.099	100.105	114.231	1.299	99.886	114.025	0.381	0.402	0.430	0.294	57.890	4728	5387
394	0.144	29.715	115.045	1.461	29.506	114.808	0.423	0.487	0.523	0.351	58.270	1404	5424
395	0.110	24.668	115.057	1.256	24.490	114.850	0.360	0.402	0.444	0.315	126.362	1161	5426
396	0.122	61.272	115.177	1.366	61.108	114.914	0.318	0.508	0.534	0.292	71.195	2897	5429
397	0.134	26.439	115.546	1.371	26.268	115.295	0.339	0.508	0.507	0.336	81.981	1248	5447
398	0.111	76.581	115.515	1.251	76.390	115.337	0.381	0.381	0.451	0.313	41.415	3616	5449
399	0.129	59.955	115.932	1.341	59.796	115.697	0.339	0.487	0.491	0.333	80.712	2829	5466
400	0.141	41.961	116.921	1.456	41.783	116.692	0.381	0.508	0.515	0.348	69.719	1980	5513
401	0.134	37.592	116.973	1.378	37.423	116.734	0.339	0.487	0.514	0.332	107.359	1770	5515
402	0.127	105.223	117.276	1.353	104.966	117.115	0.508	0.318	0.512	0.315	0.823	4969	5533
403	0.130	58.814	117.783	1.473	58.610	117.517	0.381	0.487	0.494	0.335	66.942	2778	5552
404	0.143	97.440	117.779	1.508	97.261	117.517	0.381	0.550	0.537	0.340	68.009	4605	5552
405	0.132	117.256	117.999	1.408	117.073	117.750	0.339	0.508	0.506	0.333	91.594	5538	5563
406	0.149	34.946	118.364	1.491	34.734	118.110	0.423	0.487	0.524	0.361	121.353	1646	5580
407	0.123	34.305	118.523	1.334	34.121	118.258	0.360	0.487	0.489	0.320	62.989	1623	5587
408	0.132	52.419	118.477	1.359	52.176	118.279	0.466	0.381	0.474	0.354	24.814	2478	5588
409	0.117	43.824	118.537	1.341	43.603	118.343	0.444	0.381	0.485	0.307	31.485	2075	5591
410	0.132	50.662	118.625	1.383	50.504	118.364	0.339	0.508	0.515	0.327	99.692	2389	5592
411	0.043	29.223	118.727	0.853	29.104	118.576	0.233	0.296	0.308	0.176	66.522	1380	5602
412	0.134	109.450	119.282	1.401	109.199	119.062	0.466	0.402	0.499	0.340	32.888	5174	5625
413	0.142	113.856	119.416	1.413	113.602	119.232	0.508	0.360	0.513	0.352	12.562	5376	5633
414	0.145	100.051	119.704	1.478	99.758	119.507	0.550	0.381	0.549	0.337	18.760	4729	5646
415	0.104	73.790	119.829	1.209	73.618	119.634	0.360	0.381	0.444	0.299	129.357	3480	5652
416	0.164	32.189	120.656	1.556	31.940	120.417	0.487	0.487	0.565	0.368	135.237	1514	5689
417	0.109	117.698	120.659	1.226	117.538	120.438	0.318	0.444	0.439	0.317	99.238	5558	5690
418	0.101	108.765	120.747	1.224	108.606	120.523	0.360	0.444	0.409	0.314	85.492	5138	5694
419	0.095	119.355	120.708	1.124	119.168	120.544	0.381	0.318	0.382	0.315	165.836	5635	5695
420	0.138	94.428	120.830	1.413	94.192	120.650	0.466	0.360	0.479	0.365	169.632	4457	5700
421	0.151	125.929	121.697	1.478	125.688	121.476	0.487	0.444	0.541	0.355	146.659	5943	5739
422	0.082	127.331	122.086	1.052	127.169	121.920	0.296	0.360	0.368	0.282	112.631	6012	5760
423	0.132	39.411	122.416	1.426	39.243	122.153	0.339	0.529	0.529	0.317	75.772	1860	5771
424	0.158	20.188	122.563	1.496	19.939	122.343	0.508	0.444	0.548	0.367	146.962	947	5780
425	0.123	110.982	122.692	1.311	110.744	122.534	0.487	0.318	0.501	0.312	167.079	5235	5789
426	0.142	12.292	122.748	1.473	12.023	122.576	0.572	0.339	0.555	0.326	7.607	578	5791
427	0.134	120.332	122.869	1.371	120.163	122.618	0.339	0.508	0.499	0.342	86.963	5683	5793
428	0.060	14.984	123.505	0.915	14.817	123.380	0.318	0.233	0.310	0.247	178.372	704	5829
429	0.102	109.501	123.690	1.167	109.305	123.508	0.381	0.339	0.400	0.325	23.514	5174	5835
430	0.138	40.851	123.855	1.418	40.661	123.613	0.381	0.508	0.514	0.342	112.053	1925	5840
431	0.100	127.404	123.906	1.154	127.233	123.719	0.339	0.381	0.377	0.338	95.610	6017	5845
432	0.111	62.987	123.890	1.264	62.759	123.740	0.466	0.296	0.487	0.289	166.431	2968	5846
433	0.135	58.526	124.059	1.396	58.272	123.889	0.508	0.339	0.511	0.337	8.266	2765	5853
434	0.134	93.685	124.296	1.436	93.451	124.121	0.487	0.381	0.494	0.344	19.056	4425	5864
435	0.143	113.926	124.545	1.461	113.750	124.270	0.360	0.550	0.538	0.339	93.129	5381	5871
436	0.097	104.136	124.695	1.214	103.971	124.502	0.360	0.402	0.437	0.282	58.428	4920	5882
437	0.121	84.321	124.758	1.329	84.095	124.566	0.444	0.381	0.479	0.321	146.975	3979	5885
438	0.130	117.131	126.249	1.359	116.967	126.005	0.339	0.487	0.486	0.342	86.173	5532	5953
439	0.155	115.345	126.410	1.491	115.083	126.196	0.508	0.423	0.535	0.369	154.602	5446	5962
440	0.117	110.257	126.553	1.281	110.088	126.323	0.339	0.444	0.452	0.331	104.721	5205	5968
441	0.131	97.685	127.687	1.388	97.494	127.444	0.381	0.487	0.511	0.327	64.348	4615	6021
442	0.129	48.453	127.716	1.418	48.239	127.508	0.466	0.423	0.486	0.338	131.120	2283	6024
443	0.084	108.791	127.783	1.069	108.648	127.572	0.275	0.402	0.385	0.277	92.948	5138	6027
444	0.128	102.026	127.917	1.376	101.854	127.677	0.360	0.508	0.508	0.321	69.919	4820	6032
445	0.105	64.029	127.936	1.244	63.860	127.720	0.339	0.444	0.452	0.297	66.125	3025	6034
446	0.136	80.425	127.954	1.396	80.179	127.762	0.466	0.381	0.504	0.343	24.819	3801	6036
447	0.154	98.717	128.137	1.528	98.552	127.868	0.360	0.550	0.561	0.349	81.857	4661	6041
448	0.111	52.717	128.302	1.274	52.557	128.058	0.318	0.487	0.478	0.296	99.715	2487	6050
449	0.148	69.786	128.369	1.498	69.575	128.122	0.402	0.508	0.551	0.341	115.616	3291	6053
450	0.138	65.839	129.057	1.443	65.659	128.799	0.339	0.529	0.518	0.338	93.566	3109	6085
451	0.121	115.258	129.504	1.371	115.083	129.222	0.339	0.508	0.486	0.318	95.633	5442	6105
452	0.125	62.090	129.562	1.346	61.934	129.307	0.339	0.508	0.484	0.329	82.929	2932	6109
453	0.134	116.314	129.686	1.413	116.099	129.455	0.423	0.444	0.478	0.356	125.263	5490	6116
454	0.072	78.378	129.884	0.985	78.232	129.709	0.296	0.339	0.321	0.286	96.103	3702	6128
455	0.155	90.663	130.643	1.665	90.466	130.366	0.381	0.614	0.555	0.356	84.341	4283	6159
456	0.080	103.639	130.751	1.069	103.484	130.577	0.318	0.360	0.370	0.276	113.370	4892	6169
457	0.110	55.852	131.379	1.244	55.690	131.149	0.318	0.466	0.455	0.308	103.803	2635	6196
458	0.138	104.977	131.810	1.431	104.775	131.551	0.381	0.508	0.525	0.335	114.399	4956	6215
459	0.052	70.249	131.700	0.942	70.083	131.593	0.360	0.233	0.336	0.197	12.906	3319	6217
460	0.084	103.836	131.816	1.094	103.674	131.636	0.318	0.360	0.378	0.284	60.986	4905	6219
461	0.107	68.350	132.218	1.304	68.178	131.995	0.381	0.423	0.404	0.336	87.268	3228	6236
