 	Area	X	Y	Perim.	BX	BY	Width	Height	Major	Minor	Angle	XStart	YStart
1	0.114	77.078	11.018	1.286	76.898	10.795	0.360	0.444	0.457	0.317	69.066	3642	510
2	0.113	72.673	12.327	1.256	72.475	12.150	0.423	0.360	0.444	0.325	34.359	3432	574
3	0.112	73.008	12.728	1.281	72.856	12.488	0.318	0.466	0.471	0.302	99.209	3446	590
4	0.136	90.559	12.857	1.448	90.382	12.594	0.360	0.529	0.536	0.324	76.825	4278	595
5	0.123	60.953	12.832	1.329	60.748	12.636	0.423	0.402	0.500	0.314	42.279	2879	597
6	0.101	120.342	13.671	1.196	120.163	13.483	0.360	0.381	0.418	0.307	55.677	5684	637
7	0.094	83.080	14.231	1.189	82.868	14.055	0.402	0.360	0.451	0.264	140.007	3918	664
8	0.117	70.434	14.329	1.311	70.189	14.182	0.487	0.318	0.474	0.314	3.071	3322	670
9	0.123	73.735	15.005	1.353	73.554	14.774	0.360	0.466	0.520	0.301	118.039	3479	698
10	0.105	82.978	15.112	1.196	82.783	14.944	0.402	0.339	0.440	0.304	30.203	3920	706
11	0.098	49.867	16.341	1.226	49.720	16.129	0.296	0.444	0.450	0.278	100.509	2352	762
12	0.124	82.014	16.613	1.353	81.852	16.362	0.318	0.487	0.497	0.318	80.333	3874	773
13	0.136	24.385	16.798	1.366	24.215	16.552	0.339	0.487	0.501	0.345	83.479	1149	782
14	0.111	78.310	16.721	1.256	78.084	16.552	0.466	0.318	0.463	0.305	4.439	3700	782
15	0.134	61.266	16.764	1.388	61.045	16.574	0.466	0.402	0.506	0.336	33.012	2894	783
16	0.113	65.140	16.811	1.281	64.982	16.574	0.318	0.466	0.470	0.306	83.366	3077	783
17	0.120	73.579	17.244	1.341	73.385	17.018	0.360	0.466	0.480	0.317	113.838	3473	804
18	0.103	85.231	17.299	1.221	85.026	17.145	0.423	0.318	0.433	0.305	16.011	4023	810
19	0.130	21.938	17.441	1.359	21.759	17.187	0.339	0.508	0.492	0.337	81.836	1037	812
20	0.109	72.113	17.456	1.256	71.924	17.251	0.360	0.423	0.466	0.297	121.604	3400	815
21	0.135	124.595	17.752	1.401	124.375	17.547	0.466	0.402	0.500	0.344	146.227	5880	829
22	0.115	79.466	17.947	1.286	79.312	17.695	0.318	0.487	0.480	0.306	81.745	3753	836
23	0.102	78.524	17.956	1.179	78.359	17.759	0.318	0.402	0.425	0.305	108.115	3705	839
24	0.101	86.815	18.070	1.172	86.635	17.886	0.360	0.381	0.441	0.292	131.194	4095	845
25	0.099	89.555	18.656	1.167	89.387	18.457	0.339	0.381	0.430	0.292	56.521	4230	872
26	0.132	18.840	19.286	1.364	18.606	19.092	0.444	0.423	0.498	0.338	138.107	883	902
27	0.119	95.642	19.520	1.304	95.440	19.304	0.381	0.444	0.473	0.321	124.178	4514	912
28	0.116	88.622	19.773	1.329	88.434	19.558	0.381	0.444	0.491	0.301	54.046	4188	924
29	0.128	80.331	19.850	1.329	80.116	19.664	0.444	0.381	0.469	0.347	22.964	3793	929
30	0.129	72.594	19.877	1.341	72.348	19.706	0.487	0.339	0.489	0.337	0.328	3426	931
31	0.128	29.020	19.982	1.341	28.766	19.812	0.508	0.318	0.509	0.320	179.989	1368	936
32	0.121	84.727	20.158	1.329	84.561	19.918	0.339	0.487	0.493	0.313	72.663	4003	941
33	0.129	89.332	20.225	1.401	89.154	19.981	0.360	0.508	0.523	0.314	71.825	4220	944
34	0.129	23.224	20.446	1.359	23.029	20.214	0.381	0.466	0.520	0.316	121.212	1091	955
35	0.117	124.298	20.689	1.329	124.121	20.468	0.360	0.466	0.485	0.308	64.714	5873	967
36	0.105	100.923	20.731	1.232	100.711	20.532	0.402	0.381	0.471	0.285	39.527	4771	970
37	0.113	65.406	20.857	1.299	65.236	20.638	0.360	0.444	0.481	0.299	118.498	3084	975
38	0.125	16.966	21.104	1.346	16.785	20.870	0.381	0.466	0.491	0.323	117.614	797	986
39	0.124	114.801	21.348	1.334	114.554	21.146	0.466	0.381	0.493	0.320	29.963	5427	999
40	0.100	102.462	21.393	1.167	102.256	21.251	0.423	0.296	0.429	0.296	10.152	4837	1004
41	0.123	92.720	21.790	1.323	92.520	21.569	0.381	0.423	0.467	0.335	60.303	4380	1019
42	0.107	99.254	21.829	1.239	99.039	21.654	0.423	0.339	0.451	0.301	153.092	4684	1023
43	0.125	63.471	21.915	1.341	63.288	21.675	0.360	0.466	0.481	0.332	109.539	2995	1024
44	0.113	108.802	21.959	1.281	108.648	21.717	0.318	0.466	0.470	0.306	99.050	5138	1026
45	0.117	121.789	22.112	1.304	121.602	21.865	0.360	0.466	0.467	0.319	69.630	5755	1033
46	0.123	120.671	22.353	1.341	120.523	22.119	0.318	0.487	0.495	0.316	82.177	5698	1045
47	0.115	123.112	22.465	1.334	122.957	22.225	0.360	0.487	0.482	0.304	76.099	5816	1050
48	0.116	101.148	22.520	1.353	100.986	22.267	0.318	0.508	0.525	0.283	71.949	4779	1052
49	0.115	28.162	22.750	1.286	27.940	22.564	0.444	0.360	0.456	0.320	26.925	1333	1066
50	0.119	77.586	23.288	1.304	77.364	23.093	0.444	0.381	0.457	0.332	148.804	3661	1091
51	0.079	71.608	23.417	1.082	71.395	23.283	0.402	0.275	0.408	0.246	20.295	3382	1100
52	0.132	50.229	23.648	1.396	49.974	23.474	0.508	0.339	0.516	0.326	169.678	2370	1109
53	0.096	71.908	23.740	1.184	71.755	23.516	0.318	0.423	0.431	0.284	67.061	3398	1111
54	0.099	114.569	23.917	1.184	114.406	23.728	0.339	0.402	0.395	0.320	100.356	5409	1121
55	0.131	101.025	24.624	1.371	100.838	24.384	0.360	0.487	0.485	0.343	77.044	4774	1152
56	0.112	120.074	24.755	1.269	119.909	24.532	0.318	0.466	0.464	0.308	103.692	5669	1159
57	0.099	101.000	25.156	1.196	100.859	24.934	0.296	0.444	0.432	0.292	101.010	4768	1178
58	0.111	79.939	25.439	1.274	79.735	25.210	0.381	0.423	0.478	0.294	49.496	3781	1191
59	0.095	95.370	25.591	1.194	95.186	25.400	0.381	0.381	0.434	0.280	135.535	4500	1200
60	0.125	63.677	25.625	1.359	63.458	25.421	0.444	0.402	0.519	0.307	142.600	3002	1201
61	0.119	124.773	25.815	1.311	124.608	25.569	0.318	0.487	0.481	0.316	100.909	5893	1208
62	0.103	69.745	26.083	1.219	69.554	25.887	0.381	0.402	0.444	0.295	51.731	3296	1223
63	0.117	111.876	26.736	1.299	111.654	26.543	0.423	0.381	0.484	0.308	141.429	5279	1254
64	0.113	66.626	27.191	1.281	66.400	27.030	0.444	0.339	0.483	0.299	155.737	3140	1277
65	0.106	79.286	27.246	1.244	79.079	27.072	0.423	0.360	0.471	0.287	147.803	3738	1279
66	0.118	99.668	27.590	1.294	99.505	27.368	0.318	0.466	0.467	0.322	84.742	4707	1293
67	0.108	27.928	27.824	1.239	27.707	27.665	0.444	0.318	0.449	0.306	5.851	1317	1307
68	0.123	58.676	27.891	1.334	58.462	27.686	0.423	0.423	0.506	0.309	45.231	2773	1308
69	0.118	20.245	28.095	1.299	20.045	27.898	0.402	0.402	0.489	0.308	134.371	949	1318
70	0.111	34.824	28.218	1.256	34.629	28.025	0.402	0.381	0.455	0.310	143.160	1641	1324
71	0.113	96.285	28.249	1.281	96.118	28.025	0.339	0.444	0.482	0.298	66.368	4548	1324
72	0.126	104.434	29.051	1.353	104.267	28.808	0.339	0.487	0.494	0.326	76.925	4933	1361
73	0.088	88.954	29.057	1.112	88.773	28.871	0.339	0.360	0.408	0.274	50.078	4205	1364
74	0.126	67.014	29.343	1.346	66.823	29.104	0.402	0.444	0.495	0.325	126.287	3162	1375
75	0.108	72.326	29.400	1.261	72.136	29.189	0.381	0.423	0.486	0.284	125.263	3411	1379
76	0.116	81.685	29.480	1.281	81.470	29.316	0.444	0.339	0.468	0.317	160.225	3852	1385
77	0.121	90.494	29.690	1.316	90.318	29.443	0.360	0.466	0.476	0.324	116.868	4272	1391
78	0.119	16.510	29.764	1.311	16.277	29.591	0.466	0.339	0.476	0.319	172.656	779	1398
79	0.118	80.670	29.843	1.294	80.454	29.676	0.444	0.339	0.485	0.311	24.404	3809	1402
80	0.106	38.563	29.935	1.214	38.333	29.782	0.444	0.318	0.448	0.302	171.735	1817	1407
81	0.114	30.268	30.817	1.274	30.057	30.628	0.423	0.381	0.480	0.303	142.825	1424	1447
82	0.108	59.058	30.907	1.299	58.886	30.692	0.360	0.444	0.488	0.282	59.625	2790	1450
83	0.109	56.402	31.157	1.232	56.176	30.988	0.444	0.339	0.439	0.316	20.428	2665	1464
84	0.103	62.269	31.301	1.239	62.124	31.052	0.296	0.466	0.467	0.282	99.512	2940	1467
85	0.133	55.683	31.351	1.364	55.478	31.136	0.423	0.444	0.504	0.335	49.558	2631	1471
86	0.122	64.829	31.435	1.329	64.580	31.284	0.508	0.318	0.492	0.315	177.099	3056	1478
87	0.099	110.783	31.516	1.209	110.554	31.369	0.444	0.296	0.471	0.267	19.603	5233	1482
88	0.116	113.587	31.589	1.304	113.369	31.390	0.423	0.402	0.509	0.289	136.534	5358	1483
89	0.127	75.464	31.864	1.359	75.248	31.644	0.423	0.423	0.503	0.322	135.116	3559	1495
90	0.133	102.003	31.927	1.396	101.833	31.665	0.339	0.508	0.522	0.323	74.021	4819	1496
91	0.121	112.624	31.912	1.299	112.395	31.729	0.444	0.360	0.480	0.320	29.519	5321	1499
92	0.122	121.609	31.976	1.323	121.454	31.729	0.318	0.487	0.489	0.317	96.621	5744	1499
93	0.127	108.139	32.423	1.376	107.950	32.194	0.402	0.466	0.510	0.318	50.966	5112	1521
94	0.105	85.242	32.505	1.226	85.090	32.279	0.318	0.444	0.457	0.292	70.117	4027	1525
95	0.113	56.954	32.756	1.261	56.790	32.512	0.339	0.466	0.441	0.326	86.328	2690	1536
96	0.133	122.187	32.778	1.371	122.026	32.512	0.339	0.508	0.507	0.333	102.448	5769	1536
97	0.112	111.190	33.081	1.304	111.019	32.830	0.339	0.487	0.470	0.304	73.690	5254	1551
98	0.108	106.802	33.007	1.256	106.574	32.851	0.444	0.318	0.462	0.299	160.155	5039	1552
99	0.101	115.212	33.604	1.179	115.062	33.401	0.296	0.423	0.420	0.307	94.998	5440	1578
100	0.111	92.915	34.178	1.261	92.689	33.994	0.444	0.360	0.479	0.295	32.608	4391	1606
101	0.119	95.239	34.314	1.316	95.060	34.078	0.360	0.466	0.499	0.304	117.360	4494	1610
102	0.124	40.475	34.405	1.316	40.259	34.205	0.444	0.381	0.485	0.324	146.396	1906	1616
103	0.135	126.891	34.459	1.383	126.725	34.205	0.339	0.508	0.507	0.339	80.895	5994	1616
104	0.115	57.730	34.560	1.281	57.489	34.396	0.466	0.318	0.477	0.307	15.519	2727	1625
105	0.111	88.438	34.627	1.232	88.265	34.417	0.360	0.423	0.448	0.316	57.564	4178	1626
106	0.099	57.159	34.725	1.196	56.917	34.586	0.466	0.275	0.448	0.280	1.702	2698	1634
107	0.127	70.981	34.915	1.334	70.760	34.713	0.444	0.402	0.509	0.317	142.731	3347	1640
108	0.108	33.636	34.906	1.226	33.422	34.734	0.423	0.339	0.439	0.312	162.758	1585	1641
109	0.117	88.760	35.091	1.286	88.582	34.862	0.360	0.444	0.465	0.320	61.336	4195	1647
110	0.106	103.283	35.151	1.214	103.060	34.988	0.444	0.318	0.437	0.309	8.060	4878	1653
111	0.115	53.323	35.563	1.304	53.150	35.306	0.360	0.466	0.493	0.296	120.944	2515	1668
112	0.116	106.690	35.611	1.291	106.490	35.412	0.423	0.402	0.469	0.317	141.110	5035	1673
113	0.106	63.550	35.644	1.264	63.394	35.433	0.318	0.444	0.466	0.290	66.816	3004	1674
114	0.142	126.629	36.207	1.436	126.428	35.962	0.381	0.508	0.523	0.346	110.974	5977	1699
115	0.102	62.496	36.227	1.226	62.294	36.047	0.423	0.339	0.452	0.287	150.435	2947	1703
116	0.121	118.101	36.294	1.321	117.898	36.068	0.402	0.444	0.480	0.322	129.023	5575	1704
117	0.127	79.699	36.476	1.376	79.460	36.280	0.466	0.402	0.493	0.327	149.061	3763	1714
118	0.117	70.242	36.492	1.281	69.998	36.343	0.487	0.296	0.486	0.307	4.468	3314	1717
119	0.099	115.884	36.710	1.167	115.718	36.512	0.339	0.381	0.430	0.295	125.024	5470	1725
120	0.125	64.545	36.820	1.371	64.368	36.555	0.339	0.508	0.500	0.318	70.215	3051	1727
121	0.102	63.375	36.788	1.184	63.161	36.640	0.423	0.318	0.420	0.308	8.185	2991	1731
122	0.123	68.843	37.017	1.351	68.665	36.766	0.381	0.487	0.495	0.316	120.089	3249	1737
123	0.125	121.377	37.085	1.336	121.137	36.915	0.466	0.339	0.483	0.330	20.012	5732	1744
124	0.115	126.725	37.164	1.334	126.492	36.978	0.487	0.360	0.515	0.285	152.412	5981	1747
125	0.126	105.935	37.405	1.336	105.685	37.253	0.487	0.318	0.504	0.318	170.878	4997	1760
126	0.118	75.369	37.504	1.294	75.120	37.359	0.487	0.296	0.498	0.302	174.961	3554	1765
127	0.113	24.971	37.636	1.286	24.807	37.380	0.339	0.466	0.455	0.316	76.496	1179	1766
128	0.099	57.255	37.856	1.207	57.044	37.677	0.423	0.360	0.469	0.269	143.973	2699	1780
129	0.121	64.198	37.931	1.323	64.029	37.698	0.318	0.487	0.486	0.318	84.982	3031	1781
130	0.112	84.661	38.135	1.281	84.518	37.888	0.296	0.487	0.479	0.299	88.985	3999	1790
131	0.103	22.700	38.449	1.214	22.479	38.269	0.423	0.339	0.450	0.291	31.286	1073	1808
132	0.118	23.697	38.587	1.306	23.537	38.354	0.318	0.466	0.483	0.312	75.939	1119	1812
133	0.111	94.250	38.635	1.269	94.044	38.439	0.402	0.381	0.464	0.305	41.154	4454	1816
134	0.112	109.633	38.886	1.286	109.453	38.672	0.360	0.444	0.469	0.305	112.953	5174	1827
135	0.107	63.715	38.928	1.269	63.500	38.756	0.444	0.339	0.469	0.291	23.043	3013	1831
136	0.125	104.450	39.399	1.359	104.225	39.180	0.423	0.423	0.491	0.323	37.246	4941	1851
137	0.115	115.895	39.416	1.288	115.676	39.264	0.444	0.318	0.472	0.309	19.097	5472	1855
138	0.132	81.246	39.679	1.371	81.026	39.476	0.444	0.402	0.505	0.333	144.595	3832	1865
139	0.121	81.766	40.157	1.311	81.598	39.920	0.339	0.466	0.490	0.316	110.163	3858	1886
140	0.136	85.870	40.387	1.413	85.704	40.111	0.339	0.529	0.522	0.332	77.878	4059	1895
141	0.119	50.891	40.487	1.294	50.673	40.322	0.466	0.318	0.479	0.316	165.845	2397	1905
142	0.131	117.882	40.721	1.383	117.708	40.471	0.339	0.508	0.512	0.325	97.896	5565	1912
143	0.134	76.185	40.727	1.401	75.946	40.534	0.487	0.381	0.528	0.322	30.309	3600	1915
144	0.118	113.018	40.776	1.304	112.776	40.619	0.487	0.339	0.471	0.320	165.973	5332	1919
145	0.118	101.280	41.272	1.311	101.050	41.106	0.466	0.339	0.494	0.305	24.855	4784	1942
146	0.123	41.134	41.682	1.346	40.915	41.466	0.423	0.423	0.500	0.314	135.400	1938	1959
147	0.109	27.356	42.237	1.264	27.199	42.016	0.296	0.466	0.485	0.286	107.672	1288	1985
148	0.116	84.748	42.277	1.286	84.540	42.079	0.402	0.402	0.470	0.314	43.980	4004	1988
149	0.125	17.553	42.432	1.346	17.314	42.270	0.487	0.339	0.490	0.324	164.891	821	1997
150	0.095	26.517	42.628	1.154	26.310	42.482	0.423	0.296	0.421	0.286	13.745	1250	2007
151	0.125	100.037	42.811	1.371	99.780	42.651	0.508	0.339	0.521	0.307	13.208	4726	2015
152	0.132	50.834	43.138	1.401	50.588	42.968	0.508	0.339	0.508	0.331	178.645	2397	2030
153	0.115	87.769	43.164	1.276	87.545	43.011	0.466	0.296	0.490	0.299	170.015	4140	2032
154	0.116	103.696	43.339	1.281	103.463	43.180	0.444	0.339	0.472	0.313	158.022	4893	2040
155	0.095	20.429	43.748	1.137	20.235	43.582	0.381	0.318	0.410	0.295	22.477	966	2059
156	0.109	54.714	43.811	1.239	54.504	43.646	0.423	0.339	0.460	0.301	25.406	2584	2062
157	0.120	91.997	44.284	1.299	91.779	44.111	0.444	0.360	0.475	0.321	150.770	4338	2084
158	0.112	124.369	44.553	1.323	124.121	44.408	0.508	0.296	0.509	0.280	175.514	5873	2098
159	0.124	17.333	44.607	1.341	17.082	44.450	0.508	0.318	0.491	0.321	174.536	813	2100
160	0.125	19.210	44.761	1.346	18.986	44.556	0.444	0.402	0.490	0.326	37.576	910	2105
161	0.113	100.582	44.879	1.286	100.351	44.704	0.444	0.360	0.472	0.306	31.329	4752	2112
162	0.121	108.322	44.966	1.304	108.119	44.746	0.381	0.444	0.483	0.319	121.006	5112	2114
163	0.114	92.437	45.019	1.264	92.287	44.789	0.318	0.444	0.457	0.318	96.291	4364	2116
164	0.078	105.806	45.064	1.017	105.664	44.894	0.275	0.339	0.364	0.273	115.410	4995	2121
165	0.117	80.949	45.137	1.291	80.730	44.937	0.423	0.402	0.472	0.317	144.224	3821	2123
166	0.103	65.612	45.252	1.209	65.426	45.085	0.402	0.339	0.430	0.304	152.068	3092	2130
167	0.114	44.584	45.535	1.256	44.386	45.339	0.402	0.381	0.469	0.310	138.793	2100	2142
168	0.129	65.845	45.750	1.371	65.659	45.508	0.360	0.487	0.521	0.315	113.419	3106	2150
169	0.108	49.220	45.753	1.239	49.022	45.572	0.402	0.360	0.453	0.303	142.600	2319	2153
170	0.119	45.756	46.099	1.329	45.572	45.868	0.381	0.444	0.485	0.313	56.226	2165	2167
171	0.134	83.370	46.296	1.406	83.122	46.101	0.487	0.402	0.534	0.318	146.072	3931	2178
172	0.136	107.198	46.276	1.431	106.934	46.101	0.529	0.360	0.546	0.318	163.380	5057	2178
173	0.131	108.711	46.489	1.383	108.522	46.270	0.381	0.466	0.492	0.339	68.166	5134	2186
174	0.110	117.033	46.428	1.234	116.819	46.270	0.423	0.318	0.435	0.321	3.389	5528	2186
175	0.109	88.885	46.460	1.256	88.688	46.292	0.423	0.360	0.466	0.299	32.831	4198	2187
176	0.114	49.179	46.713	1.294	49.022	46.482	0.318	0.466	0.476	0.305	96.932	2320	2196
177	0.107	92.136	46.904	1.232	91.927	46.715	0.402	0.381	0.457	0.297	44.773	4353	2207
178	0.133	72.860	47.106	1.396	72.602	46.948	0.529	0.318	0.528	0.320	177.142	3437	2218
179	0.112	46.209	47.314	1.256	45.974	47.159	0.466	0.318	0.471	0.301	162.345	2176	2228
180	0.114	31.360	47.399	1.311	31.178	47.180	0.360	0.444	0.488	0.298	57.832	1481	2229
181	0.116	53.953	47.402	1.256	53.742	47.223	0.423	0.360	0.464	0.317	151.461	2542	2231
182	0.121	62.759	47.874	1.311	62.526	47.710	0.466	0.339	0.472	0.327	2.709	2965	2254
183	0.100	89.227	47.970	1.209	89.069	47.752	0.296	0.444	0.433	0.295	96.473	4214	2256
184	0.124	124.826	47.999	1.329	124.587	47.837	0.487	0.339	0.485	0.325	171.063	5892	2260
185	0.113	52.819	48.085	1.269	52.599	47.921	0.444	0.339	0.474	0.305	25.403	2493	2264
186	0.112	123.350	48.156	1.256	123.190	47.921	0.318	0.466	0.460	0.310	78.650	5827	2264
187	0.106	110.653	48.122	1.226	110.448	47.942	0.402	0.360	0.455	0.297	37.775	5227	2265
188	0.116	50.755	48.264	1.304	50.567	48.027	0.381	0.444	0.472	0.314	122.693	2394	2269
189	0.122	61.426	48.309	1.341	61.256	48.070	0.339	0.487	0.483	0.322	68.398	2905	2271
190	0.112	33.671	48.342	1.311	33.507	48.112	0.318	0.466	0.474	0.300	95.324	1589	2273
191	0.128	108.283	48.398	1.466	108.077	48.112	0.423	0.508	0.520	0.314	125.531	5111	2273
192	0.104	28.532	48.513	1.226	28.321	48.345	0.423	0.339	0.448	0.295	27.292	1348	2284
193	0.123	81.313	48.745	1.316	81.132	48.514	0.381	0.444	0.489	0.321	125.244	3836	2292
194	0.122	67.218	49.293	1.329	66.992	49.086	0.423	0.402	0.484	0.322	44.021	3176	2319
195	0.121	55.075	49.989	1.323	54.843	49.826	0.466	0.339	0.493	0.311	21.091	2600	2354
196	0.102	21.580	50.035	1.196	21.400	49.869	0.381	0.360	0.435	0.299	39.176	1019	2356
197	0.119	62.891	50.182	1.294	62.717	49.953	0.339	0.444	0.471	0.321	108.290	2967	2360
198	0.115	68.221	50.153	1.244	68.008	49.974	0.423	0.360	0.444	0.329	154.243	3218	2361
199	0.125	23.083	50.409	1.353	22.860	50.207	0.444	0.381	0.496	0.322	29.943	1094	2372
200	0.106	68.129	50.524	1.239	67.903	50.377	0.444	0.318	0.434	0.311	2.262	3215	2380
201	0.123	12.662	50.731	1.306	12.425	50.567	0.466	0.318	0.475	0.330	178.848	593	2389
202	0.121	107.089	50.851	1.311	106.913	50.610	0.360	0.444	0.483	0.317	120.726	5055	2391
203	0.129	39.175	50.868	1.346	38.989	50.631	0.381	0.466	0.493	0.333	58.992	1853	2392
204	0.128	51.012	50.853	1.359	50.779	50.673	0.487	0.360	0.489	0.334	164.942	2404	2394
205	0.121	30.352	51.735	1.341	30.184	51.498	0.339	0.487	0.516	0.298	112.353	1428	2433
206	0.125	73.971	51.938	1.364	73.724	51.752	0.487	0.381	0.495	0.323	155.364	3489	2445
207	0.111	71.857	52.267	1.246	71.713	52.049	0.296	0.444	0.462	0.306	96.085	3390	2459
208	0.122	103.560	52.323	1.311	103.357	52.134	0.423	0.381	0.473	0.329	33.599	4892	2463
209	0.128	31.096	52.469	1.346	30.882	52.260	0.423	0.423	0.516	0.316	134.868	1461	2469
210	0.110	82.765	52.537	1.251	82.614	52.303	0.296	0.466	0.462	0.304	91.958	3909	2471
211	0.122	87.430	52.692	1.401	87.270	52.409	0.318	0.550	0.534	0.292	100.034	4129	2476
212	0.123	37.118	52.721	1.323	36.872	52.557	0.487	0.318	0.497	0.316	170.905	1749	2483
213	0.125	83.130	52.962	1.359	82.889	52.768	0.466	0.381	0.497	0.321	150.845	3924	2493
214	0.122	62.585	53.148	1.336	62.442	52.896	0.296	0.508	0.509	0.306	94.323	2952	2499
215	0.110	56.514	53.192	1.256	56.324	52.980	0.381	0.402	0.458	0.307	49.023	2671	2503
216	0.125	18.819	53.225	1.329	18.584	53.044	0.466	0.360	0.484	0.329	25.361	889	2506
217	0.111	27.529	53.301	1.264	27.305	53.150	0.444	0.318	0.457	0.309	172.775	1295	2511
218	0.112	84.573	53.405	1.251	84.413	53.171	0.318	0.444	0.450	0.316	100.639	3993	2512
219	0.113	61.126	53.457	1.239	60.896	53.298	0.444	0.318	0.452	0.318	0.641	2885	2518
220	0.125	100.431	53.624	1.316	100.267	53.382	0.339	0.487	0.467	0.340	88.083	4743	2522
221	0.120	69.219	53.827	1.311	68.982	53.658	0.466	0.339	0.474	0.323	168.920	3267	2535
222	0.118	20.283	54.394	1.281	20.066	54.208	0.423	0.360	0.468	0.321	27.685	960	2561
223	0.127	95.530	54.582	1.329	95.335	54.356	0.381	0.444	0.484	0.335	56.475	4513	2568
224	0.124	110.077	54.523	1.323	109.855	54.356	0.466	0.339	0.481	0.327	17.832	5197	2568
225	0.103	103.146	54.890	1.226	102.997	54.674	0.318	0.423	0.444	0.294	75.306	4871	2583
226	0.125	31.983	54.893	1.323	31.750	54.737	0.466	0.339	0.480	0.332	7.792	1505	2586
227	0.116	48.551	55.599	1.291	48.345	55.372	0.402	0.423	0.464	0.319	46.439	2296	2616
228	0.135	116.117	55.642	1.388	115.909	55.414	0.423	0.444	0.519	0.331	47.740	5488	2618
229	0.116	68.321	55.700	1.304	68.136	55.478	0.381	0.444	0.478	0.309	125.368	3224	2621
230	0.227	56.826	56.003	1.979	56.536	55.753	0.656	0.550	0.679	0.425	25.626	2686	2634
231	0.117	106.017	56.261	1.299	105.854	56.028	0.339	0.466	0.455	0.327	103.091	5004	2647
232	0.124	16.190	56.233	1.311	15.960	56.070	0.466	0.339	0.475	0.333	13.651	762	2649
233	0.117	54.189	56.537	1.304	53.975	56.346	0.444	0.381	0.480	0.311	32.863	2562	2662
234	0.131	93.304	56.628	1.359	93.091	56.409	0.423	0.423	0.503	0.333	133.744	4402	2665
235	0.130	19.724	56.712	1.364	19.516	56.494	0.423	0.444	0.500	0.332	134.181	926	2669
236	0.142	126.097	56.832	1.426	125.899	56.578	0.381	0.487	0.521	0.347	67.764	5957	2673
237	0.105	95.756	57.008	1.276	95.610	56.769	0.275	0.487	0.495	0.271	78.016	4524	2682
238	0.121	65.250	57.107	1.351	65.045	56.896	0.423	0.444	0.499	0.310	43.890	3086	2688
239	0.228	36.658	57.600	2.014	36.364	57.256	0.550	0.635	0.623	0.465	72.352	1730	2705
240	0.128	24.450	57.542	1.348	24.215	57.383	0.487	0.318	0.498	0.328	176.771	1149	2711
241	0.120	99.206	57.732	1.329	99.039	57.489	0.339	0.487	0.477	0.320	103.531	4683	2716
242	0.090	105.286	57.623	1.149	105.071	57.489	0.423	0.275	0.443	0.258	15.703	4972	2716
243	0.125	44.751	57.802	1.329	44.556	57.595	0.402	0.423	0.482	0.331	50.370	2113	2721
244	0.142	43.118	57.864	1.443	42.841	57.700	0.550	0.339	0.546	0.332	172.102	2030	2726
245	0.116	90.452	57.880	1.281	90.212	57.722	0.466	0.318	0.478	0.310	166.605	4267	2727
246	0.117	23.224	58.053	1.281	22.987	57.891	0.466	0.318	0.466	0.321	12.059	1094	2735
247	0.131	19.190	58.485	1.366	18.944	58.314	0.487	0.339	0.495	0.338	7.911	906	2755
248	0.093	21.949	58.862	1.154	21.780	58.674	0.339	0.381	0.392	0.301	58.618	1037	2772
249	0.110	44.227	59.443	1.274	43.984	59.267	0.466	0.339	0.467	0.299	24.028	2091	2800
250	0.112	92.059	59.514	1.244	91.842	59.330	0.423	0.360	0.459	0.310	31.098	4350	2803
251	0.049	13.246	59.783	0.848	13.144	59.626	0.212	0.318	0.316	0.198	91.953	624	2817
252	0.121	82.296	59.894	1.316	82.127	59.648	0.339	0.487	0.489	0.315	71.184	3890	2818
253	0.121	61.964	59.892	1.304	61.764	59.690	0.402	0.423	0.482	0.321	46.384	2927	2820
254	0.142	72.778	60.053	1.443	72.580	59.796	0.381	0.508	0.540	0.334	62.065	3441	2825
255	0.108	65.444	60.144	1.226	65.278	59.923	0.339	0.423	0.459	0.301	121.076	3087	2831
256	0.105	33.877	60.695	1.214	33.718	60.473	0.318	0.444	0.461	0.289	112.941	1597	2857
257	0.113	85.044	60.661	1.274	84.815	60.473	0.444	0.360	0.477	0.303	149.819	4014	2857
258	0.131	82.711	61.070	1.371	82.529	60.833	0.360	0.487	0.494	0.338	72.309	3907	2874
259	0.120	21.950	61.012	1.299	21.717	60.854	0.487	0.318	0.475	0.320	177.674	1032	2875
260	0.145	82.971	61.632	1.456	82.804	61.362	0.339	0.550	0.544	0.338	92.317	3918	2899
261	0.127	75.940	61.698	1.329	75.713	61.510	0.444	0.381	0.485	0.333	32.614	3587	2906
262	0.123	31.396	61.752	1.318	31.221	61.532	0.339	0.444	0.479	0.327	106.719	1478	2907
263	0.117	18.245	61.802	1.299	18.034	61.637	0.444	0.360	0.482	0.309	26.261	860	2912
264	0.099	79.074	61.933	1.179	78.909	61.722	0.318	0.402	0.402	0.315	72.450	3737	2916
265	0.119	69.769	62.114	1.269	69.554	61.934	0.423	0.360	0.460	0.328	27.834	3295	2926
266	0.125	82.623	62.091	1.341	82.360	61.934	0.508	0.318	0.499	0.319	175.170	3898	2926
267	0.123	92.161	62.400	1.323	91.948	62.188	0.402	0.402	0.467	0.335	46.934	4354	2938
268	0.095	24.255	62.536	1.161	24.045	62.399	0.423	0.275	0.433	0.279	8.171	1145	2948
269	0.112	76.948	62.740	1.281	76.708	62.590	0.466	0.318	0.473	0.302	171.205	3630	2957
270	0.116	128.984	63.306	1.291	128.778	63.098	0.402	0.402	0.429	0.344	138.260	6092	2981
271	0.112	126.395	63.490	1.256	126.196	63.310	0.423	0.360	0.454	0.313	30.709	5972	2991
272	0.127	110.757	64.019	1.346	110.532	63.839	0.466	0.381	0.475	0.341	158.484	5226	3016
273	0.116	79.830	64.471	1.291	79.629	64.262	0.423	0.402	0.481	0.306	138.248	3765	3036
274	0.135	49.754	64.733	1.418	49.572	64.474	0.381	0.508	0.542	0.318	116.496	2345	3046
275	0.112	80.710	64.737	1.269	80.560	64.516	0.318	0.466	0.465	0.308	83.115	3810	3048
276	0.117	71.774	65.109	1.329	71.607	64.876	0.339	0.487	0.492	0.304	104.462	3387	3065
277	0.121	75.034	65.162	1.316	74.824	64.960	0.402	0.423	0.481	0.319	130.594	3538	3069
278	0.115	54.042	65.695	1.286	53.827	65.511	0.402	0.402	0.473	0.309	140.360	2547	3095
279	0.127	113.611	65.781	1.329	113.369	65.596	0.466	0.360	0.491	0.330	22.904	5368	3099
280	0.120	56.180	65.791	1.359	55.944	65.617	0.487	0.360	0.503	0.304	27.725	2654	3100
281	0.115	66.106	65.849	1.286	65.892	65.659	0.423	0.381	0.466	0.315	147.230	3119	3102
282	0.108	51.226	66.051	1.226	51.033	65.850	0.381	0.381	0.446	0.307	41.605	2422	3111
283	0.116	72.425	66.073	1.269	72.200	65.913	0.444	0.339	0.464	0.319	165.297	3416	3114
284	0.117	28.326	66.346	1.286	28.088	66.188	0.487	0.318	0.482	0.310	170.468	1332	3127
285	0.121	68.470	66.466	1.316	68.220	66.294	0.487	0.339	0.482	0.320	174.941	3231	3132
286	0.122	39.040	66.651	1.341	38.883	66.400	0.318	0.508	0.500	0.310	77.357	1845	3137
287	0.111	74.035	67.079	1.256	73.850	66.866	0.360	0.423	0.459	0.308	122.091	3494	3159
288	0.114	97.827	67.503	1.269	97.621	67.310	0.402	0.381	0.453	0.321	43.112	4622	3180
289	0.098	97.409	67.642	1.209	97.261	67.416	0.296	0.444	0.453	0.276	70.924	4604	3185
290	0.115	60.287	67.793	1.261	60.050	67.628	0.466	0.339	0.470	0.310	158.490	2842	3195
291	0.114	104.696	67.974	1.299	104.521	67.755	0.360	0.444	0.485	0.299	60.121	4946	3201
292	0.137	23.709	68.100	1.401	23.453	67.924	0.508	0.360	0.516	0.337	19.427	1119	3209
293	0.111	56.445	68.105	1.269	56.219	67.945	0.466	0.318	0.460	0.306	7.163	2669	3210
294	0.108	44.832	68.159	1.214	44.640	67.966	0.381	0.381	0.448	0.306	45.326	2118	3211
295	0.119	62.371	69.030	1.286	62.145	68.855	0.444	0.360	0.475	0.319	148.818	2939	3253
296	0.111	56.671	69.255	1.226	56.473	69.067	0.402	0.360	0.435	0.325	33.238	2678	3263
297	0.124	61.403	69.249	1.329	61.172	69.067	0.466	0.360	0.476	0.332	153.902	2894	3263
298	0.119	29.886	69.780	1.359	29.739	69.511	0.296	0.529	0.519	0.292	83.842	1412	3284
299	0.107	56.979	69.699	1.214	56.769	69.532	0.423	0.339	0.455	0.298	25.950	2691	3285
300	0.126	57.448	69.771	1.353	57.277	69.532	0.339	0.487	0.512	0.314	110.399	2709	3285
301	0.112	27.064	69.740	1.256	26.818	69.575	0.466	0.318	0.459	0.310	171.673	1276	3287
302	0.121	78.698	70.227	1.346	78.444	70.040	0.487	0.360	0.499	0.310	26.598	3720	3309
303	0.098	68.660	70.550	1.172	68.453	70.379	0.402	0.339	0.417	0.300	152.594	3240	3325
304	0.138	113.023	71.211	1.401	112.776	71.014	0.487	0.381	0.511	0.344	24.106	5342	3355
305	0.104	20.996	71.370	1.226	20.764	71.226	0.466	0.296	0.450	0.295	2.932	987	3365
306	0.108	79.635	72.134	1.269	79.481	71.882	0.296	0.487	0.464	0.296	84.871	3763	3396
307	0.106	36.985	72.805	1.226	36.788	72.623	0.402	0.360	0.461	0.293	143.998	1740	3431
308	0.109	42.484	72.949	1.244	42.291	72.750	0.381	0.402	0.453	0.307	51.917	2007	3437
309	0.119	38.686	73.017	1.286	38.481	72.813	0.402	0.402	0.479	0.317	135.080	1822	3440
310	0.128	119.411	73.149	1.364	119.211	72.898	0.381	0.487	0.504	0.322	117.164	5637	3444
311	0.114	92.308	73.111	1.256	92.096	72.940	0.444	0.339	0.446	0.325	169.815	4356	3446
312	0.110	16.900	73.428	1.239	16.743	73.194	0.318	0.444	0.448	0.312	105.918	796	3458
313	0.114	81.188	73.544	1.299	81.026	73.300	0.318	0.487	0.474	0.307	98.429	3834	3463
314	0.111	87.641	73.574	1.244	87.461	73.364	0.360	0.423	0.477	0.296	56.732	4141	3466
315	0.108	58.065	73.604	1.239	57.891	73.385	0.339	0.423	0.427	0.322	68.975	2742	3467
316	0.120	68.979	73.597	1.376	68.749	73.406	0.444	0.381	0.477	0.320	28.439	3261	3468
317	0.108	21.381	73.633	1.269	21.167	73.470	0.466	0.318	0.463	0.296	13.900	1008	3471
318	0.111	31.706	73.627	1.276	31.475	73.470	0.444	0.318	0.445	0.318	17.721	1496	3471
319	0.111	50.895	74.116	1.251	50.673	73.956	0.444	0.318	0.469	0.300	160.867	2399	3494
320	0.130	85.855	74.204	1.388	85.619	74.020	0.487	0.381	0.530	0.313	149.543	4047	3497
321	0.119	72.811	74.407	1.304	72.623	74.168	0.381	0.444	0.493	0.308	126.350	3435	3504
322	0.228	78.108	74.502	1.974	77.809	74.232	0.635	0.550	0.641	0.452	151.334	3683	3507
323	0.130	98.042	74.437	1.388	97.790	74.253	0.487	0.381	0.505	0.328	150.863	4627	3508
324	0.100	19.998	74.654	1.191	19.791	74.507	0.423	0.296	0.433	0.295	172.441	939	3520
325	0.106	75.866	74.834	1.209	75.650	74.676	0.423	0.318	0.445	0.304	159.061	3578	3528
326	0.114	46.890	75.138	1.286	46.651	74.972	0.487	0.318	0.478	0.303	168.534	2210	3542
327	0.110	93.697	75.368	1.226	93.472	75.205	0.423	0.339	0.434	0.322	158.436	4421	3553
328	0.115	106.011	75.709	1.286	105.833	75.480	0.360	0.444	0.466	0.314	112.686	5005	3566
329	0.113	45.548	76.340	1.269	45.318	76.179	0.466	0.318	0.472	0.306	165.873	2146	3599
330	0.107	111.175	76.406	1.214	110.956	76.242	0.423	0.339	0.419	0.326	160.680	5248	3602
331	0.123	34.455	76.640	1.329	34.290	76.390	0.339	0.487	0.497	0.315	70.045	1630	3609
332	0.138	104.354	76.925	1.418	104.140	76.708	0.444	0.444	0.510	0.343	40.653	4933	3624
333	0.129	123.756	77.006	1.353	123.592	76.772	0.339	0.487	0.487	0.339	89.542	5843	3627
334	0.111	19.374	77.045	1.251	19.177	76.856	0.402	0.360	0.437	0.324	155.183	912	3631
335	0.121	91.469	77.702	1.281	91.313	77.470	0.318	0.466	0.473	0.324	83.851	4319	3660
336	0.112	92.386	77.851	1.256	92.202	77.639	0.360	0.423	0.451	0.315	116.116	4360	3668
337	0.115	62.614	77.840	1.269	62.378	77.682	0.466	0.318	0.474	0.310	13.762	2957	3670
338	0.124	60.864	78.305	1.346	60.642	78.084	0.423	0.423	0.497	0.317	46.174	2877	3689
339	0.122	60.372	78.530	1.311	60.156	78.338	0.423	0.381	0.473	0.328	34.751	2854	3701
340	0.098	35.548	78.543	1.184	35.348	78.380	0.402	0.339	0.447	0.278	29.400	1680	3703
341	0.124	48.724	78.787	1.329	48.535	78.571	0.402	0.423	0.480	0.329	130.368	2296	3712
342	0.130	86.497	78.842	1.359	86.296	78.613	0.402	0.444	0.501	0.332	127.991	4082	3714
343	0.120	29.052	79.618	1.323	28.808	79.460	0.487	0.318	0.491	0.311	172.059	1368	3754
344	0.119	119.139	79.677	1.299	118.914	79.502	0.444	0.339	0.437	0.347	2.957	5625	3756
345	0.128	112.042	80.003	1.371	111.866	79.756	0.339	0.487	0.497	0.328	82.633	5291	3768
346	0.124	20.726	80.334	1.334	20.553	80.095	0.360	0.487	0.470	0.336	84.044	977	3784
347	0.126	87.372	80.445	1.329	87.164	80.222	0.402	0.423	0.492	0.326	50.730	4129	3790
348	0.121	109.355	80.842	1.311	109.178	80.603	0.339	0.466	0.481	0.319	100.437	5164	3808
349	0.118	102.871	81.314	1.299	102.637	81.153	0.487	0.318	0.486	0.309	166.889	4853	3834
350	0.108	45.415	81.541	1.239	45.254	81.344	0.339	0.423	0.438	0.312	68.968	2144	3843
351	0.128	122.460	81.578	1.341	122.216	81.407	0.487	0.339	0.492	0.331	11.575	5785	3846
352	0.120	22.754	81.880	1.294	22.585	81.661	0.339	0.444	0.469	0.326	69.882	1073	3858
353	0.104	58.469	82.272	1.232	58.293	82.063	0.381	0.402	0.452	0.294	127.952	2757	3877
354	0.109	39.628	82.406	1.232	39.412	82.232	0.444	0.339	0.447	0.312	163.917	1867	3885
355	0.108	43.842	82.696	1.239	43.688	82.486	0.318	0.444	0.461	0.297	111.617	2065	3897
356	0.115	62.457	83.131	1.281	62.230	82.952	0.423	0.360	0.466	0.313	148.307	2945	3919
357	0.106	90.753	83.177	1.251	90.614	82.952	0.296	0.466	0.469	0.288	95.637	4284	3919
358	0.121	27.059	83.655	1.329	26.882	83.418	0.360	0.466	0.468	0.328	71.681	1279	3941
359	0.114	106.590	83.729	1.276	106.362	83.587	0.466	0.296	0.484	0.300	9.703	5031	3949
360	0.111	74.759	83.899	1.261	74.549	83.693	0.423	0.381	0.457	0.310	144.179	3527	3954
361	0.122	58.699	83.954	1.359	58.505	83.714	0.381	0.466	0.498	0.312	58.153	2776	3955
362	0.120	55.066	84.303	1.291	54.864	84.095	0.423	0.402	0.452	0.337	140.151	2598	3973
363	0.121	97.044	84.435	1.323	96.880	84.180	0.318	0.487	0.487	0.318	83.509	4584	3977
364	0.120	58.720	84.461	1.316	58.484	84.286	0.466	0.360	0.482	0.316	28.320	2774	3982
365	0.129	20.799	84.760	1.388	20.553	84.582	0.508	0.360	0.514	0.319	156.515	974	3996
366	0.106	68.483	84.838	1.209	68.305	84.646	0.360	0.381	0.444	0.305	132.144	3229	3999
367	0.111	103.737	84.909	1.256	103.505	84.751	0.466	0.318	0.467	0.302	20.702	4899	4004
368	0.120	104.150	85.595	1.299	103.928	85.408	0.423	0.381	0.450	0.340	147.754	4916	4035
369	0.121	80.987	86.593	1.311	80.814	86.360	0.339	0.466	0.466	0.330	85.291	3825	4080
370	0.112	57.857	86.818	1.286	57.700	86.572	0.318	0.487	0.466	0.305	85.010	2732	4090
371	0.116	100.152	86.854	1.256	99.970	86.656	0.360	0.423	0.446	0.330	119.692	4725	4094
372	0.109	76.189	87.579	1.239	76.031	87.355	0.318	0.444	0.465	0.298	67.933	3600	4127
373	0.125	60.974	88.036	1.341	60.748	87.863	0.466	0.360	0.487	0.325	157.318	2873	4151
374	0.123	93.377	88.767	1.346	93.197	88.519	0.360	0.487	0.505	0.310	109.805	4407	4182
375	0.108	39.016	90.432	1.226	38.841	90.234	0.360	0.402	0.450	0.304	53.870	1843	4263
376	0.099	21.101	90.467	1.172	20.892	90.297	0.402	0.339	0.432	0.291	143.118	991	4266
377	0.116	75.566	90.718	1.323	75.396	90.466	0.318	0.487	0.489	0.302	76.416	3573	4274
378	0.108	63.975	90.697	1.234	63.754	90.551	0.444	0.296	0.459	0.298	9.308	3019	4278
379	0.119	77.689	91.111	1.276	77.470	90.953	0.444	0.318	0.465	0.326	176.321	3665	4297
380	0.107	74.796	91.536	1.274	74.612	91.313	0.339	0.466	0.451	0.302	68.196	3534	4314
381	0.130	127.218	92.127	1.388	126.979	91.948	0.508	0.360	0.511	0.325	18.258	6010	4344
382	0.114	92.267	92.586	1.299	92.117	92.329	0.296	0.508	0.495	0.294	97.271	4357	4362
383	0.127	57.401	92.690	1.353	57.235	92.435	0.318	0.508	0.505	0.321	93.822	2711	4367
384	0.119	111.556	93.044	1.309	111.358	92.816	0.402	0.444	0.491	0.309	127.954	5265	4385
385	0.127	29.666	93.479	1.329	29.485	93.239	0.360	0.466	0.487	0.333	112.780	1398	4405
386	0.125	84.587	93.545	1.329	84.413	93.303	0.360	0.466	0.495	0.322	113.580	3992	4408
387	0.108	50.430	93.864	1.226	50.207	93.705	0.444	0.318	0.440	0.311	176.549	2380	4427
388	0.126	42.912	94.030	1.359	42.714	93.811	0.402	0.444	0.491	0.327	54.153	2027	4432
389	0.108	69.712	94.374	1.244	69.554	94.149	0.339	0.444	0.470	0.291	63.598	3294	4448
390	0.125	74.544	94.923	1.366	74.380	94.657	0.318	0.508	0.501	0.318	94.279	3522	4472
391	0.111	88.244	94.886	1.251	88.096	94.657	0.296	0.466	0.458	0.309	88.591	4167	4472
392	0.121	52.956	94.922	1.336	52.790	94.678	0.318	0.487	0.502	0.307	83.001	2500	4473
393	0.103	34.146	95.362	1.191	33.951	95.208	0.402	0.318	0.415	0.318	166.578	1606	4498
394	0.119	34.860	95.420	1.309	34.650	95.208	0.423	0.423	0.473	0.321	132.867	1642	4498
395	0.123	90.153	95.419	1.341	89.895	95.250	0.508	0.318	0.487	0.321	179.450	4257	4500
396	0.116	37.158	95.748	1.281	36.936	95.589	0.466	0.318	0.468	0.316	4.730	1753	4516
397	0.110	44.178	96.268	1.251	43.984	96.076	0.381	0.381	0.454	0.308	46.777	2087	4539
398	0.108	108.779	96.439	1.239	108.627	96.224	0.318	0.444	0.437	0.316	100.125	5136	4546
399	0.115	69.512	96.927	1.299	69.342	96.689	0.339	0.466	0.470	0.312	108.815	3282	4568
400	0.099	62.885	97.183	1.161	62.696	97.028	0.381	0.318	0.418	0.300	27.045	2969	4584
401	0.114	41.594	97.249	1.286	41.381	97.070	0.444	0.360	0.474	0.307	28.095	1966	4586
402	0.117	27.426	97.341	1.286	27.242	97.134	0.381	0.423	0.468	0.319	52.277	1296	4589
403	0.119	43.142	97.446	1.346	42.926	97.240	0.423	0.402	0.488	0.309	43.121	2040	4594
404	0.113	39.439	98.031	1.274	39.285	97.790	0.318	0.487	0.464	0.310	85.200	1861	4620
405	0.115	85.235	98.373	1.299	85.069	98.129	0.318	0.487	0.481	0.303	77.898	4028	4636
406	0.116	41.325	99.269	1.286	41.106	99.081	0.444	0.360	0.465	0.317	149.139	1946	4681
407	0.109	102.280	99.646	1.219	102.044	99.483	0.444	0.339	0.444	0.314	160.947	4827	4700
408	0.141	60.572	99.737	1.388	60.346	99.526	0.444	0.423	0.449	0.399	33.830	2861	4702
409	0.121	23.076	100.089	1.318	22.924	99.843	0.296	0.487	0.500	0.309	86.588	1089	4717
410	0.132	29.237	100.288	1.388	29.041	100.055	0.402	0.466	0.521	0.323	59.803	1381	4727
411	0.101	71.040	100.856	1.196	70.824	100.711	0.423	0.318	0.421	0.306	11.892	3352	4758
412	0.119	27.556	101.204	1.311	27.326	101.029	0.466	0.339	0.480	0.316	18.893	1304	4773
413	0.119	49.379	101.248	1.311	49.149	101.071	0.466	0.339	0.495	0.307	161.326	2328	4775
414	0.119	85.425	101.306	1.299	85.217	101.113	0.423	0.381	0.494	0.307	142.078	4028	4777
415	0.114	37.512	101.461	1.269	37.338	101.240	0.339	0.444	0.446	0.325	69.375	1771	4783
416	0.128	45.455	101.723	1.366	45.276	101.494	0.360	0.466	0.509	0.320	65.473	2146	4795
417	0.121	118.348	101.828	1.341	118.174	101.579	0.339	0.487	0.493	0.311	74.165	5592	4799
418	0.131	28.328	102.304	1.366	28.088	102.129	0.487	0.339	0.509	0.328	9.192	1337	4825
419	0.105	70.641	103.037	1.209	70.485	102.828	0.318	0.423	0.457	0.292	111.937	3332	4858
420	0.127	61.269	104.528	1.341	61.045	104.330	0.444	0.381	0.479	0.338	34.094	2895	4929
421	0.137	118.373	105.500	1.406	118.174	105.241	0.381	0.508	0.523	0.332	64.703	5594	4972
422	0.121	76.761	105.808	1.336	76.602	105.558	0.318	0.487	0.504	0.306	74.639	3627	4987
423	0.114	83.553	105.968	1.281	83.376	105.749	0.360	0.423	0.469	0.310	55.052	3949	4996
424	0.116	46.580	106.596	1.264	46.418	106.362	0.318	0.444	0.457	0.323	82.711	2199	5025
425	0.090	71.352	106.779	1.142	71.205	106.574	0.296	0.423	0.414	0.277	72.694	3372	5035
426	0.119	39.894	106.914	1.316	39.709	106.680	0.360	0.466	0.474	0.320	62.611	1886	5040
427	0.106	84.512	107.386	1.226	84.307	107.209	0.423	0.339	0.452	0.299	149.794	3986	5065
428	0.118	78.755	107.792	1.329	78.571	107.569	0.360	0.466	0.488	0.308	61.920	3722	5082
429	0.121	37.606	107.938	1.329	37.444	107.696	0.318	0.508	0.490	0.315	84.097	1776	5088
430	0.123	63.651	108.014	1.311	63.415	107.844	0.466	0.339	0.474	0.331	9.489	3004	5095
431	0.112	71.156	108.287	1.261	70.951	108.098	0.423	0.381	0.476	0.299	35.758	3364	5107
432	0.104	33.645	108.933	1.261	33.464	108.712	0.360	0.423	0.450	0.294	123.931	1586	5136
433	0.096	89.654	109.378	1.184	89.429	109.220	0.444	0.296	0.421	0.291	178.338	4233	5160
434	0.131	52.376	109.508	1.401	52.197	109.262	0.360	0.508	0.498	0.336	81.426	2474	5162
435	0.127	123.556	109.736	1.406	123.338	109.538	0.423	0.423	0.456	0.354	134.782	5831	5175
436	0.131	17.201	109.851	1.376	16.954	109.664	0.487	0.381	0.500	0.334	158.736	807	5181
437	0.125	49.949	109.832	1.336	49.720	109.664	0.466	0.339	0.497	0.322	18.633	2358	5181
438	0.116	73.149	110.308	1.274	72.940	110.109	0.423	0.381	0.461	0.322	34.094	3458	5202
439	0.104	61.238	110.406	1.226	61.002	110.257	0.466	0.296	0.464	0.285	12.434	2893	5209
440	0.099	47.874	110.914	1.196	47.731	110.702	0.296	0.423	0.431	0.291	94.595	2259	5230
441	0.101	70.462	111.271	1.196	70.294	111.062	0.318	0.423	0.448	0.288	69.011	3328	5247
442	0.114	65.659	111.694	1.269	65.426	111.527	0.444	0.339	0.444	0.328	167.450	3098	5269
443	0.117	49.723	111.932	1.299	49.488	111.760	0.466	0.339	0.458	0.326	164.516	2344	5280
444	0.110	83.631	112.041	1.256	83.418	111.845	0.402	0.381	0.439	0.318	38.930	3952	5284
445	0.126	104.854	112.116	1.359	104.648	111.908	0.423	0.423	0.516	0.311	45.574	4954	5287
446	0.134	57.796	113.827	1.388	57.573	113.623	0.466	0.402	0.511	0.334	146.828	2723	5368
447	0.141	111.922	114.226	1.413	111.760	113.961	0.339	0.529	0.530	0.338	94.808	5284	5384
448	0.112	91.418	114.229	1.256	91.228	114.025	0.381	0.402	0.474	0.301	49.556	4319	5387
449	0.118	70.899	114.626	1.274	70.697	114.427	0.402	0.402	0.469	0.320	41.615	3350	5406
450	0.125	54.342	114.715	1.353	54.166	114.469	0.339	0.487	0.493	0.323	102.164	2565	5408
451	0.140	111.805	115.067	1.418	111.570	114.872	0.487	0.402	0.531	0.335	148.538	5274	5427
452	0.125	79.239	115.106	1.359	78.973	114.956	0.508	0.318	0.506	0.313	178.911	3739	5431
453	0.115	86.356	115.599	1.269	86.191	115.358	0.318	0.466	0.473	0.310	76.158	4081	5450
454	0.120	56.880	115.909	1.316	56.706	115.676	0.339	0.466	0.471	0.324	101.838	2684	5465
455	0.110	58.056	116.145	1.286	57.891	115.888	0.318	0.487	0.476	0.295	102.211	2741	5475
456	0.110	68.687	116.298	1.244	68.517	116.078	0.360	0.423	0.468	0.299	126.238	3239	5484
457	0.104	36.132	116.728	1.214	35.899	116.586	0.466	0.296	0.450	0.294	176.150	1702	5508
458	0.121	65.964	117.342	1.311	65.807	117.094	0.318	0.487	0.490	0.313	96.900	3114	5532
459	0.123	49.184	118.494	1.329	49.022	118.237	0.318	0.508	0.498	0.314	88.563	2322	5586
460	0.121	105.543	118.935	1.336	105.368	118.703	0.339	0.466	0.504	0.307	69.267	4986	5608
461	0.114	65.831	119.042	1.274	65.617	118.851	0.423	0.381	0.462	0.315	38.982	3111	5615
462	0.114	64.613	120.381	1.251	64.431	120.184	0.360	0.402	0.453	0.321	125.934	3047	5678
463	0.123	85.673	120.541	1.359	85.513	120.269	0.318	0.529	0.518	0.302	83.288	4047	5682
464	0.102	79.100	120.496	1.179	78.930	120.311	0.339	0.381	0.409	0.317	59.772	3735	5684
465	0.110	30.834	120.650	1.261	30.607	120.481	0.444	0.360	0.466	0.301	149.089	1449	5692
466	0.121	56.816	121.210	1.311	56.663	120.968	0.318	0.487	0.488	0.316	96.517	2682	5715
467	0.125	116.668	122.186	1.329	116.459	121.984	0.423	0.402	0.490	0.325	138.849	5505	5763
468	0.108	74.988	122.277	1.269	74.845	122.047	0.296	0.487	0.481	0.286	82.937	3541	5766
469	0.133	101.732	122.904	1.371	101.536	122.682	0.381	0.466	0.489	0.345	111.744	4800	5796
470	0.136	73.753	123.695	1.401	73.575	123.444	0.360	0.508	0.520	0.332	68.529	3485	5832
471	0.116	72.459	124.031	1.294	72.305	123.804	0.318	0.466	0.468	0.314	77.589	3421	5849
472	0.129	83.409	124.640	1.323	83.185	124.460	0.444	0.360	0.470	0.349	21.941	3939	5880
473	0.101	61.964	124.822	1.214	61.786	124.629	0.360	0.402	0.443	0.291	129.516	2921	5888
474	0.115	101.703	125.193	1.286	101.473	125.010	0.444	0.360	0.465	0.314	149.758	4800	5906
475	0.069	119.647	126.302	0.992	119.507	126.132	0.275	0.339	0.347	0.252	62.825	5654	5959
476	0.129	70.374	127.125	1.394	70.168	126.894	0.402	0.466	0.501	0.329	118.791	3319	5995
477	0.114	25.641	127.539	1.286	25.464	127.318	0.360	0.444	0.446	0.326	67.693	1212	6015
