 	Area	X	Y	Perim.	BX	BY	Width	Height	Major	Minor	Angle	XStart	YStart
1	0.094	32.560	12.237	1.142	32.385	12.023	0.339	0.381	0.369	0.323	77.669	1537	568
2	0.120	40.685	12.250	1.311	40.513	12.023	0.339	0.466	0.469	0.325	102.166	1919	568
3	0.114	115.861	13.815	1.264	115.676	13.589	0.339	0.423	0.438	0.332	79.150	5473	642
4	0.128	37.405	13.968	1.413	37.232	13.716	0.339	0.529	0.528	0.309	101.224	1764	648
5	0.046	20.535	15.699	0.902	20.426	15.536	0.212	0.318	0.320	0.184	78.969	968	734
6	0.074	40.130	17.130	1.022	39.963	16.976	0.318	0.318	0.332	0.285	45.241	1893	802
7	0.137	68.712	17.592	1.468	68.538	17.314	0.339	0.550	0.526	0.330	95.221	3247	818
8	0.104	20.356	18.498	1.311	20.193	18.267	0.318	0.487	0.501	0.265	108.419	956	863
9	0.113	68.036	19.081	1.256	67.860	18.860	0.339	0.444	0.438	0.328	67.179	3218	891
10	0.138	100.355	19.239	1.443	100.182	18.944	0.339	0.550	0.530	0.330	85.891	4740	895
11	0.142	30.047	19.648	1.438	29.866	19.389	0.360	0.508	0.526	0.344	93.049	1416	916
12	0.124	42.312	19.773	1.359	42.143	19.537	0.339	0.508	0.492	0.320	94.101	1997	923
13	0.137	23.179	19.869	1.401	22.987	19.600	0.360	0.508	0.497	0.350	92.800	1094	926
14	0.114	69.129	19.822	1.341	68.940	19.643	0.381	0.360	0.400	0.364	170.960	3263	928
15	0.130	95.006	20.141	1.396	94.827	19.897	0.339	0.508	0.515	0.322	108.790	4485	940
16	0.125	40.373	23.815	1.341	40.196	23.558	0.339	0.487	0.484	0.329	86.263	1907	1113
17	0.154	30.204	24.144	1.551	30.014	23.855	0.381	0.572	0.558	0.352	76.826	1427	1127
18	0.120	98.804	25.140	1.376	98.594	24.913	0.402	0.466	0.536	0.285	129.512	4661	1177
19	0.140	58.306	25.211	1.431	58.102	24.998	0.444	0.444	0.502	0.355	41.410	2755	1181
20	0.135	44.383	25.644	1.396	44.111	25.485	0.529	0.318	0.518	0.332	178.521	2090	1204
21	0.133	32.903	26.590	1.401	32.681	26.395	0.466	0.402	0.518	0.326	33.073	1554	1247
22	0.137	85.616	26.663	1.401	85.365	26.480	0.508	0.360	0.516	0.337	10.646	4046	1251
23	0.121	80.085	27.100	1.329	79.904	26.882	0.381	0.444	0.482	0.321	122.333	3777	1270
24	0.130	38.800	27.716	1.401	38.608	27.474	0.381	0.487	0.501	0.331	109.408	1828	1298
25	0.140	39.251	28.008	1.396	39.074	27.771	0.360	0.487	0.505	0.354	74.928	1852	1312
26	0.128	33.228	28.964	1.371	32.978	28.787	0.508	0.339	0.490	0.333	3.764	1568	1360
27	0.122	82.663	29.601	1.346	82.423	29.422	0.466	0.360	0.481	0.323	19.947	3906	1390
28	0.134	98.063	30.962	1.401	97.875	30.713	0.381	0.487	0.513	0.334	114.358	4628	1451
29	0.132	74.748	31.187	1.406	74.507	30.988	0.487	0.402	0.511	0.328	149.704	3524	1464
30	0.145	97.099	32.056	1.468	96.838	31.877	0.529	0.360	0.545	0.338	6.336	4590	1506
31	0.151	50.503	32.693	1.510	50.313	32.427	0.360	0.550	0.540	0.357	99.584	2384	1532
32	0.129	38.919	33.219	1.388	38.735	32.935	0.360	0.508	0.482	0.340	85.845	1838	1556
33	0.132	77.924	33.207	1.364	77.724	32.978	0.402	0.466	0.476	0.353	58.728	3683	1558
34	0.130	122.554	33.398	1.359	122.343	33.168	0.402	0.444	0.480	0.344	47.511	5794	1567
35	0.077	28.821	35.145	1.137	28.702	34.946	0.254	0.402	0.384	0.255	101.673	1359	1651
36	0.136	52.334	37.434	1.461	52.155	37.169	0.381	0.508	0.520	0.333	114.462	2469	1756
37	0.125	110.026	37.531	1.341	109.834	37.296	0.381	0.444	0.484	0.328	56.670	5200	1762
38	0.137	105.380	38.054	1.401	105.135	37.846	0.466	0.402	0.521	0.334	34.637	4980	1788
39	0.112	84.834	38.255	1.341	84.603	38.100	0.487	0.339	0.508	0.282	22.736	4005	1800
40	0.115	76.522	38.947	1.286	76.306	38.735	0.402	0.402	0.438	0.333	46.470	3618	1830
41	0.100	72.058	39.021	1.214	71.861	38.841	0.381	0.381	0.434	0.293	48.167	3403	1835
42	0.147	36.062	40.798	1.468	35.814	40.598	0.487	0.402	0.526	0.354	31.836	1703	1918
43	0.135	95.476	41.125	1.413	95.208	40.958	0.529	0.339	0.522	0.330	7.550	4511	1935
44	0.103	132.040	41.694	1.351	131.868	41.487	0.381	0.402	0.391	0.336	44.890	6236	1960
45	0.122	21.828	41.750	1.329	21.654	41.508	0.339	0.487	0.505	0.307	68.847	1031	1961
46	0.132	24.448	42.726	1.413	24.194	42.545	0.508	0.360	0.543	0.310	26.197	1156	2010
47	0.128	97.084	43.195	1.388	96.838	43.011	0.487	0.381	0.516	0.316	32.149	4586	2032
48	0.138	67.260	43.903	1.396	67.077	43.667	0.360	0.487	0.515	0.341	70.358	3176	2063
49	0.131	40.357	44.368	1.366	40.111	44.196	0.487	0.339	0.510	0.328	160.769	1899	2088
50	0.138	48.207	45.416	1.411	47.964	45.212	0.487	0.423	0.514	0.342	35.542	2278	2136
51	0.138	27.809	46.158	1.413	27.538	45.974	0.529	0.339	0.536	0.329	9.935	1315	2172
52	0.137	69.513	47.558	1.443	69.300	47.329	0.423	0.466	0.531	0.328	48.934	3286	2236
53	0.119	68.272	48.524	1.304	68.072	48.302	0.402	0.423	0.467	0.324	52.740	3226	2282
54	0.135	64.362	49.677	1.431	64.177	49.403	0.360	0.529	0.531	0.323	70.003	3043	2334
55	0.133	61.804	49.951	1.408	61.637	49.699	0.339	0.508	0.509	0.333	96.466	2917	2348
56	0.129	10.140	50.236	1.341	9.906	50.059	0.466	0.360	0.481	0.340	21.377	478	2365
57	0.146	75.741	50.561	1.438	75.502	50.377	0.487	0.381	0.528	0.351	26.295	3576	2380
58	0.142	109.884	51.152	1.443	109.707	50.885	0.360	0.529	0.527	0.343	91.228	5189	2404
59	0.137	114.595	51.247	1.413	114.406	51.012	0.381	0.487	0.515	0.338	63.112	5414	2410
60	0.133	100.843	51.335	1.383	100.648	51.096	0.381	0.466	0.523	0.324	58.296	4764	2414
61	0.134	64.118	52.153	1.431	63.902	51.901	0.402	0.487	0.529	0.324	57.358	3031	2452
62	0.125	66.138	52.355	1.406	65.934	52.091	0.402	0.487	0.509	0.314	54.909	3129	2461
63	0.137	110.819	53.425	1.473	110.638	53.150	0.360	0.529	0.550	0.316	71.847	5239	2511
64	0.126	56.627	53.445	1.383	56.473	53.171	0.318	0.529	0.516	0.311	101.473	2671	2512
65	0.138	27.816	53.520	1.401	27.559	53.340	0.508	0.360	0.518	0.338	17.290	1314	2520
66	0.118	75.157	54.140	1.311	74.951	53.954	0.423	0.381	0.462	0.326	38.320	3549	2549
67	0.132	85.576	54.159	1.431	85.365	53.954	0.444	0.444	0.526	0.319	46.448	4044	2549
68	0.124	79.993	54.810	1.371	79.777	54.610	0.444	0.402	0.511	0.309	39.543	3781	2580
69	0.147	53.317	55.827	1.491	53.044	55.626	0.508	0.423	0.567	0.329	147.255	2511	2628
70	0.152	12.925	56.281	1.515	12.658	56.113	0.550	0.360	0.549	0.352	4.537	605	2651
71	0.139	18.910	56.619	1.448	18.732	56.367	0.360	0.550	0.529	0.334	72.831	894	2663
72	0.146	116.672	57.228	1.443	116.438	57.002	0.444	0.444	0.528	0.351	135.933	5506	2693
73	0.127	39.714	57.483	1.401	39.497	57.277	0.423	0.444	0.507	0.319	126.593	1867	2706
74	0.125	55.310	58.983	1.341	55.139	58.738	0.339	0.487	0.498	0.319	108.184	2608	2775
75	0.120	102.273	58.913	1.311	102.044	58.738	0.444	0.360	0.500	0.306	149.885	4824	2775
76	0.125	70.960	60.593	1.371	70.781	60.346	0.360	0.487	0.515	0.308	64.996	3354	2851
77	0.142	108.650	60.639	1.443	108.416	60.431	0.487	0.402	0.519	0.347	146.023	5124	2855
78	0.127	11.143	60.954	1.341	10.922	60.770	0.444	0.381	0.459	0.353	154.972	522	2871
79	0.127	16.740	61.092	1.371	16.552	60.854	0.381	0.466	0.511	0.316	123.239	786	2875
80	0.129	14.637	61.517	1.359	14.436	61.299	0.402	0.444	0.507	0.325	129.655	685	2896
81	0.137	64.938	62.071	1.396	64.706	61.891	0.487	0.360	0.513	0.339	162.090	3060	2924
82	0.107	10.273	62.116	1.269	10.054	61.955	0.444	0.318	0.460	0.296	178.672	484	2927
83	0.132	103.696	63.029	1.388	103.463	62.823	0.466	0.402	0.506	0.333	143.436	4893	2968
84	0.118	64.553	63.386	1.401	64.389	63.140	0.381	0.487	0.491	0.307	70.195	3051	2983
85	0.137	105.159	63.359	1.388	104.944	63.140	0.423	0.444	0.500	0.348	130.046	4964	2983
86	0.121	45.727	63.705	1.316	45.487	63.521	0.444	0.381	0.479	0.322	144.684	2154	3001
87	0.134	63.404	63.781	1.413	63.246	63.521	0.339	0.529	0.512	0.334	86.597	2994	3001
88	0.151	13.524	64.401	1.473	13.314	64.156	0.444	0.466	0.534	0.359	129.546	632	3031
89	0.128	102.484	64.554	1.359	102.235	64.368	0.466	0.381	0.489	0.333	154.646	4837	3041
90	0.134	71.251	64.905	1.413	71.056	64.643	0.381	0.487	0.495	0.346	64.998	3365	3054
91	0.134	68.696	66.659	1.421	68.517	66.400	0.339	0.508	0.514	0.332	68.936	3249	3137
92	0.134	39.199	66.901	1.359	38.968	66.696	0.466	0.381	0.483	0.353	161.655	1849	3151
93	0.143	90.418	67.079	1.468	90.149	66.887	0.508	0.381	0.545	0.335	24.972	4274	3160
94	0.113	62.567	67.093	1.264	62.378	66.908	0.381	0.381	0.449	0.321	44.998	2954	3161
95	0.082	50.026	67.898	1.052	49.848	67.755	0.360	0.296	0.368	0.284	167.520	2359	3201
96	0.125	62.917	68.178	1.359	62.717	67.966	0.402	0.444	0.506	0.313	130.916	2965	3211
97	0.122	62.193	68.715	1.318	61.976	68.559	0.466	0.318	0.489	0.317	10.575	2933	3239
98	0.133	74.052	68.871	1.366	73.808	68.686	0.466	0.360	0.487	0.348	16.655	3500	3245
99	0.142	45.869	69.154	1.438	45.614	68.961	0.487	0.381	0.520	0.347	159.915	2163	3258
100	0.121	29.751	69.163	1.346	29.506	68.982	0.487	0.360	0.484	0.318	163.410	1403	3259
101	0.099	53.395	69.621	1.209	53.150	69.490	0.466	0.275	0.460	0.273	5.560	2519	3283
102	0.136	114.770	69.831	1.431	114.554	69.617	0.423	0.444	0.517	0.334	52.799	5422	3289
103	0.148	108.488	70.208	1.448	108.268	69.977	0.444	0.466	0.559	0.337	132.413	5118	3306
104	0.125	126.495	70.168	1.346	126.259	69.998	0.487	0.339	0.483	0.328	2.311	5975	3307
105	0.133	29.245	70.369	1.371	29.020	70.189	0.487	0.360	0.492	0.344	161.932	1374	3316
106	0.141	115.134	70.624	1.443	114.956	70.379	0.360	0.508	0.515	0.349	86.330	5435	3325
107	0.140	61.869	71.027	1.426	61.616	70.845	0.508	0.360	0.532	0.334	162.726	2916	3347
108	0.121	95.410	72.146	1.366	95.229	71.903	0.360	0.466	0.513	0.299	61.915	4508	3397
109	0.135	56.972	72.388	1.431	56.684	72.221	0.550	0.339	0.520	0.331	4.210	2689	3412
110	0.133	72.349	72.498	1.359	72.136	72.305	0.444	0.402	0.494	0.343	35.479	3416	3416
111	0.120	30.401	72.745	1.299	30.205	72.538	0.381	0.423	0.435	0.350	120.705	1434	3427
112	0.113	67.925	73.164	1.274	67.691	72.983	0.444	0.360	0.433	0.333	12.447	3209	3448
113	0.142	51.243	73.507	1.413	50.990	73.321	0.508	0.360	0.506	0.357	175.532	2417	3464
114	0.130	64.015	73.877	1.359	63.796	73.660	0.423	0.423	0.499	0.331	45.955	3025	3480
115	0.140	39.892	73.850	1.491	39.624	73.681	0.550	0.339	0.553	0.323	168.522	1877	3481
116	0.136	51.185	74.450	1.388	50.927	74.274	0.508	0.360	0.518	0.335	14.117	2418	3509
117	0.135	27.423	74.513	1.401	27.199	74.316	0.487	0.381	0.508	0.338	155.211	1288	3511
118	0.144	23.130	74.784	1.473	22.924	74.528	0.402	0.508	0.522	0.352	115.958	1090	3521
119	0.147	94.247	74.784	1.463	94.065	74.528	0.360	0.508	0.543	0.344	106.978	4448	3521
120	0.126	45.679	75.195	1.366	45.445	75.036	0.508	0.318	0.504	0.318	174.692	2151	3545
121	0.149	17.365	75.487	1.491	17.187	75.205	0.360	0.572	0.547	0.346	93.212	817	3553
122	0.129	35.427	75.794	1.359	35.200	75.607	0.487	0.360	0.498	0.331	157.519	1666	3572
123	0.116	21.617	76.076	1.286	21.442	75.861	0.360	0.423	0.421	0.350	114.645	1018	3584
124	0.148	50.837	76.200	1.473	50.588	76.010	0.529	0.381	0.528	0.357	14.956	2401	3591
125	0.120	57.220	76.592	1.341	56.981	76.412	0.487	0.339	0.511	0.299	159.919	2697	3610
126	0.136	61.854	76.871	1.426	61.616	76.666	0.466	0.402	0.513	0.337	35.048	2923	3622
127	0.153	20.585	77.271	1.545	20.341	77.068	0.487	0.423	0.522	0.373	150.220	964	3641
128	0.125	49.660	77.347	1.371	49.403	77.195	0.529	0.318	0.509	0.314	8.402	2343	3647
129	0.125	55.988	78.020	1.353	55.732	77.851	0.508	0.318	0.505	0.314	0.118	2642	3678
130	0.140	91.092	78.088	1.431	90.868	77.893	0.466	0.402	0.513	0.348	30.022	4303	3680
131	0.124	58.594	78.205	1.353	58.399	78.020	0.423	0.402	0.490	0.322	39.210	2766	3686
132	0.124	42.907	78.249	1.396	42.651	78.105	0.550	0.296	0.529	0.297	174.892	2019	3690
133	0.128	83.312	78.592	1.388	83.058	78.422	0.529	0.339	0.511	0.319	7.671	3934	3705
134	0.144	44.490	78.870	1.456	44.238	78.676	0.508	0.381	0.547	0.335	159.101	2095	3717
135	0.128	121.396	80.232	1.366	121.200	80.010	0.402	0.423	0.485	0.337	130.633	5731	3780
136	0.149	57.815	80.569	1.486	57.552	80.391	0.550	0.360	0.543	0.350	7.779	2729	3798
137	0.118	124.991	80.954	1.311	124.778	80.772	0.402	0.402	0.426	0.352	157.997	5903	3816
138	0.136	21.526	82.583	1.396	21.272	82.423	0.508	0.339	0.523	0.331	177.600	1011	3894
139	0.099	92.070	82.590	1.256	91.821	82.423	0.444	0.339	0.444	0.285	18.868	4353	3894
140	0.116	121.360	83.607	1.281	121.200	83.376	0.318	0.466	0.473	0.312	100.962	5731	3939
141	0.127	73.197	83.698	1.341	72.962	83.524	0.466	0.339	0.471	0.344	173.548	3454	3946
142	0.134	80.532	84.596	1.418	80.264	84.413	0.529	0.360	0.517	0.331	7.976	3805	3988
143	0.134	31.451	84.684	1.378	31.284	84.434	0.339	0.487	0.506	0.338	82.675	1484	3989
144	0.120	74.170	84.851	1.329	73.978	84.624	0.381	0.444	0.465	0.329	59.852	3505	3998
145	0.136	66.574	85.343	1.388	66.358	85.111	0.423	0.444	0.511	0.338	47.080	3148	4021
146	0.144	11.855	86.340	1.468	11.599	86.170	0.550	0.339	0.552	0.333	10.954	557	4071
147	0.146	59.492	87.027	1.443	59.267	86.826	0.466	0.423	0.531	0.350	37.107	2809	4102
148	0.136	19.669	87.871	1.383	19.410	87.694	0.487	0.360	0.497	0.347	165.875	926	4143
149	0.134	97.379	89.014	1.401	97.197	88.752	0.360	0.508	0.521	0.328	110.615	4597	4193
150	0.138	52.096	89.363	1.438	51.858	89.175	0.487	0.381	0.534	0.328	30.675	2460	4213
151	0.115	40.397	89.741	1.269	40.174	89.577	0.444	0.339	0.459	0.318	160.970	1903	4232
152	0.134	54.188	90.153	1.431	53.933	89.980	0.529	0.360	0.536	0.320	19.259	2559	4251
153	0.128	62.645	90.393	1.418	62.484	90.128	0.318	0.529	0.523	0.312	97.927	2959	4258
154	0.123	97.799	90.638	1.329	97.621	90.403	0.360	0.466	0.501	0.312	60.076	4621	4271
155	0.126	10.021	90.607	1.313	9.800	90.445	0.423	0.339	0.450	0.357	171.950	465	4273
156	0.141	9.376	90.856	1.473	9.080	90.678	0.550	0.360	0.550	0.327	16.375	444	4284
157	0.127	18.674	91.393	1.341	18.457	91.207	0.466	0.360	0.488	0.331	156.603	874	4309
158	0.139	62.365	91.495	1.443	62.188	91.228	0.339	0.550	0.541	0.327	88.706	2945	4310
159	0.121	26.285	91.991	1.299	26.056	91.821	0.466	0.339	0.458	0.335	166.848	1238	4338
160	0.136	41.974	92.273	1.418	41.783	92.033	0.381	0.508	0.513	0.338	72.710	1981	4348
161	0.131	20.354	92.712	1.406	20.087	92.520	0.508	0.381	0.503	0.332	157.075	957	4371
162	0.133	112.750	93.709	1.426	112.586	93.451	0.339	0.529	0.548	0.308	107.056	5321	4415
163	0.131	61.619	95.839	1.443	61.426	95.589	0.381	0.508	0.518	0.323	61.541	2916	4516
164	0.132	82.075	95.984	1.366	81.830	95.800	0.466	0.360	0.489	0.344	164.331	3872	4526
165	0.137	98.329	96.357	1.491	98.044	96.181	0.529	0.402	0.519	0.336	177.858	4650	4544
166	0.143	54.969	96.828	1.473	54.779	96.562	0.360	0.529	0.540	0.338	104.801	2593	4562
167	0.142	106.269	97.402	1.491	106.087	97.113	0.381	0.529	0.542	0.334	114.834	5015	4588
168	0.129	78.551	97.565	1.346	78.296	97.388	0.487	0.360	0.498	0.330	155.752	3704	4601
169	0.121	75.019	97.669	1.311	74.782	97.494	0.466	0.339	0.456	0.339	173.535	3540	4606
170	0.112	27.578	97.821	1.329	27.326	97.663	0.529	0.296	0.504	0.284	176.088	1299	4614
171	0.138	90.491	98.416	1.456	90.212	98.256	0.550	0.339	0.533	0.331	0.772	4273	4642
172	0.138	99.327	99.152	1.528	99.145	98.891	0.339	0.572	0.550	0.319	95.276	4689	4672
173	0.151	10.372	99.187	1.515	10.118	98.975	0.508	0.423	0.556	0.346	31.787	492	4676
174	0.127	25.543	99.278	1.323	25.315	99.102	0.444	0.360	0.474	0.342	157.509	1200	4682
175	0.134	70.443	100.519	1.371	70.210	100.330	0.466	0.381	0.500	0.340	151.595	3321	4740
176	0.134	12.257	100.587	1.413	12.065	100.351	0.381	0.487	0.485	0.351	105.097	575	4741
177	0.119	112.795	100.537	1.323	112.586	100.351	0.423	0.381	0.495	0.305	37.046	5329	4741
178	0.133	40.355	100.831	1.443	40.174	100.563	0.360	0.529	0.519	0.327	106.648	1902	4751
179	0.147	36.154	100.830	1.478	35.941	100.605	0.444	0.487	0.515	0.363	56.904	1708	4753
180	0.145	46.874	101.797	1.461	46.651	101.536	0.423	0.487	0.528	0.350	54.876	2217	4797
181	0.119	33.489	102.252	1.329	33.295	102.023	0.381	0.444	0.476	0.319	122.435	1577	4820
182	0.129	17.978	102.549	1.364	17.759	102.341	0.466	0.402	0.514	0.321	142.391	843	4835
183	0.129	69.251	102.975	1.378	69.088	102.722	0.318	0.508	0.524	0.314	101.485	3268	4853
184	0.127	56.644	103.368	1.353	56.473	103.124	0.339	0.487	0.496	0.325	70.777	2679	4872
185	0.127	74.036	103.630	1.341	73.808	103.442	0.444	0.381	0.484	0.334	154.793	3494	4887
186	0.121	61.586	103.801	1.371	61.362	103.590	0.423	0.402	0.491	0.313	41.759	2912	4894
187	0.129	49.079	103.898	1.359	48.853	103.696	0.444	0.402	0.511	0.321	145.152	2313	4899
188	0.136	58.154	104.003	1.426	57.976	103.738	0.339	0.529	0.526	0.329	82.369	2747	4901
189	0.130	56.303	104.015	1.480	56.092	103.822	0.444	0.402	0.469	0.352	157.609	2652	4905
190	0.129	42.271	104.906	1.391	42.101	104.627	0.318	0.508	0.523	0.313	76.985	1998	4943
191	0.153	10.308	105.020	1.508	10.054	104.775	0.487	0.466	0.553	0.353	45.680	489	4950
192	0.133	21.018	105.194	1.388	20.807	104.966	0.402	0.466	0.507	0.334	125.871	988	4959
193	0.126	67.505	106.550	1.376	67.225	106.384	0.529	0.339	0.513	0.313	160.515	3183	5026
194	0.134	17.794	106.713	1.388	17.590	106.490	0.423	0.444	0.519	0.329	134.667	834	5031
195	0.133	104.993	106.903	1.401	104.733	106.722	0.508	0.360	0.506	0.335	165.087	4956	5042
196	0.136	51.973	106.997	1.431	51.795	106.744	0.360	0.529	0.530	0.327	74.155	2456	5043
197	0.137	53.084	108.193	1.421	52.917	107.929	0.339	0.508	0.518	0.336	95.717	2506	5099
198	0.134	52.447	108.697	1.383	52.239	108.500	0.423	0.423	0.501	0.339	46.319	2476	5126
199	0.130	46.111	108.879	1.443	45.910	108.606	0.360	0.529	0.507	0.327	74.190	2182	5131
200	0.121	15.769	108.849	1.353	15.579	108.627	0.381	0.444	0.489	0.315	121.365	739	5132
201	0.122	16.893	109.526	1.329	16.658	109.347	0.466	0.360	0.475	0.326	151.928	792	5166
202	0.130	15.385	109.788	1.496	15.219	109.495	0.339	0.572	0.535	0.310	98.994	723	5173
203	0.124	19.236	110.031	1.304	19.029	109.813	0.402	0.423	0.454	0.346	130.330	906	5188
204	0.133	60.080	110.327	1.401	59.902	110.088	0.360	0.508	0.512	0.331	75.830	2837	5201
205	0.041	8.013	111.492	0.758	7.895	111.379	0.254	0.212	0.247	0.213	25.702	376	5262
206	0.132	50.935	112.561	1.406	50.736	112.289	0.381	0.508	0.516	0.325	63.579	2409	5305
207	0.116	15.202	112.638	1.269	14.986	112.458	0.423	0.360	0.463	0.320	148.056	712	5313
208	0.112	83.886	112.740	1.299	83.630	112.586	0.508	0.296	0.502	0.285	172.655	3961	5319
209	0.134	32.036	113.084	1.413	31.750	112.924	0.550	0.318	0.531	0.320	0.727	1509	5335
210	0.103	59.252	114.018	1.232	59.118	113.771	0.296	0.487	0.454	0.290	82.080	2797	5375
211	0.043	40.685	114.236	0.840	40.555	114.110	0.275	0.254	0.281	0.195	145.664	1920	5391
212	0.118	61.175	114.572	1.286	61.002	114.321	0.339	0.466	0.458	0.329	107.075	2888	5401
213	0.139	70.110	114.496	1.396	69.850	114.321	0.508	0.339	0.513	0.345	174.997	3308	5401
214	0.046	116.565	114.447	0.805	116.417	114.342	0.296	0.212	0.302	0.193	15.878	5506	5402
215	0.125	72.972	115.032	1.388	72.792	114.787	0.381	0.487	0.520	0.307	121.925	3441	5423
216	0.124	57.881	116.066	1.336	57.722	115.824	0.318	0.487	0.495	0.318	95.017	2732	5472
217	0.138	13.070	116.189	1.401	12.890	115.930	0.381	0.487	0.476	0.369	93.684	614	5477
218	0.130	41.099	118.659	1.401	40.936	118.385	0.339	0.529	0.516	0.320	101.124	1937	5593
219	0.121	11.648	118.744	1.316	11.430	118.576	0.466	0.360	0.469	0.327	21.579	548	5602
220	0.127	21.517	118.946	1.371	21.336	118.703	0.360	0.487	0.495	0.327	67.540	1017	5608
221	0.130	43.275	119.797	1.371	43.095	119.570	0.360	0.487	0.484	0.343	75.656	2044	5649
222	0.116	87.072	120.645	1.316	86.868	120.438	0.423	0.402	0.482	0.305	137.209	4107	5690
223	0.127	81.262	120.746	1.341	81.026	120.565	0.466	0.360	0.502	0.323	155.414	3832	5696
224	0.122	41.861	122.443	1.353	41.720	122.174	0.318	0.508	0.499	0.312	94.702	1974	5772
225	0.122	33.254	122.436	1.304	33.041	122.238	0.423	0.402	0.456	0.341	40.538	1571	5775
226	0.120	16.218	123.876	1.306	16.023	123.677	0.381	0.402	0.430	0.354	58.036	764	5843
227	0.136	60.828	124.117	1.383	60.664	123.867	0.339	0.508	0.510	0.340	82.038	2871	5852
228	0.129	37.564	125.602	1.418	37.402	125.328	0.339	0.550	0.526	0.313	83.123	1774	5921
229	0.137	40.232	125.643	1.413	40.068	125.370	0.339	0.529	0.531	0.329	84.329	1899	5923
230	0.045	118.188	125.694	0.848	118.046	125.582	0.275	0.212	0.283	0.204	159.619	5578	5933
231	0.098	127.382	126.209	1.142	127.212	126.026	0.339	0.381	0.394	0.317	121.655	6014	5954
232	0.122	74.058	126.826	1.353	73.893	126.598	0.339	0.487	0.483	0.322	71.025	3496	5981
233	0.147	115.078	126.931	1.466	114.808	126.725	0.487	0.444	0.542	0.344	139.756	5430	5987
234	0.145	114.993	129.271	1.456	114.744	129.074	0.508	0.381	0.533	0.347	21.244	5434	6098
235	0.110	40.941	129.951	1.334	40.767	129.688	0.339	0.508	0.505	0.277	67.172	1937	6127
236	0.150	45.924	130.082	1.528	45.741	129.773	0.360	0.572	0.549	0.347	84.031	2168	6131
237	0.118	111.049	131.272	1.269	110.850	131.085	0.402	0.381	0.468	0.320	142.137	5239	6193
238	0.126	22.707	132.103	1.353	22.479	131.890	0.423	0.402	0.484	0.331	39.254	1078	6231
