 	Area	X	Y	Perim.	BX	BY	Width	Height	Major	Minor	Angle	XStart	YStart
1	0.147	31.675	11.685	1.515	31.411	11.494	0.508	0.402	0.571	0.328	147.803	1485	543
2	0.207	87.625	13.686	1.817	87.249	13.504	0.698	0.402	0.707	0.373	169.144	4131	638
3	0.172	60.443	14.002	1.713	60.177	13.780	0.572	0.444	0.610	0.359	31.245	2857	651
4	0.151	40.337	14.239	1.521	40.047	14.034	0.550	0.402	0.577	0.334	151.736	1899	663
5	0.135	96.445	15.026	1.468	96.287	14.732	0.318	0.572	0.569	0.303	100.875	4553	696
6	0.151	80.912	15.164	1.540	80.730	14.880	0.360	0.572	0.595	0.324	72.695	3823	703
7	0.153	39.276	15.647	1.515	39.031	15.430	0.529	0.402	0.571	0.342	153.427	1848	729
8	0.171	65.339	15.946	1.635	65.088	15.706	0.508	0.487	0.605	0.360	140.064	3077	742
9	0.147	84.628	15.903	1.498	84.349	15.727	0.550	0.360	0.558	0.335	19.757	3998	743
10	0.140	101.122	16.413	1.461	100.902	16.150	0.423	0.487	0.548	0.325	54.162	4780	763
11	0.154	66.755	16.829	1.563	66.463	16.637	0.593	0.381	0.608	0.322	157.310	3146	786
12	0.170	95.857	17.001	1.630	95.568	16.785	0.572	0.423	0.635	0.342	29.962	4531	793
13	0.139	82.514	17.322	1.431	82.232	17.145	0.550	0.339	0.540	0.327	4.360	3897	810
14	0.152	54.093	17.430	1.521	53.806	17.230	0.572	0.381	0.587	0.330	20.299	2560	814
15	0.143	93.329	17.513	1.496	93.154	17.230	0.360	0.550	0.541	0.338	90.196	4409	814
16	0.164	102.198	17.516	1.593	101.939	17.272	0.508	0.487	0.617	0.337	139.203	4820	816
17	0.149	87.832	17.561	1.480	87.651	17.293	0.360	0.529	0.550	0.344	72.117	4149	817
18	0.139	106.280	17.745	1.431	106.003	17.568	0.550	0.339	0.537	0.331	179.791	5018	830
19	0.158	91.357	17.777	1.515	91.059	17.611	0.593	0.339	0.585	0.344	2.585	4311	832
20	0.143	54.037	18.318	1.508	53.806	18.076	0.466	0.487	0.564	0.323	133.655	2545	854
21	0.175	27.888	18.383	1.635	27.644	18.119	0.487	0.529	0.623	0.358	129.214	1308	856
22	0.127	60.245	18.430	1.366	60.008	18.267	0.487	0.339	0.494	0.328	20.850	2845	863
23	0.155	33.861	18.844	1.515	33.655	18.584	0.402	0.529	0.581	0.340	119.352	1593	878
24	0.146	61.204	19.196	1.486	60.896	19.029	0.572	0.339	0.573	0.325	170.316	2886	899
25	0.159	44.400	19.538	1.545	44.217	19.240	0.360	0.593	0.581	0.348	82.176	2098	909
26	0.149	69.455	19.497	1.491	69.194	19.304	0.529	0.381	0.547	0.347	22.435	3281	912
27	0.154	42.641	20.172	1.545	42.439	19.897	0.402	0.550	0.592	0.332	116.978	2010	940
28	0.143	74.066	20.241	1.503	73.787	20.024	0.550	0.381	0.548	0.332	179.521	3497	946
29	0.154	110.886	21.424	1.496	110.638	21.209	0.529	0.423	0.539	0.363	27.483	5238	1002
30	0.135	85.147	21.512	1.413	84.900	21.336	0.508	0.360	0.512	0.335	163.082	4017	1008
31	0.150	35.173	21.940	1.503	34.967	21.675	0.402	0.529	0.566	0.337	119.330	1657	1024
32	0.169	80.722	22.494	1.618	80.412	22.310	0.614	0.360	0.612	0.351	1.039	3811	1054
33	0.155	123.072	22.897	1.563	122.894	22.606	0.360	0.593	0.581	0.340	103.753	5812	1068
34	0.118	91.720	22.921	1.359	91.482	22.733	0.466	0.381	0.515	0.291	33.081	4334	1074
35	0.164	80.723	23.092	1.588	80.412	22.902	0.593	0.381	0.600	0.349	165.054	3808	1082
36	0.130	35.388	23.198	1.378	35.221	22.966	0.339	0.487	0.516	0.322	71.847	1672	1085
37	0.140	62.946	23.136	1.413	62.696	22.966	0.508	0.360	0.525	0.340	13.005	2970	1085
38	0.147	79.590	23.292	1.508	79.312	23.114	0.572	0.381	0.547	0.341	178.577	3757	1092
39	0.132	75.211	23.876	1.431	75.036	23.643	0.381	0.508	0.531	0.317	63.533	3554	1117
40	0.127	99.382	23.901	1.396	99.124	23.728	0.508	0.339	0.538	0.300	23.098	4696	1121
41	0.147	46.247	25.035	1.503	45.995	24.829	0.508	0.423	0.574	0.326	146.208	2174	1173
42	0.143	36.116	25.502	1.461	35.878	25.294	0.508	0.402	0.533	0.342	148.885	1700	1195
43	0.158	87.169	25.632	1.586	86.932	25.379	0.508	0.508	0.584	0.344	129.177	4110	1199
44	0.127	90.327	25.594	1.406	90.106	25.400	0.508	0.381	0.488	0.331	25.897	4267	1200
45	0.132	63.826	25.587	1.418	63.542	25.421	0.550	0.339	0.528	0.319	179.822	3015	1201
46	0.125	60.391	26.121	1.394	60.156	25.908	0.466	0.423	0.556	0.287	138.139	2844	1224
47	0.149	61.233	26.287	1.510	61.066	25.993	0.339	0.572	0.577	0.329	98.451	2890	1228
48	0.125	103.491	26.210	1.378	103.230	26.056	0.529	0.296	0.533	0.298	172.547	4883	1231
49	0.146	32.598	26.323	1.443	32.322	26.162	0.550	0.339	0.547	0.340	174.924	1532	1236
50	0.134	82.197	26.394	1.443	81.936	26.226	0.550	0.339	0.540	0.316	177.198	3878	1239
51	0.150	123.767	26.503	1.533	123.571	26.226	0.381	0.572	0.579	0.330	65.520	5851	1239
52	0.142	55.301	27.456	1.426	55.033	27.284	0.529	0.339	0.536	0.337	7.274	2609	1289
53	0.151	44.986	27.560	1.491	44.725	27.326	0.487	0.444	0.567	0.340	38.562	2129	1291
54	0.114	89.117	27.556	1.261	88.942	27.326	0.360	0.444	0.455	0.320	62.837	4210	1291
55	0.139	39.104	27.618	1.401	38.862	27.432	0.508	0.360	0.518	0.343	163.519	1840	1296
56	0.139	94.496	28.106	1.443	94.276	27.898	0.466	0.423	0.540	0.327	39.617	4467	1318
57	0.159	90.899	28.394	1.545	90.699	28.109	0.402	0.550	0.584	0.348	115.147	4290	1328
58	0.152	111.549	28.428	1.533	111.252	28.258	0.593	0.339	0.591	0.327	175.360	5264	1335
59	0.172	53.930	29.152	1.637	53.594	28.977	0.635	0.339	0.645	0.340	179.447	2546	1369
60	0.143	53.118	29.346	1.473	52.938	29.083	0.360	0.550	0.561	0.324	69.732	2510	1374
61	0.142	98.012	29.574	1.431	97.832	29.316	0.360	0.529	0.525	0.344	99.135	4627	1385
62	0.136	56.305	30.483	1.418	56.092	30.247	0.423	0.466	0.540	0.320	50.068	2662	1429
63	0.143	26.588	30.678	1.473	26.416	30.395	0.360	0.550	0.561	0.325	111.802	1250	1436
64	0.174	34.445	30.814	1.623	34.163	30.586	0.550	0.466	0.617	0.360	144.465	1619	1445
65	0.137	73.482	31.054	1.448	73.279	30.798	0.423	0.487	0.547	0.319	130.694	3464	1455
66	0.154	91.259	31.075	1.533	90.974	30.903	0.593	0.360	0.587	0.334	18.146	4309	1460
67	0.145	56.743	31.209	1.498	56.452	31.052	0.572	0.339	0.572	0.322	171.416	2674	1467
68	0.144	61.254	31.317	1.486	60.981	31.136	0.550	0.339	0.551	0.332	2.638	2892	1471
69	0.139	47.284	31.665	1.436	47.054	31.454	0.466	0.444	0.533	0.333	42.636	2234	1486
70	0.164	27.799	31.791	1.580	27.559	31.538	0.508	0.487	0.612	0.342	136.249	1305	1490
71	0.149	90.404	31.769	1.491	90.170	31.538	0.466	0.466	0.576	0.330	135.310	4263	1490
72	0.116	105.790	32.094	1.323	105.558	31.940	0.487	0.318	0.516	0.286	21.319	4997	1509
73	0.131	98.887	32.727	1.480	98.742	32.448	0.296	0.593	0.567	0.295	91.985	4668	1533
74	0.140	60.428	32.794	1.466	60.177	32.597	0.550	0.381	0.533	0.334	159.676	2848	1540
75	0.159	21.995	33.110	1.558	21.823	32.808	0.360	0.593	0.589	0.345	89.672	1037	1550
76	0.143	74.675	33.081	1.528	74.422	32.872	0.550	0.381	0.606	0.301	152.476	3519	1553
77	0.147	59.195	33.214	1.468	59.013	32.956	0.360	0.529	0.561	0.333	109.724	2791	1557
78	0.144	49.198	33.796	1.486	48.916	33.613	0.550	0.360	0.579	0.316	20.580	2327	1588
79	0.169	59.761	34.017	1.600	59.563	33.718	0.402	0.572	0.598	0.360	112.295	2819	1593
80	0.153	46.549	34.089	1.533	46.270	33.888	0.550	0.402	0.580	0.337	152.258	2188	1601
81	0.153	41.249	34.378	1.528	41.084	34.078	0.339	0.593	0.589	0.330	84.311	1949	1610
82	0.137	86.395	34.307	1.418	86.170	34.078	0.444	0.444	0.532	0.327	45.825	4083	1610
83	0.153	54.433	34.402	1.521	54.250	34.100	0.360	0.593	0.583	0.333	73.586	2572	1611
84	0.150	90.654	34.430	1.580	90.466	34.163	0.381	0.593	0.563	0.339	102.320	4279	1614
85	0.151	39.169	35.728	1.508	38.904	35.496	0.508	0.444	0.573	0.337	38.651	1854	1677
86	0.176	81.589	36.190	1.672	81.386	35.856	0.381	0.635	0.653	0.343	72.551	3859	1694
87	0.162	57.926	36.418	1.618	57.616	36.237	0.635	0.360	0.629	0.328	13.089	2737	1712
88	0.163	124.065	36.644	1.568	123.846	36.364	0.444	0.550	0.594	0.350	57.025	5865	1718
89	0.137	29.453	36.684	1.478	29.231	36.428	0.444	0.487	0.574	0.303	132.960	1383	1721
90	0.151	86.043	36.909	1.491	85.852	36.640	0.381	0.550	0.577	0.333	113.257	4059	1731
91	0.155	58.214	36.858	1.570	57.912	36.682	0.572	0.381	0.597	0.329	154.033	2737	1733
92	0.130	57.621	37.764	1.418	57.425	37.528	0.381	0.508	0.539	0.308	121.589	2715	1773
93	0.153	78.528	38.140	1.480	78.359	37.867	0.339	0.550	0.561	0.348	87.829	3707	1789
94	0.131	53.593	38.183	1.381	53.361	37.973	0.487	0.402	0.519	0.322	149.463	2527	1794
95	0.164	61.080	38.440	1.533	60.812	38.227	0.529	0.423	0.563	0.370	29.408	2887	1806
96	0.142	60.422	38.654	1.493	60.262	38.354	0.318	0.572	0.572	0.317	99.659	2851	1812
97	0.138	31.375	38.859	1.436	31.115	38.650	0.508	0.402	0.551	0.319	148.650	1476	1826
98	0.165	87.891	39.057	1.628	87.694	38.777	0.444	0.593	0.591	0.355	70.063	4152	1832
99	0.151	33.681	39.434	1.551	33.464	39.158	0.466	0.508	0.588	0.327	133.330	1582	1850
100	0.150	115.042	40.023	1.503	114.872	39.730	0.339	0.593	0.585	0.327	100.766	5432	1877
101	0.138	51.293	40.239	1.431	51.054	40.026	0.466	0.423	0.550	0.318	143.871	2415	1891
102	0.131	62.547	41.063	1.486	62.378	40.788	0.318	0.572	0.558	0.300	98.876	2952	1927
103	0.159	107.193	41.223	1.533	106.976	40.958	0.402	0.550	0.584	0.348	116.001	5058	1935
104	0.132	47.555	41.152	1.426	47.265	40.979	0.550	0.318	0.539	0.311	1.716	2245	1936
105	0.123	94.030	41.595	1.364	93.832	41.360	0.402	0.466	0.510	0.308	125.224	4435	1954
106	0.165	42.528	41.780	1.613	42.354	41.508	0.381	0.593	0.624	0.336	66.889	2009	1961
107	0.147	123.411	41.966	1.521	123.148	41.741	0.508	0.444	0.575	0.325	141.034	5820	1972
108	0.151	25.524	42.027	1.551	25.210	41.846	0.593	0.360	0.586	0.328	11.915	1206	1977
109	0.146	56.295	42.075	1.498	56.028	41.910	0.572	0.339	0.563	0.330	9.858	2658	1980
110	0.129	81.160	42.241	1.366	80.899	42.079	0.508	0.318	0.521	0.315	171.669	3830	1988
111	0.146	33.017	42.609	1.503	32.808	42.354	0.423	0.508	0.581	0.320	54.309	1563	2001
112	0.134	69.195	42.609	1.508	68.919	42.439	0.593	0.339	0.547	0.311	9.958	3272	2005
113	0.154	27.483	42.858	1.491	27.242	42.630	0.487	0.444	0.557	0.351	141.501	1293	2014
114	0.132	40.692	42.893	1.413	40.428	42.714	0.529	0.339	0.519	0.324	14.060	1921	2018
115	0.169	83.760	42.954	1.630	83.418	42.778	0.635	0.360	0.624	0.346	170.522	3952	2021
116	0.142	57.838	43.677	1.480	57.679	43.392	0.339	0.550	0.562	0.323	84.401	2731	2050
117	0.143	59.421	43.692	1.426	59.246	43.434	0.360	0.508	0.543	0.335	111.689	2801	2052
118	0.148	97.111	43.733	1.543	96.922	43.455	0.423	0.572	0.568	0.333	67.107	4590	2053
119	0.045	76.029	43.638	0.793	75.883	43.540	0.296	0.212	0.301	0.192	159.296	3586	2057
120	0.131	67.225	44.080	1.426	67.056	43.794	0.318	0.550	0.553	0.301	96.174	3174	2069
121	0.148	62.276	44.212	1.468	62.103	43.942	0.339	0.550	0.556	0.338	81.124	2943	2076
122	0.140	77.448	44.321	1.448	77.258	44.048	0.381	0.529	0.555	0.320	117.709	3653	2081
123	0.134	103.326	44.235	1.401	103.082	44.048	0.487	0.381	0.546	0.312	31.196	4882	2081
124	0.134	33.862	44.537	1.426	33.676	44.302	0.381	0.487	0.535	0.318	57.753	1600	2093
125	0.158	50.772	44.731	1.600	50.440	44.556	0.635	0.339	0.617	0.326	176.141	2396	2105
126	0.129	93.859	44.889	1.353	93.705	44.640	0.318	0.508	0.499	0.328	90.341	4431	2109
127	0.139	118.953	45.024	1.473	118.787	44.725	0.339	0.572	0.550	0.322	85.391	5621	2113
128	0.150	22.410	45.135	1.508	22.162	44.937	0.550	0.402	0.553	0.344	160.839	1051	2123
129	0.160	104.830	45.184	1.558	104.542	44.979	0.550	0.402	0.582	0.351	25.197	4954	2125
130	0.156	55.070	45.489	1.533	54.843	45.233	0.487	0.466	0.585	0.340	139.239	2594	2137
131	0.147	87.742	45.782	1.498	87.566	45.487	0.339	0.572	0.561	0.333	86.701	4145	2149
132	0.171	28.376	46.021	1.610	28.109	45.784	0.550	0.466	0.620	0.351	36.687	1344	2163
133	0.125	21.281	46.102	1.359	21.061	45.889	0.444	0.402	0.512	0.311	143.709	1000	2168
134	0.138	61.590	46.309	1.396	61.341	46.143	0.508	0.339	0.504	0.348	2.418	2906	2180
135	0.155	21.930	46.491	1.528	21.632	46.313	0.593	0.339	0.578	0.343	178.100	1032	2188
136	0.152	39.451	46.803	1.551	39.158	46.588	0.550	0.423	0.588	0.329	34.496	1865	2201
137	0.144	58.167	47.173	1.461	57.997	46.884	0.339	0.572	0.555	0.330	95.558	2746	2215
138	0.179	104.192	47.309	1.767	103.992	46.990	0.444	0.635	0.636	0.358	107.667	4919	2220
139	0.139	49.220	47.337	1.473	49.043	47.075	0.360	0.550	0.577	0.308	66.383	2326	2224
140	0.125	40.184	47.462	1.401	40.005	47.180	0.339	0.529	0.536	0.296	70.455	1901	2229
141	0.155	54.248	47.775	1.491	54.017	47.540	0.487	0.444	0.548	0.359	142.723	2557	2246
142	0.171	66.636	47.836	1.630	66.442	47.540	0.402	0.593	0.621	0.350	69.912	3150	2246
143	0.136	113.875	47.719	1.413	113.623	47.540	0.508	0.360	0.532	0.326	20.967	5379	2246
144	0.143	43.373	47.819	1.486	43.180	47.562	0.402	0.508	0.577	0.316	121.422	2041	2247
145	0.138	76.057	47.923	1.456	75.883	47.646	0.339	0.550	0.556	0.316	106.889	3589	2251
146	0.144	48.296	48.237	1.473	48.006	48.070	0.572	0.339	0.564	0.326	9.875	2279	2271
147	0.115	54.560	48.328	1.316	54.377	48.112	0.381	0.444	0.511	0.286	52.085	2578	2273
148	0.158	87.418	48.409	1.528	87.249	48.112	0.339	0.593	0.585	0.344	83.310	4130	2273
149	0.154	93.944	48.875	1.558	93.768	48.578	0.360	0.593	0.599	0.327	100.948	4434	2295
150	0.141	46.795	48.959	1.498	46.630	48.662	0.318	0.593	0.586	0.305	93.153	2209	2299
151	0.152	55.306	49.066	1.521	55.097	48.789	0.402	0.550	0.564	0.343	116.803	2609	2305
152	0.149	96.950	49.052	1.551	96.689	48.874	0.529	0.402	0.522	0.363	7.077	4576	2309
153	0.146	59.267	49.145	1.478	59.034	48.916	0.466	0.466	0.562	0.331	43.165	2803	2311
154	0.157	62.622	49.518	1.551	62.421	49.255	0.402	0.572	0.562	0.356	71.469	2959	2327
155	0.129	92.188	49.689	1.359	91.969	49.488	0.423	0.423	0.478	0.343	135.588	4349	2338
156	0.133	29.358	49.894	1.431	29.125	49.678	0.487	0.402	0.536	0.316	146.448	1382	2347
157	0.157	44.877	50.186	1.558	44.683	49.911	0.381	0.550	0.585	0.341	112.474	2114	2358
158	0.181	67.159	50.357	1.690	66.971	50.038	0.381	0.635	0.634	0.363	89.745	3170	2364
159	0.148	22.103	50.413	1.515	21.886	50.144	0.402	0.529	0.584	0.322	61.514	1047	2369
160	0.160	85.034	50.697	1.618	84.857	50.356	0.360	0.635	0.601	0.340	83.368	4017	2379
161	0.147	45.136	50.778	1.461	44.979	50.504	0.339	0.572	0.549	0.340	90.446	2129	2386
162	0.151	43.620	50.806	1.533	43.413	50.546	0.402	0.550	0.596	0.322	122.958	2054	2388
163	0.147	79.798	50.964	1.503	79.629	50.652	0.339	0.593	0.577	0.325	78.883	3771	2393
164	0.163	102.288	51.180	1.583	102.108	50.885	0.360	0.593	0.609	0.341	100.958	4827	2404
165	0.133	82.008	51.199	1.426	81.852	50.948	0.339	0.529	0.543	0.312	72.712	3875	2407
166	0.141	71.731	51.442	1.438	71.564	51.160	0.318	0.550	0.555	0.324	93.845	3387	2417
167	0.169	69.868	51.488	1.588	69.681	51.181	0.381	0.593	0.611	0.353	107.459	3297	2418
168	0.145	119.842	51.499	1.473	119.634	51.244	0.402	0.508	0.564	0.328	56.221	5665	2421
169	0.152	46.789	51.557	1.528	46.482	51.393	0.593	0.339	0.578	0.334	173.709	2205	2428
170	0.134	63.062	51.652	1.431	62.865	51.393	0.381	0.508	0.529	0.323	59.153	2983	2428
171	0.131	108.434	51.657	1.441	108.162	51.456	0.508	0.381	0.524	0.318	25.817	5125	2431
172	0.156	79.560	52.025	1.533	79.375	51.752	0.381	0.572	0.574	0.346	71.017	3759	2445
173	0.145	86.270	51.946	1.473	86.000	51.752	0.508	0.402	0.565	0.327	148.218	4067	2445
174	0.159	104.837	52.038	1.540	104.669	51.752	0.339	0.593	0.589	0.344	82.691	4952	2445
175	0.147	55.568	52.115	1.503	55.393	51.837	0.360	0.550	0.548	0.343	101.484	2622	2449
176	0.140	62.733	52.137	1.448	62.505	51.901	0.444	0.466	0.518	0.345	48.469	2965	2452
177	0.129	61.903	52.237	1.473	61.722	51.943	0.360	0.550	0.556	0.297	71.145	2925	2454
178	0.125	53.055	52.930	1.441	52.832	52.747	0.487	0.381	0.456	0.348	4.942	2502	2492
179	0.136	83.009	53.069	1.413	82.825	52.811	0.339	0.529	0.522	0.332	96.969	3919	2495
180	0.156	100.161	53.464	1.580	99.907	53.213	0.487	0.508	0.611	0.326	49.319	4735	2514
181	0.138	87.937	53.601	1.498	87.778	53.319	0.339	0.550	0.567	0.309	109.248	4147	2519
182	0.153	64.521	53.643	1.510	64.347	53.361	0.339	0.572	0.573	0.339	90.673	3046	2521
183	0.154	79.040	53.680	1.503	78.867	53.404	0.360	0.572	0.556	0.353	80.737	3733	2523
184	0.143	42.764	53.909	1.496	42.545	53.658	0.423	0.529	0.569	0.320	126.547	2016	2535
185	0.154	58.185	54.006	1.575	57.976	53.763	0.423	0.508	0.557	0.353	55.872	2750	2540
186	0.152	70.139	54.588	1.533	69.935	54.335	0.402	0.550	0.554	0.350	106.282	3308	2567
187	0.163	59.864	54.634	1.593	59.626	54.356	0.444	0.529	0.576	0.359	54.820	2832	2568
188	0.142	88.165	55.051	1.468	88.011	54.779	0.318	0.572	0.565	0.320	83.785	4164	2588
189	0.129	21.108	55.138	1.413	20.955	54.864	0.318	0.550	0.540	0.305	89.010	997	2592
190	0.146	77.007	55.232	1.553	76.856	54.928	0.296	0.614	0.617	0.302	92.420	3635	2595
191	0.137	66.271	55.638	1.426	66.104	55.372	0.339	0.529	0.529	0.329	96.990	3128	2616
192	0.128	75.635	55.823	1.431	75.480	55.541	0.318	0.572	0.540	0.301	92.483	3572	2624
193	0.144	47.023	55.796	1.468	46.757	55.605	0.508	0.381	0.550	0.333	26.047	2223	2627
194	0.150	64.597	55.996	1.503	64.389	55.753	0.444	0.487	0.571	0.334	127.732	3043	2634
195	0.134	72.417	56.080	1.438	72.263	55.795	0.318	0.550	0.551	0.308	95.504	3418	2636
196	0.150	119.547	56.134	1.528	119.338	55.880	0.423	0.508	0.562	0.339	53.544	5655	2640
197	0.147	67.289	56.209	1.491	67.098	55.944	0.381	0.550	0.552	0.340	108.726	3174	2643
198	0.131	76.069	56.259	1.456	75.904	55.986	0.318	0.572	0.551	0.303	87.426	3594	2645
199	0.150	93.825	56.392	1.503	93.599	56.155	0.487	0.444	0.570	0.334	139.568	4423	2653
200	0.136	65.983	56.489	1.436	65.807	56.219	0.360	0.550	0.550	0.314	106.577	3113	2656
201	0.169	81.030	56.858	1.613	80.836	56.557	0.381	0.593	0.627	0.343	69.097	3831	2672
202	0.136	65.055	56.972	1.473	64.876	56.706	0.339	0.572	0.559	0.310	106.918	3071	2679
203	0.157	39.747	56.972	1.533	39.497	56.748	0.508	0.444	0.571	0.351	146.158	1869	2681
204	0.160	20.450	57.550	1.588	20.151	57.340	0.572	0.402	0.622	0.327	27.745	968	2709
205	0.148	52.372	57.737	1.473	52.091	57.552	0.550	0.360	0.556	0.339	17.426	2473	2719
206	0.122	81.424	57.784	1.396	81.238	57.552	0.360	0.466	0.501	0.311	62.349	3849	2719
207	0.150	58.584	57.921	1.563	58.335	57.679	0.508	0.466	0.572	0.334	42.282	2770	2725
208	0.181	105.786	58.092	1.655	105.600	57.785	0.381	0.614	0.621	0.371	75.525	4999	2730
209	0.144	85.025	58.043	1.431	84.794	57.827	0.466	0.423	0.517	0.354	37.627	4018	2732
210	0.139	86.138	58.246	1.478	85.937	57.976	0.402	0.529	0.564	0.315	59.068	4072	2739
211	0.142	115.891	58.577	1.510	115.718	58.293	0.339	0.572	0.582	0.311	73.968	5474	2754
212	0.138	65.008	59.369	1.483	64.791	59.118	0.423	0.508	0.531	0.330	58.630	3074	2793
213	0.140	104.069	59.582	1.413	103.886	59.330	0.381	0.487	0.499	0.358	67.617	4916	2803
214	0.141	116.100	60.106	1.461	115.909	59.838	0.381	0.529	0.555	0.323	65.957	5486	2827
215	0.134	77.637	60.509	1.426	77.470	60.219	0.318	0.550	0.542	0.316	79.461	3669	2845
216	0.141	52.573	60.605	1.443	52.324	60.410	0.487	0.402	0.539	0.334	150.552	2477	2854
217	0.116	50.546	60.632	1.321	50.292	60.431	0.466	0.381	0.477	0.311	34.342	2390	2855
218	0.147	56.372	60.684	1.473	56.092	60.494	0.529	0.381	0.546	0.342	160.990	2661	2858
219	0.151	67.643	61.095	1.521	67.458	60.812	0.381	0.572	0.574	0.336	107.171	3192	2873
220	0.163	78.834	61.163	1.588	78.634	60.875	0.402	0.572	0.624	0.333	64.123	3725	2876
221	0.156	76.972	61.202	1.558	76.772	60.896	0.381	0.572	0.573	0.346	78.103	3636	2877
222	0.142	23.133	61.547	1.491	22.924	61.278	0.402	0.529	0.553	0.326	61.745	1094	2895
223	0.143	64.743	61.542	1.486	64.580	61.278	0.360	0.550	0.563	0.324	72.964	3058	2895
224	0.152	60.447	61.610	1.521	60.198	61.383	0.508	0.444	0.601	0.323	141.919	2847	2900
225	0.153	66.203	61.633	1.526	65.955	61.404	0.508	0.466	0.566	0.345	41.400	3131	2901
226	0.151	67.456	61.787	1.558	67.268	61.468	0.360	0.593	0.606	0.318	70.493	3190	2904
227	0.175	73.275	61.941	1.650	73.088	61.637	0.360	0.614	0.624	0.357	80.929	3464	2912
228	0.134	30.454	61.904	1.406	30.184	61.722	0.508	0.381	0.535	0.320	150.697	1431	2916
229	0.123	65.765	62.065	1.311	65.553	61.870	0.423	0.381	0.412	0.380	19.465	3106	2923
230	0.154	67.167	62.578	1.515	66.992	62.294	0.360	0.572	0.567	0.345	80.173	3174	2943
231	0.174	53.926	62.699	1.610	53.679	62.442	0.508	0.508	0.608	0.365	135.950	2541	2950
232	0.134	74.182	63.152	1.401	73.978	62.928	0.402	0.466	0.517	0.330	56.692	3505	2973
233	0.154	85.293	63.337	1.528	85.069	63.098	0.444	0.487	0.576	0.341	49.484	4030	2981
234	0.130	62.234	63.382	1.366	62.018	63.182	0.423	0.402	0.498	0.332	39.553	2940	2985
235	0.152	64.447	63.443	1.480	64.262	63.182	0.360	0.529	0.544	0.356	87.123	3041	2985
236	0.149	42.728	63.624	1.521	42.524	63.352	0.402	0.550	0.573	0.331	117.543	2011	2993
237	0.143	14.545	63.545	1.486	14.266	63.373	0.550	0.360	0.563	0.324	17.918	686	2994
238	0.145	29.943	63.583	1.498	29.654	63.415	0.572	0.339	0.589	0.313	15.600	1416	2996
239	0.151	61.172	63.898	1.503	60.896	63.712	0.572	0.360	0.569	0.338	10.403	2890	3010
240	0.147	96.810	64.041	1.473	96.541	63.860	0.550	0.360	0.561	0.335	161.673	4566	3017
241	0.160	106.925	64.234	1.545	106.659	64.008	0.529	0.423	0.574	0.354	28.072	5055	3024
242	0.136	80.776	64.419	1.431	80.518	64.220	0.508	0.381	0.546	0.318	29.637	3819	3034
243	0.158	55.990	64.544	1.551	55.690	64.347	0.572	0.402	0.603	0.334	154.111	2638	3040
244	0.147	66.798	64.685	1.505	66.633	64.410	0.339	0.550	0.570	0.328	75.299	3155	3043
245	0.175	26.257	65.008	1.697	26.077	64.706	0.360	0.614	0.619	0.360	87.151	1238	3057
246	0.148	115.832	65.303	1.491	115.655	65.045	0.360	0.550	0.536	0.351	91.587	5468	3073
247	0.138	72.598	65.380	1.473	72.454	65.088	0.318	0.593	0.573	0.307	92.261	3428	3075
248	0.141	91.021	65.364	1.461	90.826	65.109	0.402	0.508	0.558	0.322	118.375	4294	3076
249	0.143	70.665	65.712	1.468	70.400	65.532	0.529	0.360	0.536	0.340	20.294	3336	3096
250	0.142	18.347	65.945	1.515	18.140	65.680	0.423	0.508	0.581	0.310	54.500	873	3103
251	0.137	72.047	66.021	1.486	71.776	65.871	0.550	0.318	0.548	0.318	0.487	3394	3112
252	0.122	31.178	66.115	1.388	30.967	65.913	0.423	0.423	0.499	0.311	41.264	1474	3114
253	0.123	93.419	66.214	1.378	93.282	65.955	0.296	0.529	0.526	0.298	87.912	4411	3116
254	0.086	74.912	66.383	1.112	74.761	66.167	0.296	0.402	0.414	0.263	61.107	3541	3126
255	0.140	69.024	66.533	1.466	68.770	66.294	0.487	0.444	0.550	0.324	42.285	3265	3132
256	0.141	91.440	66.720	1.486	91.228	66.463	0.402	0.508	0.573	0.313	55.587	4323	3140
257	0.164	61.885	66.928	1.563	61.616	66.696	0.529	0.444	0.585	0.357	32.067	2928	3151
258	0.152	38.886	67.810	1.521	38.650	67.585	0.487	0.466	0.586	0.331	45.014	1838	3193
259	0.128	81.708	67.897	1.378	81.449	67.733	0.508	0.318	0.516	0.316	11.851	3858	3200
260	0.135	110.260	68.017	1.443	109.982	67.839	0.550	0.339	0.544	0.317	15.567	5209	3205
261	0.138	57.795	68.136	1.461	57.510	67.966	0.529	0.360	0.535	0.328	162.565	2728	3211
262	0.151	78.654	68.198	1.491	78.380	68.008	0.572	0.360	0.551	0.349	176.044	3713	3213
263	0.154	38.067	68.364	1.521	37.782	68.178	0.572	0.381	0.583	0.337	160.423	1790	3221
264	0.164	95.295	69.196	1.575	95.102	68.898	0.381	0.593	0.587	0.356	71.660	4504	3255
265	0.153	53.735	69.152	1.503	53.467	68.961	0.550	0.381	0.566	0.345	20.334	2538	3258
266	0.163	34.431	69.847	1.640	34.226	69.575	0.423	0.593	0.635	0.327	61.632	1627	3287
267	0.147	41.204	69.934	1.461	40.979	69.702	0.466	0.444	0.559	0.335	138.326	1939	3293
268	0.142	92.753	69.946	1.473	92.520	69.723	0.508	0.402	0.542	0.334	151.825	4377	3294
269	0.118	73.891	70.198	1.366	73.702	69.998	0.402	0.423	0.513	0.294	49.381	3492	3307
270	0.139	65.286	70.253	1.431	65.024	70.062	0.508	0.381	0.523	0.338	25.797	3083	3310
271	0.122	44.153	70.639	1.359	43.942	70.422	0.402	0.444	0.515	0.301	132.089	2079	3327
272	0.149	32.257	70.828	1.510	32.068	70.591	0.402	0.508	0.570	0.333	58.133	1524	3335
273	0.171	88.836	70.951	1.610	88.582	70.676	0.487	0.529	0.599	0.364	53.244	4200	3339
274	0.136	46.388	71.327	1.426	46.186	71.099	0.402	0.466	0.552	0.314	125.941	2182	3359
275	0.135	39.913	71.842	1.406	39.666	71.649	0.508	0.381	0.524	0.329	153.718	1878	3385
276	0.143	62.816	72.043	1.473	62.526	71.861	0.550	0.360	0.555	0.329	169.512	2965	3395
277	0.152	89.275	72.123	1.618	89.048	71.882	0.466	0.508	0.579	0.334	51.060	4220	3396
278	0.145	89.781	72.205	1.486	89.535	72.009	0.508	0.402	0.543	0.340	32.329	4240	3402
279	0.153	35.819	72.245	1.515	35.518	72.072	0.572	0.360	0.568	0.342	8.345	1689	3405
280	0.166	30.000	72.611	1.568	29.782	72.326	0.444	0.550	0.580	0.365	122.918	1411	3417
281	0.143	37.813	72.723	1.443	37.550	72.538	0.529	0.360	0.554	0.330	159.012	1778	3427
282	0.150	33.018	72.965	1.515	32.702	72.792	0.593	0.339	0.588	0.324	13.012	1560	3439
283	0.152	56.433	73.131	1.496	56.219	72.877	0.423	0.529	0.571	0.339	123.947	2659	3443
284	0.148	40.247	73.130	1.443	39.984	72.940	0.529	0.360	0.535	0.352	167.201	1897	3446
285	0.140	54.197	73.692	1.418	53.975	73.470	0.444	0.444	0.526	0.338	135.813	2555	3471
286	0.148	12.312	73.958	1.526	12.044	73.745	0.529	0.423	0.573	0.330	150.828	576	3484
287	0.150	27.091	74.126	1.515	26.818	73.893	0.508	0.423	0.569	0.336	35.253	1283	3491
288	0.162	93.654	74.138	1.568	93.366	73.914	0.550	0.444	0.585	0.353	32.925	4426	3492
289	0.160	100.069	74.151	1.600	99.780	73.978	0.593	0.360	0.587	0.347	170.095	4719	3495
290	0.124	49.292	74.450	1.478	49.128	74.189	0.318	0.529	0.510	0.310	100.096	2328	3505
291	0.150	28.711	74.697	1.533	28.427	74.528	0.593	0.360	0.571	0.335	173.621	1348	3521
292	0.134	98.218	75.301	1.413	98.044	75.057	0.360	0.508	0.513	0.333	108.353	4635	3546
293	0.138	19.471	75.621	1.480	19.325	75.332	0.296	0.593	0.579	0.305	89.470	918	3559
294	0.155	53.578	75.742	1.515	53.319	75.544	0.529	0.402	0.582	0.340	29.139	2532	3569
295	0.137	30.637	76.052	1.448	30.395	75.840	0.508	0.402	0.576	0.302	146.564	1438	3583
296	0.151	49.250	76.179	1.498	48.980	76.010	0.572	0.339	0.563	0.342	0.805	2321	3591
297	0.138	52.659	76.253	1.443	52.388	76.052	0.508	0.381	0.535	0.328	22.236	2495	3593
298	0.141	75.450	76.385	1.443	75.226	76.136	0.423	0.466	0.527	0.340	47.779	3570	3597
299	0.144	63.618	76.517	1.461	63.415	76.264	0.423	0.487	0.537	0.341	126.430	2998	3603
300	0.140	36.492	76.581	1.461	36.216	76.412	0.550	0.339	0.545	0.327	9.390	1724	3610
301	0.129	84.397	76.785	1.401	84.201	76.560	0.402	0.466	0.523	0.314	55.063	3988	3617
302	0.142	77.201	77.173	1.466	76.920	76.983	0.529	0.402	0.545	0.333	156.091	3644	3637
303	0.167	94.517	77.465	1.618	94.319	77.152	0.381	0.614	0.620	0.342	76.146	4466	3645
304	0.138	58.544	77.537	1.401	58.293	77.364	0.508	0.360	0.528	0.333	22.118	2765	3655
305	0.143	29.607	77.977	1.456	29.337	77.809	0.550	0.339	0.550	0.331	0.149	1396	3676
306	0.154	91.893	78.234	1.521	91.630	78.020	0.529	0.423	0.580	0.337	148.213	4333	3686
307	0.159	27.319	78.623	1.553	27.030	78.465	0.593	0.339	0.593	0.342	2.700	1284	3707
308	0.142	58.091	78.904	1.473	57.785	78.740	0.572	0.339	0.552	0.326	170.037	2739	3720
309	0.162	37.579	79.136	1.563	37.359	78.867	0.423	0.550	0.590	0.349	62.582	1776	3726
310	0.161	112.658	79.166	1.563	112.332	78.973	0.614	0.360	0.591	0.347	175.441	5319	3731
311	0.142	89.300	79.483	1.478	89.112	79.206	0.381	0.550	0.568	0.319	112.333	4215	3742
312	0.136	38.892	79.513	1.475	38.735	79.227	0.318	0.550	0.565	0.307	92.421	1834	3743
313	0.134	113.081	79.545	1.371	112.861	79.354	0.444	0.402	0.495	0.346	147.186	5335	3749
314	0.134	33.426	79.664	1.418	33.210	79.438	0.423	0.466	0.533	0.319	130.104	1570	3753
315	0.135	25.706	79.962	1.431	25.464	79.756	0.487	0.402	0.548	0.314	35.173	1216	3768
316	0.158	35.636	80.294	1.665	35.391	79.989	0.423	0.593	0.577	0.349	106.131	1679	3779
317	0.145	34.969	80.766	1.468	34.798	80.497	0.339	0.550	0.561	0.330	100.097	1647	3803
318	0.157	84.284	80.834	1.545	83.968	80.666	0.614	0.339	0.588	0.340	175.343	3976	3811
319	0.147	51.622	80.943	1.478	51.393	80.687	0.444	0.487	0.562	0.332	49.937	2443	3812
320	0.144	43.241	81.341	1.486	43.053	81.047	0.360	0.550	0.555	0.331	70.477	2046	3829
321	0.141	77.843	81.701	1.431	77.618	81.492	0.444	0.444	0.533	0.336	135.349	3669	3850
322	0.135	58.161	81.823	1.406	57.912	81.640	0.508	0.381	0.511	0.336	159.043	2741	3857
323	0.147	37.710	82.325	1.473	37.528	82.063	0.381	0.529	0.559	0.336	62.533	1784	3877
324	0.140	81.643	82.547	1.463	81.492	82.275	0.318	0.550	0.566	0.314	78.030	3856	3887
325	0.137	99.678	83.027	1.473	99.505	82.762	0.360	0.550	0.582	0.299	67.381	4710	3910
326	0.142	68.360	83.070	1.461	68.157	82.804	0.402	0.508	0.557	0.325	120.963	3223	3912
327	0.124	55.041	83.214	1.336	54.800	83.058	0.487	0.318	0.508	0.311	10.878	2599	3924
328	0.153	19.094	83.516	1.503	18.817	83.312	0.508	0.423	0.543	0.359	148.198	898	3936
329	0.145	95.386	84.050	1.456	95.123	83.862	0.529	0.360	0.539	0.342	15.093	4506	3962
330	0.156	96.102	84.397	1.538	95.864	84.159	0.487	0.487	0.582	0.341	46.354	4542	3976
331	0.161	72.434	84.978	1.558	72.157	84.773	0.550	0.402	0.589	0.349	153.188	3414	4005
332	0.156	83.705	85.069	1.551	83.502	84.794	0.423	0.550	0.603	0.329	119.479	3948	4006
333	0.134	74.465	85.294	1.413	74.232	85.111	0.487	0.381	0.534	0.320	27.822	3519	4021
334	0.170	37.554	85.592	1.575	37.338	85.323	0.423	0.550	0.604	0.359	117.980	1767	4031
335	0.143	26.675	85.742	1.533	26.458	85.513	0.444	0.466	0.550	0.332	43.147	1262	4040
336	0.153	87.049	85.878	1.558	86.847	85.598	0.402	0.550	0.612	0.318	119.419	4106	4044
337	0.137	41.428	86.008	1.448	41.254	85.746	0.360	0.550	0.557	0.313	108.286	1952	4051
338	0.177	102.727	86.025	1.593	102.426	85.831	0.593	0.402	0.603	0.375	166.189	4847	4055
339	0.140	36.827	86.466	1.503	36.640	86.191	0.360	0.572	0.583	0.306	106.336	1735	4072
340	0.146	74.854	86.821	1.503	74.676	86.529	0.360	0.572	0.589	0.315	110.224	3532	4088
341	0.163	13.510	87.212	1.665	13.187	87.037	0.635	0.360	0.602	0.345	172.496	633	4112
342	0.157	81.059	87.410	1.528	80.878	87.122	0.360	0.572	0.585	0.342	105.177	3825	4116
343	0.141	52.173	87.984	1.443	51.922	87.799	0.529	0.360	0.549	0.327	160.337	2457	4148
344	0.133	59.669	88.237	1.426	59.415	88.053	0.508	0.360	0.524	0.323	21.258	2821	4160
345	0.147	50.460	88.465	1.461	50.207	88.265	0.508	0.402	0.543	0.344	150.707	2377	4170
346	0.152	26.501	88.561	1.538	26.289	88.286	0.423	0.550	0.588	0.329	54.519	1255	4171
347	0.151	82.938	88.936	1.533	82.762	88.646	0.360	0.593	0.572	0.337	94.587	3917	4188
348	0.148	43.187	88.964	1.498	43.011	88.688	0.339	0.572	0.565	0.333	83.583	2040	4190
349	0.183	78.157	89.108	1.700	77.872	88.858	0.572	0.508	0.664	0.350	40.838	3697	4198
350	0.142	58.082	89.077	1.473	57.806	88.879	0.529	0.381	0.556	0.326	27.312	2746	4199
351	0.129	60.078	89.157	1.359	59.859	88.942	0.423	0.423	0.503	0.328	43.504	2841	4202
352	0.149	25.616	89.646	1.515	25.336	89.450	0.550	0.381	0.579	0.327	22.991	1214	4226
353	0.147	87.299	90.429	1.448	87.058	90.212	0.466	0.444	0.556	0.335	137.902	4116	4262
354	0.166	43.054	90.518	1.618	42.757	90.339	0.635	0.360	0.628	0.336	170.271	2025	4268
355	0.132	27.038	90.778	1.448	26.839	90.530	0.402	0.508	0.571	0.295	55.253	1280	4277
356	0.132	69.669	90.886	1.413	69.427	90.657	0.444	0.423	0.522	0.321	44.023	3293	4283
357	0.113	33.351	90.934	1.316	33.168	90.699	0.339	0.487	0.484	0.297	108.574	1573	4285
358	0.127	73.528	91.224	1.353	73.342	90.974	0.339	0.487	0.480	0.336	87.521	3474	4298
359	0.138	75.592	91.668	1.448	75.396	91.419	0.381	0.508	0.543	0.325	113.931	3565	4319
360	0.048	10.535	91.885	0.920	10.435	91.694	0.190	0.360	0.339	0.180	87.967	498	4332
361	0.128	104.355	92.719	1.359	104.119	92.541	0.466	0.381	0.503	0.323	150.176	4922	4372
362	0.151	52.469	92.919	1.496	52.239	92.668	0.466	0.487	0.574	0.334	134.453	2472	4378
363	0.123	12.122	92.930	1.371	11.853	92.774	0.529	0.318	0.524	0.298	170.094	567	4383
364	0.145	40.865	93.783	1.503	40.598	93.578	0.529	0.402	0.562	0.328	152.116	1920	4421
365	0.139	100.594	94.118	1.436	100.394	93.853	0.381	0.529	0.546	0.324	112.958	4749	4434
366	0.159	44.544	94.525	1.598	44.323	94.255	0.466	0.550	0.577	0.350	125.468	2099	4453
367	0.135	96.974	94.642	1.413	96.795	94.382	0.339	0.529	0.521	0.330	90.523	4580	4459
368	0.138	41.196	94.840	1.486	40.958	94.615	0.487	0.423	0.547	0.321	141.691	1935	4470
369	0.166	123.233	95.021	1.593	122.978	94.784	0.508	0.487	0.606	0.348	138.134	5814	4478
370	0.147	52.857	95.089	1.473	52.578	94.911	0.550	0.360	0.562	0.334	162.774	2490	4484
371	0.152	63.911	96.158	1.515	63.712	95.885	0.381	0.550	0.570	0.339	70.870	3020	4530
372	0.148	62.451	96.221	1.515	62.272	95.927	0.360	0.572	0.564	0.334	78.211	2951	4532
373	0.161	15.159	97.574	1.568	14.965	97.282	0.381	0.572	0.564	0.363	81.550	716	4596
374	0.138	30.086	97.839	1.456	29.908	97.600	0.381	0.508	0.548	0.322	63.101	1422	4611
375	0.145	74.971	97.808	1.461	74.676	97.642	0.572	0.339	0.544	0.339	173.713	3536	4613
376	0.118	55.211	97.827	1.281	54.991	97.663	0.444	0.339	0.467	0.321	16.814	2605	4614
377	0.157	54.652	98.917	1.653	54.420	98.658	0.444	0.508	0.558	0.359	53.032	2588	4661
378	0.127	27.116	98.935	1.329	26.903	98.742	0.444	0.381	0.467	0.347	148.538	1275	4665
379	0.143	60.550	99.091	1.486	60.304	98.891	0.466	0.444	0.554	0.329	138.185	2849	4672
380	0.140	78.408	99.197	1.448	78.147	99.018	0.550	0.360	0.537	0.331	165.784	3696	4678
381	0.149	73.538	99.514	1.498	73.279	99.314	0.508	0.402	0.565	0.335	149.433	3466	4692
382	0.161	53.419	99.676	1.598	53.150	99.462	0.572	0.444	0.606	0.339	34.789	2525	4699
383	0.133	35.963	99.674	1.418	35.708	99.483	0.508	0.381	0.520	0.326	26.790	1701	4700
384	0.139	43.980	99.833	1.443	43.709	99.653	0.508	0.381	0.537	0.331	154.671	2071	4708
385	0.129	58.763	99.989	1.383	58.568	99.758	0.381	0.466	0.522	0.316	120.890	2770	4713
386	0.159	69.990	100.090	1.600	69.808	99.780	0.339	0.614	0.618	0.327	93.944	3304	4714
387	0.147	60.529	100.134	1.563	60.325	99.886	0.487	0.487	0.547	0.341	130.230	2853	4719
388	0.164	39.945	100.917	1.580	39.624	100.732	0.614	0.381	0.598	0.349	161.898	1879	4759
389	0.142	28.715	101.130	1.473	28.533	100.859	0.360	0.550	0.550	0.330	78.829	1358	4765
390	0.147	66.333	101.202	1.498	66.146	100.902	0.339	0.572	0.563	0.332	85.005	3134	4767
391	0.155	30.071	101.312	1.528	29.887	101.007	0.360	0.572	0.559	0.352	92.775	1420	4772
392	0.137	83.750	101.318	1.438	83.545	101.092	0.402	0.466	0.511	0.342	57.091	3956	4776
393	0.133	72.857	101.283	1.431	72.580	101.113	0.529	0.360	0.554	0.305	155.842	3432	4777
394	0.141	36.089	101.330	1.473	35.835	101.134	0.508	0.381	0.536	0.334	153.872	1695	4778
395	0.156	48.381	101.595	1.553	48.218	101.304	0.339	0.593	0.597	0.333	79.797	2286	4786
396	0.152	73.721	101.569	1.508	73.448	101.367	0.550	0.402	0.576	0.336	152.599	3474	4789
397	0.170	34.186	101.740	1.623	33.951	101.473	0.466	0.550	0.616	0.351	122.500	1607	4794
398	0.146	59.628	101.732	1.486	59.351	101.558	0.572	0.339	0.561	0.332	8.174	2815	4798
399	0.138	85.745	102.311	1.456	85.577	102.044	0.339	0.550	0.559	0.315	77.560	4050	4821
400	0.153	60.167	102.667	1.503	59.902	102.468	0.529	0.402	0.566	0.344	26.097	2843	4841
401	0.150	69.697	102.882	1.538	69.448	102.637	0.487	0.487	0.601	0.317	138.371	3285	4849
402	0.142	22.719	103.076	1.503	22.521	102.806	0.402	0.529	0.542	0.332	119.510	1066	4857
403	0.131	31.925	103.029	1.406	31.686	102.828	0.466	0.423	0.494	0.337	34.292	1509	4858
404	0.148	70.641	103.072	1.496	70.400	102.849	0.508	0.444	0.571	0.331	142.488	3329	4859
405	0.125	79.264	103.427	1.364	79.036	103.230	0.466	0.402	0.515	0.310	33.232	3751	4877
406	0.123	67.217	103.593	1.378	67.056	103.357	0.318	0.508	0.512	0.306	78.765	3174	4883
407	0.043	111.097	103.725	0.865	110.913	103.611	0.339	0.212	0.352	0.154	26.342	5250	4895
408	0.157	113.528	104.485	1.563	113.305	104.225	0.466	0.508	0.592	0.338	130.070	5357	4924
409	0.154	12.986	104.889	1.558	12.806	104.606	0.360	0.593	0.578	0.339	97.262	611	4942
410	0.151	59.483	104.954	1.438	59.267	104.733	0.423	0.444	0.474	0.405	127.180	2806	4948
411	0.156	90.816	105.262	1.533	90.614	104.987	0.402	0.550	0.577	0.344	118.427	4286	4960
412	0.128	85.823	105.359	1.408	85.556	105.220	0.529	0.318	0.532	0.305	8.514	4050	4971
413	0.142	85.275	105.603	1.456	85.005	105.431	0.529	0.360	0.531	0.341	20.232	4027	4981
414	0.123	56.838	105.958	1.316	56.621	105.749	0.423	0.402	0.484	0.323	139.535	2680	4996
415	0.161	100.153	105.960	1.545	99.864	105.770	0.550	0.402	0.594	0.345	153.125	4721	4997
416	0.137	44.023	106.137	1.401	43.857	105.876	0.339	0.529	0.522	0.335	75.225	2081	5002
417	0.116	66.128	106.084	1.286	65.934	105.876	0.381	0.423	0.464	0.320	121.425	3117	5002
418	0.124	87.596	106.140	1.329	87.355	105.960	0.487	0.339	0.497	0.318	17.938	4137	5006
419	0.132	103.331	106.465	1.388	103.082	106.278	0.487	0.381	0.511	0.328	151.924	4875	5021
420	0.146	77.540	106.721	1.468	77.364	106.447	0.360	0.529	0.537	0.346	85.563	3661	5029
421	0.095	60.105	106.739	1.196	59.965	106.511	0.296	0.444	0.439	0.277	84.052	2838	5032
422	0.155	15.818	107.175	1.486	15.536	106.998	0.550	0.360	0.549	0.360	7.665	743	5055
423	0.153	48.423	107.236	1.503	48.196	106.998	0.466	0.466	0.571	0.340	134.667	2279	5055
424	0.134	45.957	107.639	1.406	45.784	107.357	0.339	0.550	0.533	0.321	74.569	2173	5072
425	0.135	42.375	107.703	1.426	42.206	107.442	0.339	0.529	0.525	0.328	74.289	2003	5076
426	0.151	78.543	109.003	1.508	78.338	108.754	0.444	0.508	0.568	0.339	53.050	3715	5138
427	0.146	29.011	109.295	1.491	28.766	109.072	0.508	0.423	0.559	0.332	146.478	1364	5153
428	0.142	86.023	109.444	1.461	85.746	109.262	0.529	0.381	0.573	0.315	152.865	4056	5162
429	0.141	39.531	109.768	1.473	39.243	109.580	0.550	0.360	0.547	0.328	21.955	1866	5177
430	0.151	61.725	109.947	1.498	61.553	109.664	0.339	0.572	0.575	0.333	101.508	2911	5181
431	0.154	27.541	110.153	1.533	27.305	109.918	0.487	0.466	0.594	0.329	138.905	1291	5193
432	0.147	39.101	110.196	1.468	38.841	110.003	0.508	0.381	0.542	0.346	23.289	1850	5197
433	0.153	57.762	110.309	1.521	57.552	110.067	0.423	0.529	0.556	0.350	60.467	2730	5200
434	0.180	103.820	111.583	1.665	103.526	111.358	0.550	0.487	0.636	0.361	140.400	4893	5261
435	0.137	24.459	112.696	1.473	24.299	112.395	0.339	0.572	0.541	0.323	94.114	1152	5310
436	0.135	34.921	112.810	1.473	34.734	112.501	0.360	0.550	0.548	0.314	67.328	1654	5315
437	0.151	21.585	113.463	1.575	21.421	113.157	0.339	0.635	0.605	0.318	94.405	1018	5346
438	0.153	77.412	113.638	1.498	77.237	113.348	0.360	0.550	0.567	0.343	104.898	3653	5355
439	0.128	27.301	113.734	1.383	27.051	113.580	0.529	0.318	0.524	0.311	8.361	1286	5366
440	0.138	85.193	114.094	1.466	84.963	113.856	0.466	0.466	0.570	0.308	134.254	4017	5379
441	0.157	36.507	114.837	1.545	36.322	114.554	0.360	0.593	0.592	0.337	100.434	1720	5412
442	0.162	85.146	115.330	1.568	84.878	115.104	0.529	0.466	0.608	0.340	140.705	4012	5438
443	0.158	27.008	115.775	1.533	26.797	115.506	0.423	0.529	0.573	0.352	123.875	1271	5457
444	0.142	31.738	115.728	1.491	31.496	115.506	0.487	0.444	0.577	0.312	36.379	1507	5457
445	0.154	72.644	115.881	1.521	72.390	115.655	0.487	0.466	0.585	0.335	136.202	3422	5464
446	0.161	55.885	116.086	1.533	55.626	115.888	0.550	0.402	0.579	0.355	22.916	2639	5475
447	0.160	12.365	116.777	1.521	12.107	116.544	0.508	0.444	0.566	0.360	39.220	585	5506
448	0.144	84.493	116.900	1.515	84.307	116.628	0.339	0.593	0.565	0.324	95.653	3990	5510
449	0.148	92.394	116.890	1.486	92.139	116.692	0.529	0.381	0.564	0.334	156.562	4357	5513
450	0.146	63.790	117.168	1.478	63.521	116.967	0.508	0.423	0.551	0.338	142.289	3006	5526
451	0.047	96.938	117.238	0.788	96.838	117.094	0.212	0.275	0.270	0.222	101.759	4577	5532
452	0.139	90.341	117.534	1.448	90.085	117.327	0.487	0.423	0.553	0.321	143.239	4258	5543
453	0.143	15.216	118.015	1.448	14.986	117.792	0.487	0.423	0.541	0.338	146.265	712	5565
454	0.045	133.300	118.043	0.895	133.181	117.877	0.233	0.318	0.264	0.218	88.950	6296	5569
455	0.154	66.565	118.519	1.515	66.379	118.237	0.360	0.572	0.562	0.348	95.036	3142	5586
456	0.129	114.226	118.707	1.431	113.982	118.491	0.466	0.423	0.539	0.306	46.860	5397	5598
457	0.142	43.323	119.582	1.456	43.032	119.422	0.550	0.339	0.536	0.336	2.581	2043	5642
458	0.151	40.244	119.727	1.545	40.068	119.444	0.360	0.593	0.585	0.329	107.355	1898	5643
459	0.168	35.504	120.077	1.618	35.179	119.888	0.614	0.381	0.621	0.344	19.327	1676	5664
460	0.139	78.790	120.485	1.450	78.634	120.227	0.318	0.550	0.550	0.323	95.004	3718	5680
461	0.159	51.341	121.252	1.563	51.118	120.989	0.444	0.529	0.603	0.335	53.593	2427	5716
462	0.139	55.890	121.747	1.443	55.626	121.560	0.529	0.360	0.541	0.327	22.441	2639	5743
463	0.157	95.143	122.511	1.545	94.848	122.322	0.572	0.381	0.590	0.340	158.746	4488	5779
464	0.138	69.203	123.736	1.413	69.046	123.465	0.318	0.550	0.541	0.324	96.000	3266	5833
465	0.149	38.015	124.384	1.503	37.740	124.206	0.572	0.360	0.570	0.333	169.531	1790	5868
466	0.128	72.843	124.687	1.396	72.686	124.418	0.318	0.529	0.519	0.313	91.521	3439	5878
467	0.148	101.664	125.407	1.478	101.452	125.158	0.423	0.487	0.551	0.342	125.919	4796	5913
468	0.160	29.697	126.328	1.540	29.506	126.048	0.360	0.572	0.572	0.356	80.660	1405	5955
469	0.112	62.945	126.205	1.346	62.696	126.048	0.487	0.318	0.471	0.302	18.494	2972	5955
470	0.142	65.042	127.170	1.443	64.876	126.894	0.339	0.550	0.548	0.331	101.170	3068	5995
471	0.153	28.433	127.109	1.503	28.173	126.915	0.529	0.402	0.552	0.352	27.584	1341	5996
472	0.151	118.743	127.559	1.545	118.554	127.254	0.360	0.572	0.568	0.340	79.876	5610	6012
473	0.164	67.868	128.215	1.558	67.691	127.910	0.360	0.593	0.588	0.354	91.750	3204	6043
