 	Area	X	Y	Perim.	BX	BY	Width	Height	Major	Minor	Angle	XStart	YStart
1	0.041	128.178	13.848	0.780	128.058	13.716	0.233	0.275	0.268	0.196	113.294	6054	648
2	0.118	65.515	15.528	1.318	65.363	15.304	0.339	0.444	0.463	0.325	87.488	3092	723
3	0.102	59.494	16.869	1.209	59.351	16.658	0.296	0.444	0.444	0.293	85.608	2808	787
4	0.126	56.483	16.960	1.329	56.303	16.722	0.339	0.487	0.468	0.342	89.015	2669	790
5	0.136	99.945	18.194	1.371	99.716	17.992	0.423	0.423	0.493	0.351	135.242	4715	850
6	0.123	78.093	18.713	1.306	77.936	18.478	0.318	0.466	0.484	0.324	80.452	3687	873
7	0.136	60.590	19.040	1.431	60.410	18.775	0.381	0.508	0.518	0.335	114.004	2858	887
8	0.100	88.961	20.742	1.167	88.794	20.553	0.339	0.381	0.395	0.324	68.234	4201	971
9	0.127	73.453	21.248	1.359	73.194	21.082	0.487	0.360	0.499	0.324	160.812	3464	996
10	0.132	82.802	21.382	1.353	82.614	21.167	0.381	0.444	0.483	0.347	58.191	3912	1000
11	0.150	54.920	21.687	1.461	54.652	21.505	0.529	0.381	0.535	0.357	160.403	2587	1016
12	0.131	95.569	21.722	1.364	95.377	21.505	0.423	0.444	0.468	0.356	51.722	4517	1016
13	0.131	96.899	21.901	1.406	96.710	21.675	0.402	0.487	0.490	0.340	58.345	4578	1024
14	0.126	72.381	22.561	1.329	72.157	22.373	0.444	0.381	0.475	0.339	145.058	3414	1057
15	0.142	80.437	22.992	1.418	80.200	22.796	0.508	0.381	0.525	0.345	154.925	3792	1077
16	0.150	51.123	23.833	1.463	50.864	23.664	0.508	0.360	0.530	0.359	9.398	2411	1118
17	0.117	100.713	23.903	1.274	100.520	23.686	0.381	0.423	0.450	0.331	51.409	4760	1119
18	0.125	41.106	24.714	1.353	40.915	24.490	0.381	0.444	0.499	0.320	53.383	1947	1157
19	0.133	71.980	24.875	1.401	71.776	24.638	0.402	0.466	0.497	0.341	120.623	3396	1164
20	0.132	71.069	25.066	1.376	70.845	24.850	0.444	0.423	0.517	0.325	138.796	3350	1174
21	0.128	119.590	26.577	1.359	119.422	26.331	0.339	0.487	0.495	0.329	80.117	5648	1244
22	0.143	94.703	26.607	1.431	94.446	26.416	0.508	0.381	0.524	0.348	25.080	4474	1248
23	0.134	41.852	27.002	1.388	41.635	26.797	0.466	0.402	0.506	0.337	142.223	1970	1266
24	0.117	75.341	27.123	1.286	75.142	26.924	0.402	0.402	0.465	0.321	134.588	3553	1272
25	0.144	123.816	27.437	1.461	123.613	27.178	0.423	0.487	0.518	0.355	122.663	5843	1284
26	0.126	78.856	27.900	1.346	78.676	27.665	0.360	0.487	0.491	0.327	114.033	3721	1307
27	0.129	61.072	28.160	1.346	60.854	27.961	0.444	0.402	0.495	0.331	141.477	2878	1321
28	0.135	75.354	28.441	1.364	75.142	28.215	0.444	0.423	0.489	0.351	139.714	3556	1333
29	0.125	108.668	28.980	1.346	108.458	28.744	0.402	0.444	0.480	0.330	54.140	5136	1358
30	0.140	84.489	30.251	1.443	84.307	29.972	0.360	0.529	0.516	0.345	76.831	3992	1416
31	0.134	18.571	30.725	1.366	18.415	30.480	0.339	0.487	0.492	0.347	92.785	873	1440
32	0.119	60.287	31.522	1.304	60.029	31.348	0.487	0.339	0.475	0.320	168.603	2847	1481
33	0.132	91.849	32.050	1.371	91.673	31.792	0.360	0.487	0.489	0.343	76.611	4338	1502
34	0.120	95.510	32.553	1.276	95.292	32.385	0.423	0.339	0.451	0.337	18.828	4510	1530
35	0.125	79.844	32.839	1.329	79.650	32.618	0.381	0.444	0.457	0.348	67.852	3774	1541
36	0.127	58.468	32.909	1.399	58.272	32.660	0.402	0.487	0.509	0.318	120.834	2757	1543
37	0.126	118.570	33.022	1.366	118.343	32.851	0.466	0.360	0.507	0.316	28.821	5601	1552
38	0.122	44.393	34.127	1.299	44.154	33.951	0.466	0.339	0.473	0.329	167.663	2093	1604
39	0.113	47.139	34.657	1.274	46.926	34.438	0.402	0.402	0.446	0.324	43.787	2231	1627
40	0.137	79.735	35.042	1.401	79.502	34.862	0.487	0.381	0.501	0.347	22.703	3767	1647
41	0.136	65.706	35.283	1.378	65.468	35.116	0.487	0.339	0.509	0.340	164.622	3096	1659
42	0.122	44.020	35.474	1.311	43.794	35.306	0.466	0.339	0.475	0.328	164.240	2072	1668
43	0.131	58.140	35.689	1.364	57.933	35.454	0.402	0.466	0.506	0.331	123.535	2741	1675
44	0.119	77.334	36.761	1.311	77.152	36.534	0.360	0.444	0.477	0.317	119.650	3650	1726
45	0.118	75.667	36.875	1.323	75.417	36.724	0.487	0.318	0.488	0.309	175.809	3570	1735
46	0.134	95.643	36.908	1.383	95.377	36.745	0.508	0.339	0.504	0.339	3.970	4518	1736
47	0.132	93.137	38.114	1.388	92.901	37.931	0.487	0.381	0.519	0.324	23.452	4400	1792
48	0.125	109.891	38.401	1.341	109.643	38.227	0.487	0.339	0.500	0.320	161.310	5187	1806
49	0.114	50.786	38.458	1.269	50.610	38.248	0.360	0.423	0.457	0.317	66.737	2398	1807
50	0.123	102.023	38.877	1.323	101.812	38.672	0.423	0.381	0.449	0.348	138.494	4815	1827
51	0.119	119.144	39.031	1.329	118.936	38.841	0.423	0.381	0.465	0.326	141.693	5621	1835
52	0.133	31.100	39.570	1.396	30.925	39.306	0.339	0.508	0.530	0.320	73.382	1469	1857
53	0.128	97.692	39.546	1.341	97.515	39.306	0.360	0.466	0.487	0.335	68.200	4615	1857
54	0.126	49.623	39.847	1.396	49.466	39.560	0.318	0.529	0.518	0.311	81.400	2343	1869
55	0.120	41.578	40.240	1.299	41.360	40.047	0.423	0.381	0.478	0.320	36.014	1967	1892
56	0.134	81.458	40.707	1.401	81.216	40.471	0.444	0.423	0.512	0.334	38.468	3853	1912
57	0.125	60.481	40.716	1.311	60.262	40.534	0.444	0.360	0.459	0.346	165.380	2854	1915
58	0.092	122.437	41.977	1.154	122.238	41.804	0.381	0.339	0.408	0.287	32.077	5787	1975
59	0.128	38.374	42.267	1.388	38.142	42.058	0.444	0.423	0.511	0.319	40.535	1815	1987
60	0.128	32.644	42.411	1.341	32.427	42.228	0.444	0.381	0.484	0.336	27.412	1541	1995
61	0.132	34.674	42.682	1.371	34.459	42.460	0.423	0.423	0.523	0.321	44.378	1640	2006
62	0.121	53.242	42.757	1.329	53.022	42.566	0.444	0.381	0.467	0.330	29.376	2516	2011
63	0.112	107.706	42.849	1.239	107.506	42.693	0.444	0.318	0.438	0.324	1.512	5083	2017
64	0.137	123.918	43.055	1.388	123.677	42.862	0.466	0.402	0.501	0.348	146.800	5848	2025
65	0.133	83.053	43.554	1.388	82.804	43.370	0.508	0.360	0.515	0.329	20.783	3923	2049
66	0.123	93.130	43.704	1.311	92.901	43.540	0.466	0.339	0.477	0.328	170.236	4394	2057
67	0.143	72.135	44.346	1.426	71.903	44.154	0.487	0.381	0.517	0.352	156.108	3400	2086
68	0.125	122.088	44.507	1.359	121.899	44.281	0.381	0.466	0.494	0.322	64.794	5767	2092
69	0.134	48.399	44.967	1.473	48.239	44.662	0.339	0.572	0.552	0.308	75.936	2287	2110
70	0.119	89.363	44.983	1.311	89.154	44.789	0.423	0.381	0.477	0.317	144.982	4217	2116
71	0.135	90.214	45.056	1.418	90.043	44.810	0.360	0.529	0.519	0.331	78.744	4262	2117
72	0.136	111.216	45.347	1.401	110.977	45.148	0.466	0.402	0.503	0.344	147.602	5249	2133
73	0.126	60.203	45.443	1.353	59.944	45.276	0.508	0.318	0.514	0.313	0.269	2843	2139
74	0.123	73.733	45.678	1.294	73.512	45.508	0.444	0.339	0.469	0.333	17.953	3483	2150
75	0.151	75.935	46.041	1.478	75.756	45.762	0.381	0.550	0.539	0.357	103.445	3585	2162
76	0.104	56.743	46.100	1.209	56.536	45.932	0.402	0.339	0.416	0.318	152.340	2677	2170
77	0.132	48.765	46.519	1.413	48.599	46.228	0.339	0.529	0.511	0.328	86.797	2302	2184
78	0.138	108.677	46.570	1.426	108.416	46.376	0.508	0.360	0.503	0.350	167.019	5132	2191
79	0.125	93.638	46.876	1.316	93.408	46.694	0.444	0.381	0.484	0.330	145.366	4417	2206
80	0.145	67.330	47.858	1.461	67.077	47.667	0.508	0.402	0.532	0.346	26.838	3180	2252
81	0.123	79.334	48.093	1.346	79.142	47.858	0.381	0.466	0.514	0.305	121.251	3742	2261
82	0.124	99.761	48.285	1.341	99.589	48.027	0.339	0.487	0.486	0.325	92.354	4712	2269
83	0.112	118.749	48.227	1.234	118.554	48.048	0.381	0.360	0.418	0.343	35.302	5609	2270
84	0.140	60.281	48.417	1.443	60.008	48.218	0.508	0.381	0.536	0.333	27.638	2849	2278
85	0.135	72.231	48.823	1.383	71.988	48.641	0.487	0.360	0.525	0.327	23.446	3412	2298
86	0.127	27.759	48.952	1.353	27.538	48.768	0.444	0.381	0.487	0.331	36.396	1309	2304
87	0.144	104.795	49.611	1.431	104.542	49.424	0.508	0.381	0.513	0.358	159.626	4943	2335
88	0.126	20.346	49.831	1.346	20.108	49.636	0.466	0.381	0.475	0.338	29.222	962	2345
89	0.118	75.861	50.091	1.286	75.692	49.848	0.339	0.466	0.455	0.330	77.656	3582	2355
90	0.123	33.163	50.362	1.311	32.935	50.186	0.444	0.360	0.470	0.332	152.557	1561	2371
91	0.116	107.737	50.482	1.336	107.506	50.313	0.466	0.339	0.487	0.303	155.523	5079	2377
92	0.118	123.773	51.098	1.311	123.571	50.885	0.381	0.423	0.493	0.305	122.774	5841	2404
93	0.125	101.703	51.447	1.323	101.473	51.287	0.466	0.339	0.468	0.341	162.776	4797	2423
94	0.132	69.551	51.942	1.394	69.300	51.710	0.466	0.423	0.502	0.335	40.479	3289	2443
95	0.138	107.824	52.004	1.401	107.569	51.816	0.487	0.381	0.507	0.347	154.193	5088	2448
96	0.109	59.851	52.087	1.239	59.626	51.922	0.444	0.318	0.456	0.305	6.732	2829	2453
97	0.138	75.474	52.561	1.413	75.248	52.324	0.423	0.444	0.516	0.339	50.059	3567	2472
98	0.133	83.392	52.576	1.406	83.122	52.388	0.508	0.381	0.497	0.341	161.388	3937	2475
99	0.140	123.946	52.758	1.443	123.740	52.514	0.444	0.444	0.522	0.342	138.844	5848	2481
100	0.127	37.609	52.756	1.366	37.423	52.536	0.360	0.466	0.496	0.326	67.833	1776	2482
101	0.129	59.314	52.743	1.359	59.076	52.557	0.487	0.360	0.494	0.331	18.569	2807	2483
102	0.113	70.127	53.125	1.299	69.935	52.896	0.360	0.444	0.461	0.312	65.941	3314	2499
103	0.125	65.722	53.514	1.359	65.511	53.319	0.444	0.402	0.486	0.326	38.812	3106	2519
104	0.139	36.175	54.048	1.418	35.983	53.806	0.402	0.487	0.518	0.341	118.242	1703	2542
105	0.131	78.091	54.212	1.401	77.851	54.017	0.466	0.402	0.516	0.323	140.196	3684	2552
106	0.124	12.989	54.212	1.371	12.721	54.038	0.529	0.318	0.525	0.301	8.006	614	2553
107	0.128	88.888	54.414	1.376	88.667	54.208	0.466	0.402	0.493	0.331	146.299	4194	2561
108	0.148	69.007	54.526	1.461	68.770	54.314	0.487	0.423	0.542	0.347	35.497	3262	2566
109	0.134	100.047	54.557	1.371	99.801	54.377	0.487	0.360	0.510	0.334	159.522	4720	2569
110	0.086	125.658	54.526	1.077	125.476	54.377	0.360	0.296	0.370	0.296	21.179	5934	2569
111	0.128	64.875	54.721	1.353	64.685	54.483	0.360	0.466	0.496	0.329	61.882	3066	2574
112	0.155	104.669	54.754	1.468	104.394	54.568	0.529	0.360	0.540	0.365	171.125	4939	2578
113	0.129	60.434	54.898	1.353	60.198	54.716	0.466	0.360	0.491	0.333	24.232	2854	2585
114	0.125	86.668	55.107	1.334	86.466	54.885	0.402	0.444	0.497	0.321	130.986	4088	2593
115	0.122	52.625	56.581	1.304	52.409	56.367	0.423	0.402	0.468	0.333	139.097	2482	2663
116	0.121	118.441	56.691	1.341	118.258	56.473	0.381	0.444	0.505	0.304	51.683	5597	2668
117	0.142	87.041	57.307	1.443	86.826	57.086	0.423	0.466	0.519	0.350	123.043	4105	2697
118	0.121	92.162	57.636	1.311	91.990	57.404	0.339	0.466	0.496	0.311	111.506	4349	2712
119	0.116	64.306	57.913	1.294	64.135	57.722	0.360	0.402	0.442	0.334	58.866	3034	2727
120	0.125	95.260	58.125	1.341	95.017	57.954	0.466	0.360	0.478	0.332	150.166	4492	2738
121	0.121	83.851	58.509	1.299	83.630	58.335	0.444	0.360	0.479	0.322	152.515	3954	2756
122	0.128	65.490	58.590	1.341	65.299	58.357	0.381	0.444	0.488	0.333	55.116	3095	2757
123	0.124	81.387	58.913	1.329	81.216	58.653	0.339	0.487	0.484	0.327	103.215	3844	2771
124	0.122	125.811	59.323	1.321	125.603	59.140	0.444	0.381	0.434	0.359	166.865	5939	2794
125	0.130	56.830	59.418	1.401	56.621	59.182	0.402	0.466	0.517	0.320	54.191	2687	2796
126	0.121	94.455	59.484	1.364	94.276	59.224	0.339	0.529	0.531	0.289	110.812	4459	2798
127	0.109	40.798	59.520	1.226	40.598	59.351	0.423	0.339	0.413	0.337	165.670	1922	2804
128	0.114	92.208	60.054	1.288	92.054	59.817	0.296	0.466	0.480	0.302	87.865	4355	2826
129	0.108	62.921	60.137	1.239	62.738	59.923	0.360	0.402	0.426	0.324	51.965	2974	2831
130	0.131	119.638	60.370	1.388	119.444	60.134	0.381	0.487	0.492	0.338	63.551	5655	2841
131	0.127	17.950	60.520	1.346	17.716	60.325	0.444	0.402	0.487	0.333	139.126	843	2850
132	0.130	89.569	60.889	1.364	89.387	60.642	0.360	0.508	0.488	0.339	106.734	4230	2865
133	0.130	49.230	61.107	1.383	48.980	60.939	0.508	0.339	0.511	0.323	171.918	2321	2879
134	0.132	119.268	62.012	1.396	118.999	61.849	0.508	0.339	0.521	0.323	162.531	5628	2922
135	0.130	84.996	62.248	1.378	84.836	61.997	0.318	0.508	0.524	0.316	102.348	4012	2929
136	0.118	42.833	62.402	1.341	42.672	62.166	0.339	0.466	0.478	0.315	69.044	2024	2937
137	0.132	97.236	62.491	1.364	97.028	62.272	0.423	0.444	0.502	0.334	131.552	4588	2942
138	0.171	22.175	62.543	1.618	21.908	62.294	0.508	0.487	0.604	0.360	44.521	1050	2943
139	0.138	96.830	62.604	1.436	96.605	62.378	0.466	0.444	0.545	0.322	140.924	4567	2947
140	0.129	43.998	62.765	1.388	43.815	62.505	0.360	0.508	0.507	0.325	80.140	2077	2953
141	0.121	84.010	63.124	1.311	83.841	62.886	0.339	0.466	0.485	0.317	109.893	3965	2971
142	0.129	93.478	63.141	1.371	93.260	62.950	0.444	0.381	0.497	0.329	146.471	4407	2974
143	0.133	42.008	63.843	1.401	41.804	63.585	0.381	0.487	0.496	0.340	68.323	1985	3004
144	0.115	88.487	63.889	1.311	88.328	63.648	0.339	0.466	0.464	0.316	97.269	4180	3007
145	0.120	59.889	64.192	1.341	59.669	63.966	0.402	0.423	0.496	0.307	44.147	2833	3022
146	0.131	115.350	64.236	1.383	115.104	64.072	0.508	0.339	0.521	0.320	161.143	5440	3027
147	0.124	122.700	64.283	1.371	122.449	64.135	0.508	0.318	0.505	0.312	173.367	5790	3030
148	0.140	93.414	65.283	1.431	93.239	65.024	0.360	0.529	0.527	0.338	85.284	4411	3072
149	0.128	44.146	65.383	1.401	43.984	65.109	0.339	0.529	0.509	0.319	94.756	2084	3076
150	0.142	87.431	65.393	1.431	87.249	65.130	0.381	0.508	0.535	0.337	116.690	4125	3077
151	0.120	117.957	65.714	1.299	117.708	65.532	0.466	0.339	0.459	0.333	0.326	5571	3096
152	0.143	41.557	66.384	1.438	41.381	66.125	0.360	0.508	0.521	0.350	75.484	1963	3124
153	0.113	97.871	66.882	1.274	97.684	66.675	0.360	0.444	0.449	0.322	115.443	4619	3150
154	0.129	74.584	67.447	1.383	74.422	67.183	0.339	0.508	0.503	0.328	82.290	3524	3174
155	0.128	89.660	67.557	1.346	89.450	67.331	0.402	0.444	0.488	0.333	126.019	4232	3181
156	0.109	14.328	67.661	1.232	14.097	67.500	0.444	0.339	0.435	0.320	10.147	675	3189
157	0.118	42.553	67.913	1.341	42.397	67.649	0.318	0.508	0.507	0.297	94.877	2008	3196
158	0.121	82.401	68.142	1.323	82.232	67.903	0.318	0.487	0.494	0.313	95.013	3890	3208
159	0.121	120.543	68.237	1.294	120.311	68.072	0.466	0.318	0.472	0.325	175.731	5690	3216
160	0.112	67.830	68.739	1.264	67.670	68.517	0.318	0.444	0.454	0.315	87.044	3203	3237
161	0.103	90.066	68.973	1.232	89.916	68.749	0.318	0.466	0.459	0.287	105.703	4251	3248
162	0.132	64.539	69.101	1.394	64.283	68.876	0.466	0.423	0.473	0.356	45.080	3050	3254
163	0.126	87.391	69.137	1.366	87.207	68.898	0.360	0.466	0.482	0.334	65.526	4132	3255
164	0.138	23.557	69.238	1.418	23.326	69.046	0.487	0.402	0.512	0.342	32.381	1113	3262
165	0.145	65.230	69.479	1.526	65.024	69.236	0.466	0.487	0.547	0.337	51.990	3084	3271
166	0.121	68.858	69.794	1.366	68.686	69.554	0.339	0.466	0.471	0.327	78.810	3253	3286
167	0.120	119.538	70.000	1.353	119.295	69.850	0.487	0.318	0.500	0.304	169.328	5640	3300
168	0.119	118.366	70.182	1.291	118.174	69.956	0.381	0.444	0.480	0.316	54.720	5595	3305
169	0.110	87.212	70.276	1.221	87.058	70.062	0.318	0.423	0.437	0.320	99.369	4117	3310
170	0.112	32.970	70.468	1.256	32.787	70.252	0.360	0.423	0.428	0.332	110.038	1556	3319
171	0.124	75.553	70.774	1.323	75.374	70.548	0.360	0.444	0.485	0.325	59.815	3570	3333
172	0.136	89.341	71.305	1.388	89.154	71.056	0.381	0.487	0.529	0.327	119.109	4215	3357
173	0.124	25.453	71.502	1.359	25.231	71.310	0.444	0.402	0.500	0.316	42.004	1202	3369
174	0.122	96.288	71.733	1.311	96.097	71.522	0.360	0.444	0.477	0.326	115.374	4543	3379
175	0.126	40.025	72.285	1.316	39.814	72.072	0.423	0.402	0.476	0.337	138.003	1885	3405
176	0.142	31.266	72.529	1.418	31.052	72.305	0.423	0.466	0.501	0.361	124.258	1471	3416
177	0.129	37.078	72.851	1.359	36.872	72.644	0.444	0.402	0.502	0.329	142.539	1744	3432
178	0.139	42.110	73.398	1.443	41.868	73.216	0.508	0.360	0.524	0.338	162.822	1982	3459
179	0.114	103.907	73.530	1.329	103.717	73.279	0.360	0.466	0.463	0.313	68.237	4910	3462
180	0.143	82.865	73.897	1.413	82.698	73.639	0.360	0.508	0.510	0.357	83.011	3912	3479
181	0.142	113.962	73.964	1.401	113.707	73.787	0.508	0.360	0.504	0.358	5.548	5381	3486
182	0.152	65.827	74.152	1.486	65.638	73.893	0.381	0.529	0.545	0.356	108.219	3105	3491
183	0.128	81.312	74.243	1.396	81.153	73.956	0.318	0.529	0.517	0.315	85.655	3841	3494
184	0.119	116.593	74.485	1.304	116.396	74.253	0.381	0.444	0.442	0.343	114.315	5506	3508
185	0.142	26.671	74.532	1.473	26.416	74.316	0.508	0.402	0.496	0.365	18.702	1255	3511
186	0.130	98.644	75.021	1.376	98.446	74.761	0.381	0.487	0.505	0.327	61.288	4663	3532
187	0.119	93.481	75.304	1.316	93.303	75.057	0.360	0.466	0.488	0.311	117.773	4411	3546
188	0.121	22.117	75.361	1.341	21.929	75.120	0.339	0.487	0.485	0.319	102.000	1043	3549
189	0.132	97.114	75.413	1.388	96.922	75.184	0.402	0.466	0.490	0.343	55.016	4589	3552
190	0.103	111.646	75.714	1.256	111.464	75.544	0.381	0.402	0.395	0.330	34.407	5273	3569
191	0.126	84.852	75.872	1.366	84.688	75.628	0.318	0.487	0.502	0.320	93.296	4006	3573
192	0.108	115.503	76.087	1.234	115.274	75.925	0.444	0.296	0.450	0.305	2.031	5454	3587
193	0.129	85.654	76.684	1.353	85.492	76.433	0.339	0.487	0.493	0.335	82.734	4044	3611
194	0.121	81.352	76.705	1.323	81.174	76.454	0.339	0.466	0.478	0.324	74.684	3843	3612
195	0.121	49.359	76.832	1.336	49.128	76.666	0.466	0.339	0.502	0.306	22.174	2333	3622
196	0.134	85.013	77.177	1.371	84.836	76.941	0.360	0.487	0.493	0.347	75.724	4016	3635
197	0.126	18.427	77.321	1.329	18.224	77.110	0.402	0.423	0.492	0.326	48.418	871	3643
198	0.136	69.878	77.401	1.388	69.638	77.216	0.508	0.360	0.493	0.350	4.214	3298	3648
199	0.134	66.045	77.695	1.486	65.850	77.406	0.381	0.508	0.510	0.335	65.405	3119	3657
200	0.118	49.031	77.820	1.418	48.747	77.660	0.529	0.339	0.482	0.311	19.533	2315	3669
201	0.102	124.420	78.162	1.256	124.248	77.914	0.339	0.444	0.463	0.280	117.901	5874	3681
202	0.141	17.703	78.547	1.413	17.526	78.296	0.360	0.508	0.508	0.354	97.571	835	3699
203	0.106	51.237	78.980	1.209	51.054	78.804	0.360	0.381	0.423	0.319	45.566	2419	3723
204	0.124	85.204	79.219	1.316	85.026	78.994	0.360	0.466	0.477	0.330	63.940	4027	3732
205	0.159	106.240	79.730	1.533	105.982	79.523	0.508	0.423	0.541	0.374	28.129	5019	3757
206	0.124	91.622	79.778	1.334	91.419	79.566	0.402	0.423	0.481	0.329	47.563	4329	3759
207	0.128	104.672	80.048	1.329	104.479	79.820	0.381	0.444	0.479	0.339	61.195	4944	3771
208	0.124	44.040	80.065	1.329	43.773	79.904	0.508	0.318	0.491	0.320	0.886	2076	3775
209	0.120	109.653	80.415	1.281	109.410	80.264	0.466	0.318	0.462	0.331	179.690	5174	3792
210	0.122	112.786	80.684	1.334	112.586	80.454	0.423	0.423	0.479	0.325	131.203	5326	3801
211	0.130	98.583	80.852	1.371	98.383	80.645	0.402	0.444	0.492	0.336	55.565	4656	3810
212	0.143	25.057	81.191	1.468	24.892	80.920	0.339	0.550	0.571	0.319	103.060	1179	3823
213	0.116	115.303	81.238	1.274	115.083	81.047	0.423	0.381	0.459	0.323	141.665	5442	3829
214	0.142	36.946	81.346	1.448	36.745	81.068	0.402	0.508	0.518	0.349	64.856	1747	3830
215	0.130	105.252	81.275	1.366	105.008	81.111	0.487	0.339	0.497	0.334	169.377	4966	3832
216	0.132	48.071	81.392	1.371	47.837	81.195	0.466	0.381	0.503	0.333	29.761	2272	3836
217	0.128	43.685	81.546	1.401	43.498	81.280	0.381	0.487	0.488	0.334	73.846	2064	3840
218	0.132	54.183	81.573	1.418	53.975	81.344	0.423	0.466	0.547	0.307	49.644	2562	3843
219	0.119	79.809	81.853	1.294	79.629	81.661	0.381	0.402	0.480	0.316	49.074	3769	3858
220	0.128	76.000	81.938	1.381	75.777	81.724	0.444	0.423	0.499	0.327	38.283	3594	3861
221	0.108	117.314	81.923	1.239	117.115	81.746	0.402	0.360	0.439	0.313	35.353	5541	3862
222	0.115	60.167	82.065	1.306	60.008	81.852	0.339	0.444	0.462	0.317	109.837	2835	3867
223	0.136	92.984	82.262	1.401	92.710	82.084	0.508	0.360	0.502	0.344	7.007	4394	3878
224	0.086	126.201	82.279	1.064	126.026	82.127	0.360	0.296	0.369	0.298	2.556	5959	3880
225	0.145	84.528	83.011	1.448	84.286	82.804	0.487	0.423	0.536	0.345	36.202	3994	3912
226	0.131	14.993	83.238	1.396	14.817	82.994	0.360	0.487	0.523	0.319	109.857	702	3921
227	0.132	16.468	83.277	1.394	16.277	83.016	0.381	0.508	0.515	0.327	66.483	780	3922
228	0.115	19.727	83.816	1.299	19.473	83.651	0.487	0.318	0.500	0.292	16.087	934	3952
229	0.132	118.700	83.895	1.396	118.449	83.714	0.508	0.339	0.507	0.331	5.744	5608	3955
230	0.127	106.263	84.037	1.371	106.024	83.862	0.487	0.360	0.489	0.330	13.839	5021	3962
231	0.137	46.811	84.146	1.426	46.567	83.947	0.466	0.402	0.509	0.343	30.073	2213	3966
232	0.108	82.753	84.223	1.239	82.529	84.053	0.423	0.339	0.428	0.321	14.877	3911	3971
233	0.137	33.071	84.684	1.401	32.830	84.497	0.487	0.381	0.501	0.348	155.108	1557	3992
234	0.109	81.421	84.987	1.244	81.238	84.773	0.360	0.423	0.453	0.306	55.681	3847	4005
235	0.123	58.924	85.145	1.311	58.695	84.963	0.444	0.360	0.473	0.332	26.230	2784	4014
236	0.134	93.713	85.309	1.371	93.472	85.132	0.508	0.339	0.509	0.335	2.057	4424	4022
237	0.139	116.504	85.551	1.431	116.247	85.365	0.529	0.360	0.538	0.330	160.616	5498	4033
238	0.154	14.616	85.643	1.461	14.393	85.429	0.466	0.444	0.518	0.378	42.401	690	4036
239	0.122	108.041	85.816	1.341	107.865	85.556	0.339	0.487	0.491	0.317	101.058	5101	4042
240	0.141	89.914	85.827	1.443	89.726	85.577	0.381	0.508	0.535	0.336	59.276	4251	4043
241	0.128	114.255	86.600	1.371	114.088	86.360	0.339	0.487	0.486	0.334	84.950	5395	4080
242	0.108	19.235	86.797	1.214	19.029	86.614	0.402	0.360	0.416	0.331	158.383	905	4092
243	0.114	119.121	87.111	1.316	118.893	86.932	0.444	0.381	0.485	0.300	143.993	5619	4107
244	0.137	104.997	87.200	1.406	104.796	86.953	0.402	0.487	0.526	0.331	58.007	4962	4108
245	0.144	103.968	87.312	1.486	103.780	87.058	0.360	0.529	0.525	0.350	82.390	4911	4113
246	0.091	126.128	87.383	1.112	125.942	87.228	0.360	0.318	0.370	0.311	167.649	5956	4121
247	0.115	114.238	87.557	1.311	114.025	87.376	0.423	0.381	0.490	0.298	35.316	5398	4128
248	0.130	96.362	87.609	1.383	96.118	87.440	0.487	0.339	0.494	0.336	172.171	4548	4131
249	0.129	53.962	87.915	1.346	53.784	87.694	0.381	0.466	0.500	0.327	59.462	2549	4143
250	0.121	93.594	87.918	1.306	93.366	87.757	0.466	0.318	0.493	0.313	163.606	4414	4146
251	0.126	117.592	87.933	1.329	117.348	87.757	0.487	0.339	0.479	0.335	1.490	5554	4146
252	0.129	69.532	88.216	1.388	69.300	88.011	0.444	0.423	0.520	0.315	41.483	3286	4158
253	0.132	115.696	88.707	1.364	115.464	88.498	0.444	0.423	0.498	0.338	138.186	5461	4181
254	0.140	25.346	88.978	1.498	25.167	88.731	0.381	0.508	0.552	0.323	67.793	1197	4192
255	0.104	103.712	88.892	1.244	103.484	88.731	0.466	0.318	0.479	0.278	154.113	4891	4192
256	0.115	83.088	89.217	1.351	82.889	89.006	0.444	0.423	0.470	0.311	44.361	3927	4205
257	0.120	115.410	89.571	1.329	115.252	89.302	0.318	0.508	0.481	0.318	83.821	5452	4219
258	0.119	64.269	89.665	1.281	64.029	89.514	0.466	0.318	0.465	0.326	1.538	3032	4229
259	0.134	100.657	89.745	1.401	100.415	89.556	0.487	0.360	0.510	0.336	163.109	4751	4231
260	0.110	120.376	89.996	1.256	120.163	89.810	0.423	0.360	0.460	0.304	32.948	5688	4243
261	0.133	62.975	90.043	1.388	62.738	89.874	0.508	0.360	0.511	0.332	23.459	2972	4246
262	0.125	49.906	90.306	1.346	49.720	90.085	0.381	0.466	0.496	0.321	119.596	2352	4256
263	0.129	78.526	90.367	1.346	78.296	90.191	0.487	0.360	0.496	0.330	24.184	3707	4261
264	0.100	86.010	90.659	1.239	85.810	90.509	0.423	0.318	0.444	0.288	19.741	4062	4276
265	0.136	66.696	91.042	1.378	66.463	90.868	0.487	0.339	0.498	0.347	174.822	3145	4293
266	0.149	116.241	91.250	1.468	116.057	90.996	0.381	0.508	0.536	0.353	72.128	5490	4299
267	0.121	114.304	91.215	1.311	114.088	91.038	0.444	0.360	0.471	0.328	25.201	5399	4301
268	0.128	69.759	91.442	1.388	69.554	91.207	0.402	0.466	0.524	0.311	51.605	3297	4309
269	0.129	32.465	91.515	1.366	32.300	91.271	0.318	0.508	0.507	0.323	94.616	1530	4312
270	0.137	94.818	92.099	1.401	94.573	91.906	0.508	0.360	0.509	0.343	11.307	4480	4342
271	0.154	27.391	92.345	1.491	27.178	92.096	0.423	0.508	0.538	0.364	118.149	1288	4351
272	0.120	52.532	92.415	1.341	52.366	92.139	0.318	0.508	0.487	0.312	85.094	2482	4353
273	0.126	117.615	92.573	1.329	117.412	92.371	0.423	0.402	0.503	0.319	38.689	5558	4364
274	0.119	50.630	92.714	1.344	50.440	92.477	0.423	0.466	0.481	0.316	56.028	2392	4369
275	0.154	15.025	92.801	1.551	14.753	92.583	0.529	0.423	0.560	0.351	30.364	714	4374
276	0.130	33.974	93.516	1.401	33.782	93.260	0.381	0.487	0.511	0.323	61.039	1604	4406
277	0.133	57.845	93.802	1.376	57.616	93.599	0.466	0.402	0.488	0.347	150.214	2729	4422
278	0.132	91.480	93.859	1.396	91.228	93.684	0.487	0.360	0.494	0.341	157.938	4315	4426
279	0.129	74.159	93.975	1.353	73.978	93.747	0.402	0.423	0.453	0.364	128.680	3497	4429
280	0.117	84.856	93.958	1.281	84.624	93.790	0.466	0.318	0.466	0.321	177.370	4006	4431
281	0.134	86.006	94.028	1.383	85.746	93.853	0.508	0.339	0.522	0.326	17.239	4062	4434
282	0.138	115.116	94.249	1.413	114.872	94.065	0.508	0.360	0.538	0.327	155.864	5431	4444
283	0.128	87.732	94.338	1.341	87.482	94.170	0.487	0.339	0.483	0.338	177.366	4140	4449
284	0.116	61.164	94.531	1.299	60.960	94.340	0.423	0.381	0.479	0.309	143.540	2883	4457
285	0.149	94.724	94.765	1.503	94.446	94.573	0.550	0.381	0.535	0.355	172.241	4471	4468
286	0.130	70.457	94.894	1.336	70.210	94.742	0.487	0.318	0.503	0.329	174.025	3321	4476
287	0.113	79.365	95.206	1.256	79.121	95.038	0.466	0.318	0.453	0.317	177.034	3746	4490
288	0.136	61.408	95.278	1.388	61.172	95.081	0.487	0.381	0.496	0.348	156.779	2895	4492
289	0.127	94.322	95.373	1.371	94.065	95.186	0.487	0.360	0.502	0.322	24.883	4456	4497
290	0.129	96.763	95.391	1.371	96.541	95.186	0.444	0.402	0.508	0.325	140.216	4563	4497
291	0.129	44.961	95.943	1.353	44.725	95.779	0.487	0.339	0.489	0.337	179.511	2120	4525
292	0.131	87.732	96.424	1.371	87.482	96.266	0.508	0.339	0.499	0.334	176.298	4138	4548
293	0.118	54.829	96.503	1.269	54.610	96.330	0.444	0.339	0.463	0.324	156.270	2583	4551
294	0.145	40.443	96.997	1.558	40.259	96.710	0.360	0.550	0.531	0.348	87.445	1913	4569
295	0.133	111.461	96.946	1.388	111.210	96.753	0.487	0.381	0.501	0.338	164.707	5264	4571
296	0.120	108.650	97.002	1.311	108.437	96.838	0.444	0.360	0.468	0.327	24.732	5131	4575
297	0.120	126.506	97.025	1.299	126.259	96.859	0.466	0.339	0.459	0.333	9.662	5974	4576
298	0.109	107.583	97.071	1.251	107.357	96.922	0.466	0.296	0.475	0.293	12.929	5079	4579
299	0.117	46.575	97.144	1.286	46.376	96.943	0.402	0.402	0.448	0.334	135.318	2194	4580
300	0.112	32.990	97.550	1.299	32.830	97.303	0.318	0.487	0.490	0.291	102.577	1555	4597
301	0.119	121.702	97.683	1.321	121.497	97.472	0.402	0.423	0.470	0.323	132.924	5746	4605
302	0.136	85.256	97.817	1.396	84.984	97.663	0.529	0.318	0.530	0.327	176.544	4021	4614
303	0.135	98.768	97.972	1.394	98.531	97.769	0.466	0.423	0.520	0.331	143.292	4659	4619
304	0.138	44.262	98.069	1.426	44.090	97.790	0.339	0.529	0.524	0.335	99.638	2090	4620
305	0.126	77.392	97.976	1.371	77.131	97.811	0.508	0.339	0.519	0.309	13.423	3657	4621
306	0.103	74.357	98.105	1.204	74.147	97.959	0.423	0.296	0.443	0.298	1.089	3510	4628
307	0.124	48.516	98.314	1.329	48.324	98.086	0.381	0.444	0.489	0.323	122.741	2287	4634
308	0.131	76.950	98.642	1.406	76.729	98.425	0.444	0.444	0.513	0.325	44.428	3637	4650
309	0.136	60.043	98.673	1.406	59.817	98.446	0.444	0.444	0.507	0.341	46.655	2837	4651
310	0.127	43.437	98.687	1.329	43.244	98.467	0.402	0.423	0.487	0.333	129.868	2045	4652
311	0.118	58.443	98.772	1.329	58.293	98.510	0.296	0.529	0.508	0.295	82.068	2762	4654
312	0.129	56.045	99.207	1.383	55.859	98.954	0.360	0.487	0.509	0.322	67.425	2648	4675
313	0.135	91.667	99.704	1.406	91.419	99.505	0.508	0.381	0.507	0.340	159.249	4326	4701
314	0.120	102.556	99.928	1.396	102.426	99.674	0.318	0.529	0.544	0.281	75.755	4845	4709
315	0.134	78.021	100.039	1.376	77.788	99.843	0.487	0.381	0.492	0.346	154.592	3680	4717
316	0.143	61.485	100.256	1.436	61.256	100.055	0.508	0.402	0.514	0.354	24.794	2904	4727
317	0.125	84.894	100.340	1.316	84.688	100.140	0.423	0.402	0.492	0.323	41.551	4011	4731
318	0.141	120.248	101.023	1.448	120.057	100.753	0.381	0.529	0.536	0.334	115.917	5676	4760
319	0.127	64.162	101.159	1.383	63.987	100.902	0.339	0.508	0.511	0.316	66.391	3035	4767
320	0.128	21.758	101.329	1.371	21.505	101.134	0.487	0.360	0.474	0.344	13.411	1029	4778
321	0.135	64.949	101.412	1.431	64.770	101.156	0.360	0.529	0.538	0.320	68.627	3069	4779
322	0.104	34.077	101.518	1.179	33.930	101.304	0.296	0.423	0.430	0.308	92.440	1607	4786
323	0.125	79.212	101.875	1.359	78.952	101.706	0.508	0.339	0.500	0.320	6.715	3743	4805
324	0.138	37.923	101.987	1.396	37.740	101.748	0.360	0.487	0.502	0.351	74.561	1791	4807
325	0.129	109.759	102.204	1.353	109.495	102.044	0.508	0.318	0.519	0.317	169.899	5178	4821
326	0.113	43.885	102.566	1.286	43.646	102.404	0.466	0.339	0.478	0.302	165.690	2069	4838
327	0.126	82.986	102.937	1.359	82.740	102.764	0.508	0.339	0.499	0.322	169.019	3915	4855
328	0.152	72.185	103.013	1.456	71.924	102.828	0.529	0.360	0.534	0.363	178.916	3407	4858
329	0.140	96.803	103.226	1.413	96.541	103.060	0.508	0.360	0.503	0.355	167.583	4565	4869
330	0.138	70.266	103.781	1.426	70.104	103.505	0.339	0.529	0.529	0.333	98.428	3316	4890
331	0.106	14.501	104.048	1.202	14.288	103.886	0.423	0.339	0.413	0.326	178.118	682	4908
332	0.128	33.533	104.236	1.329	33.316	104.034	0.402	0.423	0.474	0.343	131.828	1579	4915
333	0.123	49.034	104.185	1.323	48.789	104.034	0.487	0.318	0.482	0.326	176.030	2310	4915
334	0.112	76.687	104.226	1.239	76.475	104.055	0.423	0.339	0.439	0.326	19.148	3622	4916
335	0.130	28.334	104.353	1.383	28.088	104.204	0.508	0.339	0.508	0.326	8.981	1333	4923
336	0.124	61.714	104.589	1.359	61.532	104.352	0.360	0.487	0.484	0.325	73.218	2918	4930
337	0.129	115.430	104.745	1.329	115.189	104.563	0.487	0.339	0.478	0.342	176.355	5450	4940
338	0.140	55.676	104.755	1.408	55.414	104.584	0.508	0.339	0.517	0.345	172.103	2624	4941
339	0.116	65.626	104.855	1.281	65.468	104.627	0.318	0.466	0.470	0.314	98.012	3096	4943
340	0.137	34.867	105.001	1.396	34.608	104.838	0.508	0.339	0.518	0.336	2.186	1647	4953
341	0.121	90.822	105.821	1.336	90.572	105.664	0.487	0.318	0.502	0.307	6.632	4287	4992
342	0.123	27.058	105.894	1.329	26.818	105.728	0.487	0.339	0.505	0.309	21.477	1277	4995
343	0.129	64.308	106.195	1.341	64.072	106.024	0.487	0.339	0.488	0.335	12.553	3035	5009
344	0.134	111.678	106.337	1.406	111.485	106.087	0.402	0.487	0.502	0.339	118.273	5271	5012
345	0.139	31.806	106.289	1.401	31.560	106.108	0.508	0.360	0.529	0.334	160.120	1495	5013
346	0.125	71.744	106.311	1.341	71.501	106.151	0.487	0.339	0.496	0.322	167.103	3382	5015
347	0.143	120.930	106.500	1.448	120.714	106.278	0.423	0.487	0.517	0.353	121.171	5706	5021
348	0.133	105.117	107.331	1.401	104.881	107.124	0.466	0.402	0.517	0.327	29.154	4972	5061
349	0.128	119.009	107.336	1.378	118.766	107.167	0.487	0.339	0.514	0.317	21.356	5620	5063
350	0.115	52.293	107.354	1.294	52.049	107.209	0.487	0.296	0.495	0.295	171.988	2464	5065
351	0.118	101.270	107.404	1.316	101.029	107.230	0.466	0.360	0.476	0.316	146.570	4777	5066
352	0.127	45.726	107.575	1.366	45.466	107.421	0.508	0.318	0.520	0.312	10.091	2157	5075
353	0.130	86.912	108.171	1.396	86.656	108.014	0.508	0.339	0.501	0.331	166.230	4098	5103
354	0.142	122.708	108.229	1.431	122.492	108.014	0.444	0.444	0.549	0.328	136.947	5788	5103
355	0.128	69.167	108.377	1.376	68.919	108.183	0.487	0.381	0.492	0.332	21.985	3271	5111
356	0.129	94.405	108.391	1.359	94.170	108.204	0.466	0.381	0.519	0.317	149.653	4452	5112
357	0.114	55.782	108.616	1.269	55.562	108.437	0.423	0.360	0.481	0.301	148.117	2629	5123
358	0.125	86.630	108.754	1.329	86.381	108.585	0.487	0.339	0.508	0.315	157.627	4084	5130
359	0.129	17.409	109.321	1.346	17.208	109.093	0.402	0.444	0.501	0.327	48.116	826	5154
360	0.131	77.551	109.750	1.383	77.322	109.559	0.466	0.381	0.524	0.319	32.728	3664	5176
361	0.153	94.245	110.317	1.486	93.980	110.109	0.508	0.402	0.525	0.370	159.760	4449	5202
362	0.129	55.193	111.387	1.371	54.970	111.167	0.423	0.423	0.499	0.328	48.962	2607	5252
363	0.119	97.039	111.607	1.294	96.816	111.442	0.466	0.318	0.468	0.323	173.751	4579	5265
364	0.108	86.743	111.717	1.221	86.550	111.548	0.402	0.339	0.438	0.314	151.517	4090	5270
365	0.122	47.230	111.800	1.336	46.990	111.654	0.487	0.318	0.490	0.318	1.585	2224	5275
366	0.138	70.872	112.294	1.418	70.676	112.035	0.381	0.508	0.541	0.325	119.209	3344	5293
367	0.142	103.584	112.958	1.443	103.399	112.691	0.360	0.529	0.545	0.333	73.129	4893	5324
368	0.118	33.875	113.320	1.329	33.634	113.157	0.487	0.339	0.487	0.309	15.957	1598	5346
369	0.135	41.857	113.595	1.421	41.592	113.432	0.529	0.318	0.542	0.318	1.173	1976	5359
370	0.140	123.754	113.908	1.431	123.508	113.707	0.508	0.381	0.532	0.336	156.587	5842	5372
371	0.140	33.713	114.255	1.443	33.528	114.004	0.381	0.508	0.543	0.328	63.338	1595	5386
372	0.118	76.210	114.516	1.329	76.010	114.300	0.381	0.444	0.484	0.311	131.399	3596	5400
373	0.139	93.337	114.512	1.396	93.112	114.321	0.466	0.381	0.519	0.342	148.813	4400	5401
374	0.127	26.786	114.628	1.353	26.543	114.448	0.466	0.360	0.483	0.334	15.160	1265	5407
375	0.133	21.617	115.051	1.388	21.421	114.808	0.402	0.466	0.507	0.334	122.320	1017	5424
376	0.127	31.356	115.915	1.323	31.115	115.739	0.466	0.339	0.468	0.345	177.738	1478	5468
377	0.129	51.520	115.969	1.394	51.308	115.739	0.423	0.466	0.501	0.329	123.427	2430	5468
378	0.129	30.274	116.511	1.366	30.099	116.268	0.339	0.487	0.501	0.327	72.666	1430	5493
379	0.116	38.559	116.862	1.316	38.354	116.650	0.423	0.402	0.495	0.297	41.685	1824	5511
380	0.131	66.661	117.164	1.371	66.421	116.988	0.487	0.360	0.489	0.340	159.794	3141	5527
381	0.124	118.147	117.216	1.353	117.920	117.030	0.466	0.360	0.494	0.320	152.440	5573	5529
382	0.134	78.151	117.892	1.406	77.936	117.666	0.444	0.444	0.530	0.323	135.110	3687	5559
383	0.118	37.292	118.148	1.318	37.148	117.898	0.296	0.487	0.496	0.303	90.174	1759	5570
384	0.119	37.785	118.761	1.311	37.634	118.512	0.318	0.487	0.484	0.313	86.908	1783	5599
385	0.134	77.545	118.930	1.401	77.301	118.745	0.466	0.402	0.507	0.337	141.841	3655	5610
386	0.112	50.006	119.088	1.306	49.848	118.830	0.296	0.487	0.482	0.295	93.694	2364	5614
387	0.159	91.171	119.543	1.515	90.974	119.274	0.402	0.529	0.567	0.356	115.141	4302	5635
388	0.123	123.122	120.053	1.294	122.915	119.867	0.423	0.360	0.439	0.356	159.168	5812	5663
389	0.132	31.755	120.348	1.383	31.581	120.078	0.339	0.508	0.510	0.330	82.441	1500	5673
390	0.145	27.328	120.311	1.456	27.072	120.121	0.529	0.360	0.521	0.354	8.410	1289	5675
391	0.122	60.345	120.438	1.323	60.177	120.206	0.339	0.466	0.471	0.331	84.952	2849	5679
392	0.129	40.215	120.882	1.376	40.026	120.629	0.381	0.487	0.497	0.332	67.726	1900	5699
393	0.131	101.270	121.053	1.383	101.092	120.798	0.339	0.508	0.490	0.341	92.719	4784	5707
394	0.129	18.980	121.272	1.366	18.796	121.052	0.381	0.444	0.507	0.324	56.593	896	5719
395	0.120	118.806	121.780	1.311	118.639	121.539	0.318	0.487	0.486	0.313	81.324	5612	5742
396	0.117	71.798	122.130	1.299	71.586	121.941	0.402	0.402	0.462	0.322	129.942	3384	5761
397	0.125	23.719	122.347	1.329	23.537	122.110	0.360	0.466	0.484	0.330	72.605	1119	5769
398	0.117	55.520	122.376	1.281	55.330	122.174	0.402	0.381	0.478	0.311	137.900	2616	5772
399	0.103	101.177	122.633	1.214	100.986	122.428	0.381	0.381	0.450	0.290	134.956	4775	5784
400	0.114	34.999	122.793	1.256	34.819	122.597	0.381	0.402	0.460	0.316	49.188	1653	5792
401	0.131	19.576	123.081	1.401	19.304	122.894	0.508	0.360	0.488	0.341	166.110	921	5806
402	0.129	33.865	123.764	1.341	33.697	123.529	0.339	0.487	0.489	0.337	74.095	1599	5836
403	0.135	76.772	124.799	1.406	76.560	124.587	0.444	0.444	0.517	0.333	134.386	3619	5886
404	0.125	102.263	124.852	1.359	102.044	124.651	0.444	0.402	0.538	0.296	140.752	4822	5889
405	0.116	52.699	125.092	1.256	52.536	124.862	0.339	0.444	0.447	0.329	103.539	2486	5899
406	0.141	114.755	125.442	1.406	114.554	125.180	0.402	0.487	0.492	0.364	115.116	5419	5914
407	0.120	79.008	126.046	1.304	78.782	125.857	0.444	0.381	0.479	0.318	142.618	3726	5946
408	0.144	108.776	126.536	1.443	108.500	126.365	0.550	0.339	0.542	0.339	3.148	5137	5970
409	0.127	46.823	126.792	1.366	46.651	126.534	0.339	0.487	0.486	0.333	99.547	2210	5978
410	0.133	77.368	126.878	1.413	77.195	126.619	0.339	0.529	0.531	0.318	104.695	3652	5982
411	0.114	99.513	127.400	1.274	99.314	127.190	0.402	0.402	0.449	0.324	132.068	4696	6009
412	0.040	97.157	127.452	0.733	97.049	127.339	0.233	0.233	0.249	0.206	146.012	4586	6016
413	0.139	113.108	127.923	1.418	112.861	127.720	0.487	0.402	0.505	0.351	159.158	5342	6034
414	0.127	70.339	127.987	1.348	70.168	127.762	0.339	0.466	0.489	0.331	105.061	3317	6036
415	0.141	93.405	128.481	1.418	93.176	128.270	0.444	0.444	0.527	0.340	132.944	4404	6060
416	0.133	53.364	128.488	1.359	53.150	128.291	0.444	0.402	0.495	0.341	37.725	2520	6061
417	0.100	82.148	128.452	1.209	81.915	128.312	0.466	0.275	0.457	0.280	179.099	3876	6062
418	0.139	98.617	128.751	1.383	98.425	128.524	0.381	0.466	0.513	0.345	119.127	4652	6072
419	0.132	118.965	128.713	1.396	118.745	128.524	0.444	0.381	0.473	0.354	25.793	5619	6072
420	0.119	117.668	129.091	1.299	117.433	128.926	0.487	0.318	0.489	0.311	174.489	5555	6091
421	0.127	104.710	129.264	1.364	104.521	129.032	0.381	0.487	0.496	0.326	61.105	4948	6096
422	0.111	108.947	129.857	1.329	108.797	129.604	0.296	0.508	0.497	0.284	86.230	5148	6123
423	0.150	34.146	130.882	1.478	33.909	130.662	0.466	0.466	0.529	0.361	42.970	1614	6173
424	0.129	34.954	131.347	1.366	34.777	131.106	0.339	0.487	0.510	0.322	73.425	1650	6194
425	0.127	93.999	131.891	1.364	93.811	131.657	0.381	0.487	0.499	0.324	118.598	4436	6220
426	0.125	43.843	133.996	1.348	43.688	133.752	0.318	0.487	0.500	0.320	81.443	2070	6319
