 	Area	X	Y	Perim.	BX	BY	Width	Height	Major	Minor	Angle	XStart	YStart
1	0.130	54.978	16.119	1.376	54.758	15.896	0.423	0.444	0.527	0.315	49.000	2598	751
2	0.121	87.303	16.221	1.418	87.122	15.981	0.360	0.466	0.482	0.319	113.731	4121	755
3	0.131	88.219	16.242	1.429	88.011	15.981	0.402	0.508	0.506	0.331	119.755	4164	755
4	0.049	75.542	16.268	0.925	75.417	16.129	0.254	0.318	0.284	0.219	53.306	3570	762
5	0.140	106.122	16.380	1.473	105.939	16.129	0.381	0.508	0.522	0.341	66.275	5014	762
6	0.134	91.350	16.394	1.388	91.101	16.214	0.508	0.360	0.496	0.344	166.333	4312	766
7	0.130	36.349	16.474	1.413	36.174	16.235	0.360	0.487	0.495	0.334	73.008	1718	767
8	0.117	62.336	16.392	1.288	62.103	16.235	0.444	0.318	0.469	0.319	14.194	2943	767
9	0.144	45.021	16.524	1.443	44.831	16.277	0.360	0.529	0.522	0.351	92.840	2123	769
10	0.127	62.037	17.669	1.401	61.870	17.399	0.318	0.529	0.523	0.309	86.144	2930	822
11	0.136	40.685	17.670	1.401	40.492	17.441	0.402	0.466	0.524	0.331	56.498	1922	824
12	0.122	115.409	18.271	1.334	115.189	18.076	0.444	0.402	0.480	0.325	143.582	5446	854
13	0.116	111.024	18.390	1.311	110.786	18.224	0.466	0.339	0.482	0.308	163.953	5238	861
14	0.137	25.901	18.725	1.406	25.675	18.500	0.444	0.444	0.545	0.320	135.428	1216	874
15	0.149	104.344	18.719	1.468	104.076	18.542	0.529	0.360	0.541	0.351	15.901	4927	876
16	0.111	47.146	19.033	1.274	46.969	18.817	0.360	0.444	0.487	0.291	125.351	2221	889
17	0.129	86.259	19.524	1.483	86.064	19.283	0.423	0.444	0.503	0.328	132.532	4070	911
18	0.120	104.269	19.707	1.286	104.034	19.537	0.466	0.339	0.470	0.324	17.320	4924	923
19	0.125	120.700	19.967	1.371	120.523	19.727	0.360	0.487	0.515	0.308	61.049	5702	932
20	0.129	32.819	20.142	1.366	32.576	19.981	0.508	0.318	0.504	0.326	3.695	1546	944
21	0.141	43.084	20.292	1.450	42.820	20.130	0.529	0.339	0.543	0.331	171.402	2028	951
22	0.117	100.365	20.382	1.329	100.140	20.193	0.444	0.381	0.455	0.327	34.244	4742	954
23	0.131	116.208	20.817	1.413	116.036	20.553	0.339	0.529	0.536	0.312	72.831	5491	971
24	0.134	68.229	20.930	1.413	67.966	20.743	0.508	0.360	0.529	0.321	20.343	3227	980
25	0.134	117.050	21.241	1.431	116.882	20.976	0.381	0.508	0.490	0.347	80.845	5529	991
26	0.116	62.790	21.400	1.291	62.569	21.209	0.423	0.381	0.456	0.324	32.104	2969	1002
27	0.102	44.219	21.849	1.202	44.006	21.675	0.402	0.360	0.450	0.289	138.569	2082	1024
28	0.127	122.007	21.927	1.359	121.835	21.675	0.360	0.487	0.503	0.321	110.544	5760	1024
29	0.135	118.450	22.655	1.456	118.195	22.479	0.508	0.360	0.549	0.314	154.768	5586	1062
30	0.135	41.009	23.352	1.441	40.767	23.135	0.487	0.444	0.550	0.313	137.863	1930	1093
31	0.120	50.755	23.439	1.316	50.546	23.241	0.423	0.402	0.492	0.311	40.816	2399	1098
32	0.118	100.014	23.472	1.316	99.780	23.304	0.487	0.339	0.487	0.309	163.805	4719	1101
33	0.140	29.354	24.353	1.498	29.104	24.172	0.487	0.381	0.505	0.354	168.438	1383	1142
34	0.145	28.537	24.530	1.473	28.279	24.342	0.550	0.360	0.546	0.338	169.216	1343	1150
35	0.134	76.114	24.821	1.401	75.861	24.638	0.487	0.381	0.514	0.331	151.696	3588	1164
36	0.127	95.294	25.209	1.466	95.060	24.977	0.444	0.423	0.487	0.333	39.789	4500	1180
37	0.161	119.181	25.169	1.575	118.893	24.977	0.572	0.402	0.590	0.347	25.556	5631	1180
38	0.136	41.311	25.269	1.431	41.084	25.061	0.487	0.402	0.536	0.324	147.848	1945	1184
39	0.115	110.888	25.323	1.269	110.702	25.104	0.360	0.423	0.459	0.318	56.158	5241	1186
40	0.118	57.377	25.515	1.329	57.214	25.252	0.339	0.487	0.484	0.310	102.725	2708	1193
41	0.143	31.143	25.591	1.388	30.903	25.400	0.487	0.381	0.483	0.378	166.876	1466	1200
42	0.129	108.573	25.935	1.371	108.395	25.675	0.360	0.487	0.507	0.323	67.008	5131	1213
43	0.111	54.383	25.991	1.256	54.187	25.802	0.402	0.381	0.472	0.298	137.307	2562	1219
44	0.137	110.921	26.062	1.418	110.723	25.802	0.402	0.487	0.528	0.331	59.112	5243	1219
45	0.133	35.636	27.340	1.371	35.454	27.114	0.381	0.466	0.484	0.350	70.971	1682	1281
46	0.154	59.529	27.414	1.531	59.267	27.178	0.487	0.487	0.554	0.354	135.979	2807	1284
47	0.119	63.481	27.650	1.316	63.246	27.474	0.466	0.360	0.487	0.311	155.096	2991	1298
48	0.138	32.620	27.880	1.443	32.448	27.601	0.360	0.529	0.513	0.343	100.833	1538	1304
49	0.116	47.961	27.896	1.299	47.816	27.644	0.318	0.487	0.479	0.308	95.482	2264	1306
50	0.146	59.998	28.684	1.503	59.775	28.427	0.466	0.466	0.552	0.336	132.952	2829	1343
51	0.137	76.076	29.333	1.418	75.883	29.083	0.381	0.487	0.515	0.339	66.435	3594	1374
52	0.133	83.453	29.310	1.406	83.206	29.104	0.487	0.402	0.521	0.325	33.735	3946	1375
53	0.137	113.185	29.368	1.456	113.009	29.104	0.339	0.550	0.548	0.318	82.769	5346	1375
54	0.137	29.304	30.060	1.443	29.083	29.824	0.423	0.466	0.535	0.326	51.102	1386	1409
55	0.155	39.472	30.144	1.526	39.201	29.930	0.529	0.423	0.540	0.365	23.242	1869	1414
56	0.132	65.772	30.238	1.406	65.532	30.036	0.487	0.402	0.522	0.323	143.203	3099	1419
57	0.133	119.765	30.537	1.383	119.528	30.353	0.487	0.360	0.518	0.326	157.511	5651	1434
58	0.112	48.330	30.912	1.329	48.154	30.649	0.339	0.487	0.485	0.295	73.928	2284	1448
59	0.125	47.614	31.014	1.376	47.434	30.755	0.381	0.487	0.508	0.314	116.713	2246	1453
60	0.112	38.015	31.375	1.251	37.804	31.200	0.402	0.360	0.423	0.336	30.476	1795	1474
61	0.135	67.777	31.973	1.456	67.564	31.771	0.466	0.381	0.507	0.338	151.272	3194	1501
62	0.074	71.693	31.991	1.124	71.564	31.814	0.254	0.360	0.384	0.246	78.959	3386	1503
63	0.149	73.507	32.343	1.473	73.237	32.152	0.529	0.381	0.553	0.342	154.967	3464	1519
64	0.108	45.618	32.627	1.239	45.445	32.406	0.339	0.423	0.463	0.298	60.123	2156	1531
65	0.128	121.213	32.993	1.383	120.968	32.830	0.508	0.339	0.497	0.328	171.998	5720	1551
66	0.109	119.758	33.301	1.214	119.549	33.126	0.423	0.339	0.420	0.330	162.867	5653	1565
67	0.132	31.463	33.387	1.394	31.263	33.147	0.402	0.487	0.507	0.332	118.967	1482	1566
68	0.107	28.530	33.368	1.226	28.300	33.210	0.444	0.318	0.445	0.305	7.435	1346	1569
69	0.126	62.441	34.106	1.371	62.230	33.888	0.423	0.423	0.515	0.311	137.088	2944	1601
70	0.138	63.023	34.421	1.431	62.823	34.163	0.402	0.487	0.537	0.326	121.139	2973	1614
71	0.117	99.525	34.368	1.286	99.335	34.163	0.381	0.423	0.478	0.313	128.945	4695	1614
72	0.147	65.777	35.396	1.431	65.574	35.158	0.402	0.487	0.533	0.351	121.867	3101	1661
73	0.111	87.106	35.405	1.311	86.953	35.158	0.296	0.508	0.480	0.295	94.561	4115	1661
74	0.106	80.417	35.550	1.207	80.222	35.348	0.381	0.402	0.419	0.321	45.130	3801	1670
75	0.136	126.576	35.924	1.418	126.386	35.666	0.381	0.508	0.534	0.325	63.259	5982	1685
76	0.116	49.905	36.105	1.294	49.763	35.856	0.296	0.487	0.489	0.301	92.665	2355	1694
77	0.136	81.283	36.158	1.461	81.090	35.899	0.381	0.508	0.544	0.318	66.292	3841	1696
78	0.142	69.840	36.245	1.443	69.596	36.047	0.487	0.402	0.554	0.326	146.560	3290	1703
79	0.115	69.456	36.621	1.304	69.278	36.407	0.360	0.444	0.486	0.301	120.537	3274	1720
80	0.144	128.023	36.784	1.424	127.783	36.576	0.487	0.423	0.520	0.352	37.452	6047	1728
81	0.109	109.776	36.793	1.226	109.580	36.618	0.402	0.360	0.450	0.308	149.542	5179	1730
82	0.115	24.506	37.373	1.269	24.299	37.190	0.402	0.381	0.462	0.316	137.550	1151	1757
83	0.134	73.589	37.524	1.401	73.406	37.274	0.381	0.487	0.519	0.328	119.476	3471	1761
84	0.123	55.616	37.540	1.321	55.414	37.317	0.402	0.444	0.494	0.318	125.875	2622	1763
85	0.139	53.285	37.631	1.448	53.065	37.380	0.444	0.466	0.540	0.328	131.936	2511	1766
86	0.144	95.632	37.929	1.448	95.398	37.719	0.487	0.423	0.529	0.347	145.629	4510	1782
87	0.143	38.356	38.128	1.461	38.121	37.888	0.444	0.466	0.537	0.339	45.360	1817	1790
88	0.126	108.230	38.497	1.351	108.014	38.290	0.444	0.423	0.490	0.328	138.772	5107	1809
89	0.132	79.768	38.884	1.373	79.523	38.735	0.487	0.318	0.502	0.334	179.087	3761	1830
90	0.129	119.583	39.599	1.329	119.380	39.391	0.423	0.402	0.483	0.339	140.953	5643	1861
91	0.135	104.259	39.834	1.411	104.034	39.603	0.444	0.466	0.535	0.322	132.360	4920	1871
92	0.155	36.487	39.997	1.543	36.195	39.793	0.550	0.423	0.548	0.361	152.317	1718	1880
93	0.140	20.481	39.997	1.371	20.235	39.814	0.487	0.360	0.483	0.369	1.306	963	1881
94	0.150	34.778	40.271	1.483	34.544	40.047	0.466	0.466	0.515	0.370	46.769	1642	1892
95	0.119	65.715	40.291	1.286	65.511	40.090	0.402	0.402	0.479	0.316	133.218	3098	1894
96	0.141	81.856	40.460	1.426	81.598	40.280	0.508	0.360	0.533	0.336	19.396	3867	1903
97	0.118	67.473	40.511	1.291	67.246	40.301	0.423	0.402	0.463	0.324	41.348	3189	1904
98	0.129	37.955	41.238	1.401	37.719	41.021	0.466	0.402	0.497	0.332	151.691	1790	1938
99	0.132	113.594	41.345	1.424	113.369	41.106	0.423	0.466	0.513	0.327	122.282	5362	1942
100	0.137	20.898	41.422	1.396	20.638	41.254	0.508	0.339	0.520	0.335	174.331	982	1949
101	0.136	39.552	41.528	1.436	39.328	41.296	0.444	0.466	0.537	0.322	133.203	1860	1951
102	0.155	28.263	42.402	1.503	28.067	42.122	0.381	0.550	0.556	0.356	106.073	1332	1990
103	0.124	42.977	42.510	1.341	42.799	42.270	0.339	0.487	0.491	0.322	91.957	2027	1997
104	0.165	32.264	42.617	1.540	32.068	42.333	0.381	0.550	0.564	0.372	102.089	1521	2000
105	0.147	23.660	43.246	1.456	23.389	43.074	0.550	0.339	0.544	0.345	177.331	1112	2035
106	0.125	34.002	43.575	1.353	33.824	43.328	0.339	0.487	0.498	0.319	102.602	1602	2047
107	0.110	25.060	43.971	1.269	24.871	43.752	0.360	0.423	0.465	0.300	51.805	1188	2067
108	0.144	23.609	44.037	1.431	23.368	43.836	0.508	0.381	0.535	0.342	158.134	1109	2071
109	0.116	53.787	44.069	1.269	53.594	43.878	0.402	0.381	0.464	0.318	142.138	2534	2073
110	0.121	124.703	44.324	1.281	124.481	44.154	0.444	0.339	0.458	0.335	10.018	5891	2086
111	0.118	53.631	44.685	1.311	53.467	44.450	0.339	0.466	0.496	0.303	116.446	2528	2100
112	0.104	54.423	44.713	1.244	54.271	44.492	0.318	0.466	0.458	0.289	68.952	2571	2102
113	0.113	83.948	44.721	1.316	83.714	44.535	0.444	0.360	0.483	0.299	30.799	3967	2104
114	0.133	38.030	45.491	1.424	37.804	45.276	0.487	0.423	0.513	0.329	146.925	1791	2139
115	0.115	124.555	45.510	1.286	124.354	45.318	0.423	0.381	0.473	0.309	142.271	5877	2141
116	0.135	29.478	45.662	1.406	29.210	45.487	0.508	0.360	0.509	0.338	8.920	1392	2149
117	0.127	44.989	46.054	1.388	44.810	45.805	0.360	0.487	0.500	0.323	112.801	2122	2164
118	0.123	16.219	46.100	1.341	16.023	45.889	0.381	0.444	0.502	0.312	123.662	758	2168
119	0.133	75.392	46.617	1.456	75.226	46.355	0.339	0.529	0.537	0.314	96.673	3557	2190
120	0.134	61.588	46.700	1.401	61.341	46.524	0.508	0.360	0.523	0.325	165.572	2903	2198
121	0.155	70.410	46.906	1.491	70.168	46.694	0.487	0.444	0.549	0.360	142.620	3318	2206
122	0.135	28.976	47.003	1.406	28.744	46.800	0.487	0.402	0.532	0.323	147.416	1361	2211
123	0.120	87.433	47.463	1.311	87.270	47.223	0.339	0.466	0.480	0.318	79.208	4129	2231
124	0.144	33.218	48.459	1.538	32.956	48.281	0.529	0.381	0.533	0.344	160.377	1559	2281
125	0.140	39.184	48.674	1.431	39.010	48.408	0.360	0.529	0.520	0.344	76.606	1850	2287
126	0.118	99.250	49.172	1.316	99.081	48.916	0.339	0.487	0.484	0.310	107.163	4687	2311
127	0.144	43.921	49.235	1.443	43.752	48.958	0.339	0.550	0.547	0.335	102.733	2073	2313
128	0.132	91.700	49.317	1.388	91.419	49.149	0.529	0.339	0.515	0.325	10.019	4331	2322
129	0.139	16.423	50.033	1.498	16.171	49.805	0.508	0.402	0.516	0.343	9.728	779	2353
130	0.126	28.156	50.661	1.353	27.898	50.504	0.508	0.318	0.496	0.323	175.741	1326	2386
131	0.130	70.003	50.784	1.353	69.850	50.525	0.318	0.508	0.508	0.327	90.380	3304	2387
132	0.137	24.136	50.895	1.424	23.918	50.673	0.423	0.466	0.503	0.346	125.481	1134	2394
133	0.142	81.177	51.001	1.461	80.920	50.800	0.508	0.402	0.558	0.324	29.111	3837	2400
134	0.129	115.638	51.345	1.401	115.443	51.096	0.381	0.487	0.519	0.316	66.641	5464	2414
135	0.137	110.904	51.854	1.413	110.680	51.647	0.444	0.423	0.509	0.343	34.224	5241	2440
136	0.121	55.684	51.833	1.353	55.436	51.668	0.487	0.339	0.524	0.294	158.462	2621	2441
137	0.125	91.186	52.022	1.316	90.953	51.837	0.466	0.360	0.485	0.329	19.054	4311	2449
138	0.116	57.189	52.867	1.269	57.002	52.663	0.381	0.402	0.457	0.323	131.543	2695	2488
139	0.129	17.932	53.725	1.406	17.759	53.488	0.402	0.466	0.487	0.336	114.887	842	2527
140	0.133	44.282	53.867	1.371	44.048	53.700	0.487	0.339	0.490	0.346	2.723	2087	2537
141	0.124	28.779	53.991	1.406	28.554	53.806	0.444	0.381	0.481	0.327	152.096	1354	2542
142	0.124	62.295	54.250	1.346	62.082	54.038	0.423	0.423	0.476	0.330	138.144	2938	2553
143	0.115	111.641	54.365	1.316	111.464	54.123	0.360	0.466	0.480	0.304	58.398	5277	2557
144	0.130	37.604	54.851	1.406	37.380	54.631	0.423	0.444	0.488	0.340	45.897	1779	2581
145	0.154	59.984	55.362	1.478	59.754	55.118	0.466	0.466	0.559	0.350	134.540	2827	2604
146	0.133	12.938	55.395	1.383	12.700	55.203	0.466	0.381	0.511	0.332	26.062	614	2608
147	0.123	50.801	55.545	1.336	50.567	55.372	0.466	0.339	0.494	0.318	158.973	2392	2616
148	0.043	24.901	55.666	0.805	24.765	55.541	0.254	0.254	0.315	0.176	48.158	1176	2624
149	0.121	66.473	55.835	1.306	66.252	55.668	0.444	0.339	0.471	0.327	18.316	3139	2630
150	0.148	47.932	55.952	1.448	47.667	55.753	0.529	0.381	0.530	0.357	165.128	2259	2634
151	0.131	71.759	56.065	1.388	71.543	55.838	0.423	0.444	0.511	0.326	52.648	3391	2638
152	0.139	41.030	56.319	1.448	40.788	56.113	0.487	0.402	0.527	0.337	150.298	1932	2651
153	0.119	86.687	56.497	1.316	86.508	56.261	0.360	0.466	0.492	0.308	115.610	4091	2658
154	0.128	55.458	56.637	1.406	55.224	56.430	0.487	0.402	0.537	0.304	144.732	2611	2666
155	0.126	36.170	56.656	1.371	35.941	56.473	0.466	0.360	0.467	0.344	4.187	1708	2668
156	0.124	62.544	57.171	1.364	62.336	56.938	0.423	0.444	0.497	0.318	130.106	2950	2690
157	0.115	65.239	57.715	1.261	65.045	57.510	0.402	0.402	0.456	0.321	49.071	3082	2717
158	0.118	71.269	57.993	1.353	71.099	57.743	0.318	0.487	0.491	0.305	84.912	3367	2728
159	0.129	32.948	58.279	1.334	32.702	58.102	0.487	0.360	0.484	0.339	158.814	1549	2745
160	0.121	21.517	58.811	1.366	21.294	58.653	0.487	0.339	0.510	0.302	27.131	1014	2771
161	0.116	24.666	58.958	1.269	24.426	58.801	0.466	0.318	0.457	0.323	1.557	1161	2778
162	0.112	52.147	59.390	1.274	51.943	59.203	0.444	0.360	0.464	0.308	147.903	2457	2797
163	0.130	101.322	59.451	1.359	101.092	59.246	0.444	0.402	0.483	0.342	38.415	4787	2799
164	0.134	14.841	60.332	1.431	14.668	60.071	0.360	0.508	0.520	0.327	103.718	697	2838
165	0.122	28.922	60.324	1.341	28.702	60.113	0.423	0.402	0.497	0.314	37.571	1372	2840
166	0.119	108.761	60.282	1.281	108.543	60.113	0.444	0.339	0.475	0.319	22.715	5137	2840
167	0.136	94.853	60.573	1.413	94.615	60.388	0.508	0.360	0.516	0.336	165.690	4478	2853
168	0.138	65.940	60.672	1.431	65.744	60.431	0.423	0.466	0.519	0.339	125.943	3108	2855
169	0.129	100.336	60.795	1.353	100.076	60.642	0.508	0.318	0.514	0.320	5.064	4737	2865
170	0.121	17.388	60.944	1.311	17.187	60.727	0.381	0.423	0.468	0.328	53.904	823	2869
171	0.145	15.166	61.043	1.461	14.922	60.833	0.487	0.423	0.528	0.350	142.177	709	2874
172	0.127	20.885	61.251	1.359	20.701	61.002	0.360	0.487	0.513	0.314	62.098	989	2882
173	0.121	20.179	61.333	1.323	19.960	61.150	0.444	0.360	0.482	0.321	26.187	954	2889
174	0.130	101.926	61.435	1.388	101.727	61.214	0.402	0.466	0.515	0.322	53.287	4817	2892
175	0.122	27.661	61.918	1.329	27.432	61.743	0.466	0.360	0.482	0.322	158.441	1301	2917
176	0.163	48.734	62.236	1.618	48.450	62.040	0.572	0.402	0.588	0.352	21.639	2303	2931
177	0.123	125.852	62.195	1.359	125.603	62.040	0.508	0.318	0.499	0.313	7.890	5942	2931
178	0.126	120.232	62.259	1.366	119.973	62.103	0.487	0.339	0.479	0.336	2.126	5677	2934
179	0.138	25.840	62.395	1.396	25.590	62.230	0.508	0.339	0.520	0.339	11.837	1218	2940
180	0.138	54.163	62.508	1.431	53.933	62.294	0.444	0.444	0.516	0.341	135.109	2552	2943
181	0.121	103.558	62.458	1.329	103.314	62.294	0.487	0.339	0.467	0.331	172.559	4887	2943
182	0.138	98.970	63.055	1.408	98.806	62.802	0.339	0.508	0.532	0.330	104.279	4671	2967
183	0.120	62.628	63.159	1.316	62.442	62.928	0.381	0.444	0.496	0.308	126.949	2953	2973
184	0.127	55.174	63.499	1.366	54.928	63.331	0.508	0.318	0.518	0.313	4.786	2608	2992
185	0.142	101.652	63.718	1.453	101.431	63.479	0.466	0.444	0.540	0.334	137.470	4797	2999
186	0.127	47.759	63.673	1.348	47.519	63.521	0.487	0.318	0.499	0.325	8.175	2252	3001
187	0.121	123.119	64.068	1.316	122.872	63.902	0.487	0.339	0.481	0.319	167.555	5812	3019
188	0.130	45.311	64.095	1.366	45.064	63.923	0.487	0.339	0.495	0.335	4.394	2139	3020
189	0.122	36.108	64.434	1.346	35.899	64.198	0.402	0.444	0.473	0.328	48.993	1710	3033
190	0.143	69.876	64.617	1.468	69.723	64.326	0.318	0.572	0.565	0.323	95.045	3298	3039
191	0.118	17.748	64.708	1.281	17.590	64.474	0.318	0.466	0.479	0.315	104.699	834	3046
192	0.128	30.793	65.231	1.341	30.565	65.045	0.466	0.360	0.483	0.336	161.197	1449	3073
193	0.129	47.904	65.350	1.371	47.752	65.088	0.318	0.529	0.520	0.316	77.697	2263	3075
194	0.133	112.118	65.538	1.388	111.866	65.363	0.508	0.360	0.490	0.344	174.672	5292	3088
195	0.120	96.560	65.849	1.304	96.372	65.638	0.381	0.444	0.459	0.332	59.047	4562	3101
196	0.144	38.590	65.878	1.508	38.333	65.659	0.508	0.444	0.536	0.343	30.888	1827	3102
197	0.123	27.757	66.008	1.364	27.517	65.807	0.466	0.381	0.510	0.308	29.187	1316	3109
198	0.127	114.742	66.461	1.341	114.533	66.252	0.423	0.402	0.493	0.328	135.762	5414	3130
199	0.142	40.160	66.728	1.443	39.942	66.506	0.444	0.444	0.540	0.334	47.274	1898	3142
200	0.110	53.325	66.878	1.256	53.086	66.717	0.466	0.318	0.462	0.304	169.370	2515	3152
201	0.120	111.933	67.415	1.329	111.696	67.268	0.487	0.318	0.486	0.315	5.047	5283	3178
202	0.127	77.569	67.899	1.341	77.343	67.712	0.466	0.360	0.494	0.328	154.998	3658	3199
203	0.147	29.204	67.951	1.498	28.977	67.733	0.466	0.444	0.542	0.346	46.499	1381	3200
204	0.125	80.371	68.162	1.353	80.200	67.924	0.339	0.487	0.478	0.332	77.674	3798	3209
205	0.120	54.317	68.463	1.304	54.081	68.284	0.466	0.360	0.482	0.316	27.629	2566	3226
206	0.129	67.450	68.880	1.418	67.268	68.622	0.360	0.508	0.532	0.310	109.657	3182	3242
207	0.050	30.243	68.942	0.945	30.078	68.855	0.360	0.190	0.366	0.175	4.566	1424	3253
208	0.123	97.519	69.263	1.364	97.303	69.067	0.423	0.423	0.504	0.310	135.911	4598	3263
209	0.125	49.547	69.467	1.359	49.340	69.236	0.402	0.444	0.511	0.313	48.623	2345	3271
210	0.129	23.252	69.777	1.371	23.008	69.596	0.487	0.360	0.494	0.333	19.803	1099	3288
211	0.131	46.120	70.018	1.376	45.910	69.786	0.423	0.444	0.521	0.319	48.756	2181	3297
212	0.122	54.433	70.008	1.311	54.250	69.786	0.360	0.444	0.476	0.327	63.094	2571	3297
213	0.113	57.896	70.167	1.281	57.700	69.956	0.381	0.402	0.466	0.310	50.651	2736	3305
214	0.123	71.517	70.194	1.346	71.289	69.977	0.444	0.402	0.489	0.321	39.720	3381	3306
215	0.123	30.443	70.257	1.346	30.205	70.062	0.466	0.381	0.487	0.322	31.933	1440	3310
216	0.127	68.570	70.547	1.366	68.390	70.294	0.339	0.487	0.511	0.317	71.453	3240	3321
217	0.128	113.765	70.517	1.371	113.517	70.358	0.508	0.339	0.514	0.317	167.014	5366	3324
218	0.127	45.433	70.681	1.388	45.254	70.422	0.360	0.508	0.516	0.313	74.934	2145	3327
219	0.118	81.015	70.723	1.276	80.793	70.570	0.444	0.318	0.461	0.326	169.849	3821	3334
220	0.120	104.841	70.842	1.323	104.648	70.612	0.360	0.444	0.487	0.314	59.743	4955	3336
221	0.140	58.754	70.913	1.418	58.505	70.718	0.508	0.381	0.526	0.338	153.909	2768	3341
222	0.123	85.178	70.888	1.311	84.921	70.739	0.487	0.318	0.483	0.324	175.649	4018	3342
223	0.126	21.453	71.895	1.359	21.272	71.670	0.381	0.466	0.513	0.312	56.829	1014	3386
224	0.135	67.388	72.612	1.421	67.225	72.348	0.318	0.529	0.537	0.321	96.150	3181	3418
225	0.128	15.910	73.011	1.336	15.663	72.856	0.487	0.318	0.494	0.330	1.321	746	3442
226	0.151	84.248	73.356	1.480	84.074	73.088	0.360	0.529	0.560	0.344	106.938	3975	3453
227	0.152	90.111	73.584	1.498	89.937	73.300	0.339	0.572	0.563	0.344	89.580	4255	3463
228	0.126	78.155	73.906	1.388	77.978	73.639	0.381	0.487	0.517	0.310	117.938	3688	3479
229	0.123	17.510	73.965	1.304	17.272	73.787	0.466	0.360	0.461	0.340	14.618	826	3486
230	0.141	68.756	74.145	1.431	68.538	73.935	0.444	0.444	0.525	0.342	43.378	3248	3493
231	0.146	45.415	74.553	1.461	45.233	74.295	0.381	0.529	0.524	0.355	78.845	2143	3510
232	0.115	41.137	74.723	1.274	40.894	74.549	0.466	0.339	0.458	0.319	167.529	1941	3522
233	0.113	113.777	75.295	1.249	113.580	75.099	0.402	0.402	0.455	0.316	137.588	5369	3548
234	0.113	43.103	75.333	1.256	42.884	75.163	0.444	0.339	0.440	0.326	156.661	2029	3551
235	0.126	17.190	75.387	1.376	16.954	75.205	0.487	0.360	0.472	0.341	178.200	811	3553
236	0.135	20.552	75.513	1.408	20.299	75.353	0.508	0.339	0.512	0.335	173.905	964	3560
237	0.129	105.316	75.654	1.383	105.156	75.417	0.339	0.487	0.498	0.331	78.149	4973	3563
238	0.142	70.578	75.826	1.426	70.422	75.565	0.339	0.529	0.532	0.341	95.993	3329	3570
239	0.120	64.445	76.137	1.311	64.283	75.904	0.318	0.487	0.488	0.313	82.648	3043	3586
240	0.129	82.059	76.253	1.383	81.894	75.988	0.339	0.508	0.521	0.316	107.069	3874	3590
241	0.127	83.923	76.306	1.334	83.735	76.073	0.381	0.466	0.501	0.323	122.456	3959	3594
242	0.133	109.414	76.450	1.383	109.199	76.242	0.444	0.402	0.508	0.332	144.852	5163	3602
243	0.054	33.366	76.445	0.883	33.210	76.306	0.296	0.275	0.316	0.217	35.051	1576	3605
244	0.130	51.887	76.892	1.396	51.626	76.729	0.508	0.339	0.515	0.322	11.357	2450	3625
245	0.136	89.145	77.023	1.426	88.900	76.835	0.508	0.360	0.547	0.317	158.797	4204	3630
246	0.148	106.011	77.120	1.486	105.833	76.835	0.360	0.550	0.546	0.346	91.461	5005	3630
247	0.124	61.937	77.307	1.376	61.680	77.152	0.508	0.360	0.489	0.322	171.522	2921	3645
248	0.123	42.517	77.403	1.311	42.291	77.216	0.444	0.360	0.484	0.324	153.850	2003	3648
249	0.142	23.968	77.474	1.401	23.728	77.280	0.487	0.381	0.485	0.372	173.555	1128	3651
250	0.123	35.709	77.491	1.311	35.475	77.322	0.466	0.339	0.472	0.333	15.870	1683	3653
251	0.110	107.291	77.805	1.244	107.103	77.597	0.381	0.402	0.471	0.298	131.411	5063	3666
252	0.138	84.663	78.203	1.478	84.476	77.936	0.381	0.529	0.566	0.310	115.763	3994	3682
253	0.126	73.689	78.679	1.341	73.448	78.507	0.487	0.339	0.496	0.324	12.484	3481	3709
254	0.121	105.851	78.693	1.329	105.600	78.528	0.487	0.339	0.477	0.323	170.405	4999	3710
255	0.122	92.850	80.139	1.329	92.689	79.883	0.318	0.508	0.514	0.302	106.055	4383	3774
256	0.129	74.002	80.123	1.383	73.745	79.968	0.508	0.339	0.514	0.319	169.655	3488	3778
257	0.129	51.366	80.524	1.371	51.118	80.370	0.487	0.339	0.492	0.333	177.848	2421	3797
258	0.134	122.018	80.623	1.383	121.772	80.454	0.487	0.360	0.503	0.339	163.601	5756	3801
259	0.124	84.995	80.715	1.376	84.815	80.476	0.360	0.487	0.506	0.312	112.795	4012	3802
260	0.102	60.444	81.887	1.234	60.219	81.746	0.444	0.296	0.449	0.290	2.473	2852	3862
261	0.153	34.114	82.051	1.521	33.867	81.809	0.466	0.487	0.550	0.355	47.723	1614	3865
262	0.125	93.944	82.173	1.366	93.768	81.936	0.360	0.466	0.515	0.310	118.202	4433	3871
263	0.139	11.953	82.140	1.401	11.705	81.957	0.487	0.381	0.495	0.358	162.684	558	3872
264	0.121	30.745	82.277	1.329	30.544	82.042	0.381	0.444	0.494	0.313	55.384	1454	3876
265	0.128	65.878	82.341	1.448	65.574	82.169	0.550	0.339	0.508	0.321	7.853	3112	3882
266	0.129	85.404	82.566	1.378	85.238	82.317	0.318	0.508	0.506	0.323	94.218	4033	3889
267	0.140	64.996	82.639	1.448	64.728	82.465	0.529	0.360	0.512	0.348	171.737	3065	3896
268	0.136	49.261	82.935	1.448	48.980	82.740	0.529	0.381	0.517	0.334	23.807	2328	3909
269	0.104	78.045	83.519	1.244	77.830	83.333	0.423	0.360	0.469	0.284	145.123	3681	3937
270	0.134	86.855	83.582	1.466	86.635	83.333	0.444	0.487	0.560	0.305	130.259	4095	3937
271	0.117	111.481	83.592	1.286	111.273	83.397	0.423	0.381	0.469	0.317	142.759	5260	3940
272	0.121	61.918	83.731	1.334	61.722	83.502	0.381	0.466	0.517	0.298	124.504	2919	3945
273	0.164	96.820	83.792	1.667	96.647	83.502	0.360	0.614	0.606	0.345	79.003	4574	3945
274	0.164	73.853	83.745	1.642	73.554	83.566	0.572	0.402	0.599	0.348	156.944	3477	3948
275	0.119	61.093	83.846	1.316	60.875	83.651	0.444	0.381	0.481	0.316	35.860	2887	3952
276	0.124	65.124	83.963	1.346	64.897	83.756	0.444	0.402	0.508	0.311	40.700	3078	3957
277	0.138	93.132	84.301	1.456	92.879	84.116	0.529	0.360	0.546	0.322	159.110	4391	3974
278	0.122	96.472	84.532	1.334	96.224	84.349	0.487	0.360	0.495	0.313	21.392	4562	3985
279	0.123	61.452	84.587	1.311	61.256	84.392	0.402	0.402	0.479	0.326	44.372	2902	3987
280	0.131	88.944	84.864	1.371	88.752	84.624	0.360	0.487	0.495	0.336	107.201	4198	3998
281	0.124	49.808	84.976	1.341	49.636	84.730	0.339	0.487	0.492	0.321	103.351	2350	4003
282	0.127	81.225	85.030	1.383	81.068	84.773	0.339	0.508	0.519	0.311	103.652	3833	4005
283	0.129	60.864	85.145	1.359	60.642	84.942	0.444	0.402	0.495	0.332	37.887	2876	4013
284	0.135	55.779	85.372	1.418	55.584	85.111	0.402	0.487	0.520	0.330	60.939	2637	4021
285	0.109	65.443	85.381	1.264	65.299	85.154	0.296	0.466	0.477	0.290	101.781	3087	4023
286	0.116	68.647	85.489	1.286	68.474	85.259	0.339	0.466	0.492	0.301	114.579	3239	4028
287	0.121	75.600	85.692	1.376	75.374	85.513	0.487	0.360	0.512	0.302	155.076	3563	4040
288	0.116	93.450	85.695	1.306	93.197	85.556	0.487	0.296	0.498	0.296	3.261	4410	4042
289	0.123	86.804	85.864	1.371	86.593	85.662	0.444	0.381	0.498	0.314	149.085	4093	4047
290	0.126	59.517	85.917	1.364	59.288	85.704	0.444	0.423	0.503	0.320	37.546	2816	4049
291	0.071	62.168	86.233	1.064	62.018	86.064	0.318	0.339	0.381	0.238	121.294	2931	4066
292	0.116	112.397	86.439	1.299	112.204	86.233	0.423	0.381	0.468	0.315	142.942	5303	4074
293	0.149	116.157	86.496	1.461	115.909	86.296	0.487	0.423	0.548	0.347	146.797	5478	4077
294	0.121	80.215	86.748	1.346	80.031	86.508	0.402	0.444	0.522	0.295	128.877	3783	4087
295	0.096	77.820	86.743	1.214	77.597	86.593	0.466	0.296	0.464	0.264	162.221	3670	4091
296	0.103	75.141	86.951	1.226	74.972	86.741	0.339	0.423	0.439	0.299	115.827	3546	4098
297	0.042	41.041	86.886	0.810	40.915	86.762	0.254	0.254	0.298	0.178	40.614	1941	4099
298	0.137	89.168	87.321	1.413	88.900	87.164	0.529	0.339	0.520	0.335	3.543	4209	4118
299	0.122	19.519	87.561	1.316	19.304	87.376	0.466	0.360	0.452	0.344	16.939	919	4128
300	0.121	22.649	87.592	1.339	22.416	87.397	0.466	0.381	0.483	0.319	28.574	1072	4129
301	0.129	53.157	87.717	1.376	52.959	87.482	0.402	0.466	0.506	0.326	51.809	2515	4133
302	0.116	109.475	87.834	1.316	109.305	87.588	0.339	0.487	0.501	0.296	113.476	5168	4138
303	0.124	106.415	87.884	1.388	106.236	87.630	0.360	0.508	0.523	0.301	109.284	5023	4140
304	0.137	56.121	87.995	1.418	55.922	87.757	0.402	0.487	0.516	0.338	57.827	2653	4146
305	0.123	60.280	88.167	1.334	60.050	87.969	0.444	0.402	0.494	0.317	38.364	2849	4156
306	0.110	80.858	88.201	1.323	80.687	87.969	0.339	0.466	0.482	0.290	70.707	3822	4156
307	0.119	96.377	88.218	1.329	96.160	88.011	0.423	0.402	0.476	0.319	39.611	4560	4158
308	0.116	59.059	88.465	1.316	58.864	88.223	0.360	0.466	0.481	0.306	62.344	2794	4168
309	0.119	85.576	88.460	1.316	85.408	88.223	0.339	0.487	0.485	0.312	69.973	4042	4168
310	0.128	34.793	88.580	1.371	34.586	88.350	0.402	0.444	0.518	0.314	51.055	1646	4174
311	0.125	77.842	88.823	1.371	77.682	88.561	0.318	0.529	0.516	0.310	101.293	3676	4184
312	0.116	117.392	89.074	1.299	117.158	88.900	0.466	0.339	0.476	0.309	156.002	5540	4200
313	0.133	40.327	89.440	1.406	40.132	89.175	0.381	0.508	0.536	0.316	64.318	1907	4213
314	0.121	108.234	89.520	1.321	108.056	89.281	0.381	0.466	0.474	0.326	121.663	5109	4218
315	0.125	89.118	89.658	1.359	88.900	89.450	0.444	0.402	0.515	0.308	144.950	4202	4226
316	0.127	91.562	89.762	1.371	91.292	89.598	0.508	0.339	0.500	0.324	6.171	4324	4233
317	0.129	61.119	89.970	1.348	60.960	89.726	0.318	0.487	0.503	0.328	81.750	2886	4239
318	0.129	99.808	89.939	1.359	99.568	89.747	0.466	0.381	0.505	0.324	149.606	4709	4240
319	0.114	60.090	89.933	1.286	59.859	89.768	0.466	0.339	0.476	0.305	18.685	2839	4241
320	0.122	81.540	90.028	1.329	81.301	89.852	0.466	0.360	0.483	0.322	152.053	3845	4245
321	0.122	103.084	90.324	1.329	102.934	90.064	0.318	0.508	0.493	0.316	87.066	4868	4255
322	0.123	34.579	90.496	1.353	34.396	90.255	0.360	0.466	0.463	0.338	78.695	1633	4264
323	0.135	94.378	90.591	1.366	94.128	90.424	0.487	0.339	0.502	0.342	2.536	4455	4272
324	0.125	79.429	90.909	1.359	79.248	90.657	0.360	0.487	0.503	0.318	110.063	3750	4283
325	0.124	92.618	90.944	1.346	92.435	90.699	0.381	0.466	0.495	0.318	121.497	4371	4285
326	0.127	87.846	91.197	1.371	87.672	90.953	0.360	0.487	0.511	0.316	110.940	4146	4297
327	0.137	50.638	91.274	1.408	50.440	91.038	0.381	0.466	0.506	0.345	65.106	2391	4301
328	0.124	85.117	91.408	1.329	84.942	91.165	0.339	0.487	0.504	0.312	112.336	4017	4307
329	0.126	74.298	91.633	1.378	74.147	91.355	0.296	0.529	0.531	0.302	85.009	3510	4316
330	0.126	115.284	91.618	1.399	115.062	91.398	0.402	0.466	0.431	0.372	73.828	5447	4318
331	0.148	126.622	92.022	1.491	126.386	91.779	0.466	0.466	0.541	0.348	136.014	5976	4336
332	0.127	15.181	91.994	1.346	14.944	91.800	0.466	0.381	0.487	0.331	21.500	720	4337
333	0.132	27.158	92.041	1.388	26.945	91.821	0.423	0.444	0.512	0.327	45.175	1285	4338
334	0.117	31.898	92.292	1.323	31.708	92.075	0.381	0.423	0.485	0.307	57.294	1507	4350
335	0.117	104.056	92.354	1.359	103.886	92.096	0.339	0.508	0.516	0.288	107.846	4913	4351
336	0.128	46.012	92.379	1.364	45.762	92.202	0.508	0.360	0.509	0.320	23.225	2173	4356
337	0.112	90.895	92.479	1.269	90.678	92.329	0.466	0.318	0.460	0.311	177.422	4288	4362
338	0.136	93.540	93.156	1.443	93.260	92.985	0.550	0.339	0.551	0.314	11.114	4420	4393
339	0.130	112.973	93.253	1.364	112.776	93.006	0.381	0.487	0.500	0.331	118.334	5335	4394
340	0.121	91.640	93.363	1.346	91.419	93.176	0.444	0.381	0.497	0.309	30.848	4331	4402
341	0.128	62.322	93.484	1.396	62.166	93.218	0.318	0.529	0.539	0.303	76.947	2944	4404
342	0.122	97.503	93.500	1.341	97.240	93.345	0.508	0.318	0.512	0.304	9.424	4605	4410
343	0.136	92.175	93.908	1.431	91.906	93.726	0.529	0.360	0.546	0.317	23.243	4356	4428
344	0.104	74.847	94.037	1.232	74.676	93.811	0.339	0.444	0.445	0.298	109.886	3533	4432
345	0.155	57.042	94.204	1.528	56.875	93.916	0.339	0.593	0.585	0.337	98.595	2691	4437
346	0.120	100.519	94.495	1.351	100.288	94.276	0.423	0.444	0.503	0.304	130.629	4744	4454
347	0.116	89.033	94.458	1.318	88.794	94.319	0.487	0.296	0.502	0.295	169.989	4196	4456
348	0.113	67.111	95.077	1.286	66.950	94.827	0.318	0.487	0.473	0.304	97.266	3169	4480
349	0.128	91.539	95.210	1.376	91.292	95.038	0.487	0.360	0.494	0.330	15.154	4326	4490
350	0.105	99.771	95.724	1.221	99.632	95.504	0.296	0.444	0.456	0.294	89.461	4711	4512
351	0.120	33.519	95.730	1.304	33.295	95.546	0.466	0.360	0.478	0.319	26.901	1584	4514
352	0.122	59.550	95.851	1.341	59.394	95.589	0.318	0.508	0.516	0.302	75.932	2813	4516
353	0.124	95.199	95.969	1.364	94.975	95.758	0.444	0.423	0.504	0.313	138.504	4494	4524
354	0.103	117.217	96.006	1.244	117.073	95.779	0.318	0.466	0.457	0.287	102.545	5534	4525
355	0.127	101.746	96.121	1.376	101.536	95.885	0.423	0.444	0.509	0.317	128.920	4801	4530
356	0.130	64.248	96.170	1.371	64.072	95.927	0.360	0.487	0.515	0.321	115.268	3030	4532
357	0.128	91.816	96.365	1.396	91.652	96.097	0.339	0.508	0.517	0.314	77.802	4339	4540
358	0.123	63.095	96.422	1.329	62.928	96.181	0.339	0.487	0.501	0.312	112.146	2976	4544
359	0.129	68.187	96.424	1.361	68.030	96.181	0.318	0.487	0.509	0.323	90.317	3218	4544
360	0.118	73.077	96.709	1.311	72.898	96.478	0.339	0.466	0.482	0.311	108.559	3448	4558
361	0.121	55.859	97.216	1.299	55.690	96.986	0.339	0.466	0.471	0.327	102.392	2635	4582
362	0.145	88.701	97.334	1.523	88.540	97.049	0.318	0.572	0.569	0.324	90.506	4189	4585
363	0.120	113.208	97.292	1.323	113.051	97.049	0.318	0.487	0.503	0.304	75.272	5348	4585
364	0.133	59.682	97.382	1.406	59.457	97.155	0.444	0.444	0.512	0.330	45.206	2823	4590
365	0.131	60.752	97.470	1.413	60.558	97.240	0.402	0.466	0.518	0.323	53.522	2870	4594
366	0.130	18.814	97.568	1.394	18.563	97.346	0.466	0.423	0.519	0.320	43.170	890	4599
367	0.138	70.496	97.612	1.421	70.337	97.346	0.318	0.529	0.545	0.322	84.568	3329	4599
368	0.111	39.592	97.654	1.264	39.434	97.430	0.318	0.444	0.463	0.304	68.024	1870	4603
369	0.122	47.093	97.889	1.329	46.905	97.642	0.360	0.466	0.491	0.316	63.667	2226	4613
370	0.154	76.545	98.185	1.496	76.327	97.917	0.444	0.508	0.562	0.348	128.807	3610	4626
371	0.123	83.138	98.238	1.341	82.973	97.980	0.318	0.508	0.503	0.311	78.808	3928	4629
372	0.130	84.299	98.696	1.376	84.074	98.488	0.466	0.402	0.512	0.323	144.159	3975	4653
373	0.113	59.070	98.658	1.323	58.822	98.510	0.487	0.296	0.497	0.291	9.690	2788	4654
374	0.106	108.152	98.820	1.226	107.971	98.616	0.360	0.402	0.439	0.308	127.236	5105	4659
375	0.119	116.573	98.859	1.304	116.396	98.616	0.339	0.466	0.468	0.323	80.018	5506	4659
376	0.158	51.634	99.076	1.523	51.456	98.806	0.360	0.550	0.576	0.349	73.701	2438	4668
377	0.128	32.679	99.155	1.376	32.470	98.933	0.423	0.423	0.485	0.337	49.332	1544	4674
378	0.131	90.493	99.268	1.401	90.318	98.996	0.339	0.529	0.530	0.314	74.657	4277	4677
379	0.128	58.518	99.269	1.366	58.357	99.018	0.318	0.508	0.515	0.317	101.826	2761	4678
380	0.094	88.401	99.232	1.214	88.223	99.039	0.360	0.402	0.450	0.265	129.619	4171	4679
381	0.134	56.314	99.669	1.371	56.134	99.420	0.360	0.487	0.490	0.347	107.038	2658	4697
382	0.119	102.148	99.629	1.286	101.960	99.420	0.402	0.402	0.457	0.332	135.362	4821	4697
383	0.136	55.056	99.704	1.438	54.885	99.441	0.339	0.529	0.535	0.323	81.192	2600	4698
384	0.142	37.473	99.704	1.453	37.232	99.462	0.466	0.444	0.538	0.335	43.628	1773	4699
385	0.133	36.514	99.826	1.406	36.280	99.610	0.466	0.423	0.514	0.329	37.171	1728	4706
386	0.134	74.701	99.896	1.401	74.528	99.632	0.339	0.508	0.520	0.327	79.434	3530	4707
387	0.121	103.758	100.364	1.341	103.568	100.140	0.402	0.423	0.490	0.313	127.114	4896	4731
388	0.106	91.543	100.460	1.286	91.377	100.203	0.318	0.487	0.475	0.285	78.776	4324	4734
389	0.155	108.458	100.398	1.533	108.183	100.203	0.572	0.381	0.582	0.339	160.764	5116	4734
390	0.125	70.663	100.459	1.351	70.443	100.245	0.444	0.423	0.518	0.307	137.999	3332	4736
391	0.121	83.385	100.601	1.311	83.206	100.394	0.360	0.444	0.473	0.325	114.746	3933	4743
392	0.129	69.589	101.057	1.376	69.342	100.838	0.466	0.402	0.509	0.323	38.052	3290	4764
393	0.105	70.256	101.503	1.209	70.083	101.304	0.339	0.402	0.436	0.306	61.406	3318	4786
394	0.129	58.768	101.677	1.341	58.568	101.473	0.402	0.423	0.480	0.342	48.843	2776	4794
395	0.128	104.751	101.710	1.346	104.563	101.473	0.381	0.466	0.509	0.319	122.580	4944	4794
396	0.119	93.466	101.800	1.329	93.303	101.558	0.339	0.487	0.487	0.312	93.821	4413	4798
397	0.125	101.429	102.958	1.341	101.240	102.722	0.360	0.466	0.492	0.325	118.618	4788	4853
398	0.133	87.960	103.034	1.438	87.799	102.764	0.318	0.529	0.527	0.322	91.260	4156	4855
399	0.221	106.416	103.130	1.894	106.172	102.828	0.487	0.614	0.648	0.435	110.618	5019	4858
400	0.122	80.770	103.122	1.378	80.582	102.891	0.360	0.466	0.478	0.325	62.822	3820	4861
401	0.133	31.043	103.285	1.394	30.798	103.082	0.487	0.402	0.514	0.329	148.398	1461	4870
402	0.116	71.106	103.414	1.316	70.951	103.166	0.318	0.508	0.488	0.302	79.612	3358	4874
403	0.128	73.737	104.343	1.371	73.512	104.140	0.444	0.402	0.491	0.332	40.501	3484	4920
404	0.136	102.681	104.548	1.388	102.468	104.330	0.444	0.423	0.519	0.334	140.801	4844	4929
405	0.122	87.174	104.711	1.431	87.016	104.415	0.318	0.550	0.543	0.287	87.634	4117	4933
406	0.125	83.642	104.953	1.366	83.481	104.690	0.318	0.508	0.523	0.304	105.387	3949	4946
407	0.126	61.700	105.001	1.383	61.553	104.733	0.296	0.550	0.539	0.298	94.916	2913	4948
408	0.133	96.939	105.109	1.396	96.774	104.838	0.318	0.529	0.525	0.322	90.698	4579	4953
409	0.124	42.323	105.313	1.376	42.058	105.135	0.508	0.360	0.495	0.319	23.681	1999	4967
410	0.128	123.439	105.360	1.364	123.211	105.156	0.444	0.423	0.507	0.322	138.101	5824	4968
411	0.133	66.508	105.705	1.436	66.294	105.474	0.423	0.466	0.547	0.310	48.181	3145	4983
412	0.127	77.699	106.220	1.448	77.534	105.939	0.339	0.550	0.549	0.295	106.173	3668	5005
413	0.129	26.399	107.005	1.371	26.226	106.765	0.339	0.487	0.489	0.337	92.024	1244	5044
414	0.129	61.988	107.052	1.334	61.807	106.807	0.360	0.487	0.476	0.347	104.406	2926	5046
415	0.113	38.499	107.424	1.334	38.227	107.252	0.508	0.339	0.470	0.306	16.693	1818	5067
416	0.140	60.983	108.387	1.413	60.770	108.162	0.423	0.444	0.527	0.339	48.418	2883	5110
417	0.142	48.650	108.562	1.496	48.450	108.310	0.402	0.529	0.550	0.329	62.373	2298	5117
418	0.141	119.376	108.528	1.431	119.126	108.331	0.487	0.402	0.523	0.344	28.630	5640	5118
419	0.128	90.956	108.613	1.364	90.720	108.416	0.466	0.402	0.513	0.318	33.513	4299	5122
420	0.134	119.671	108.830	1.359	119.465	108.606	0.402	0.444	0.471	0.362	62.021	5653	5131
421	0.115	79.359	109.027	1.299	79.184	108.797	0.360	0.444	0.471	0.311	115.076	3746	5140
422	0.120	96.231	109.111	1.323	96.076	108.860	0.318	0.487	0.499	0.305	81.813	4546	5143
423	0.134	123.203	109.280	1.376	123.000	109.051	0.402	0.466	0.511	0.333	56.139	5820	5152
424	0.123	43.319	109.460	1.341	43.074	109.284	0.466	0.360	0.492	0.319	21.521	2047	5163
425	0.120	100.368	109.635	1.281	100.203	109.410	0.339	0.444	0.457	0.333	71.713	4741	5169
426	0.116	88.147	109.748	1.329	87.884	109.580	0.508	0.318	0.496	0.299	5.362	4166	5177
427	0.147	100.585	110.028	1.443	100.351	109.813	0.466	0.423	0.529	0.355	40.042	4752	5188
428	0.128	89.209	110.847	1.403	89.048	110.596	0.318	0.508	0.525	0.310	80.115	4215	5225
429	0.127	76.037	110.857	1.364	75.840	110.617	0.402	0.466	0.498	0.324	122.073	3587	5226
430	0.110	81.548	110.915	1.281	81.365	110.702	0.360	0.423	0.480	0.291	55.836	3853	5230
431	0.122	83.206	111.189	1.359	82.973	110.998	0.444	0.381	0.469	0.331	29.680	3932	5244
432	0.125	69.200	111.267	1.341	69.024	111.040	0.360	0.466	0.478	0.332	69.821	3269	5246
433	0.128	47.786	111.411	1.364	47.583	111.188	0.423	0.444	0.502	0.324	48.518	2259	5253
434	0.131	119.512	111.513	1.426	119.274	111.337	0.487	0.360	0.506	0.330	159.386	5637	5260
435	0.131	86.781	111.989	1.401	86.508	111.824	0.529	0.339	0.529	0.315	163.641	4092	5283
436	0.128	113.144	112.178	1.401	112.903	111.993	0.466	0.381	0.501	0.325	26.979	5347	5291
437	0.126	35.817	112.496	1.359	35.560	112.332	0.508	0.339	0.503	0.318	161.091	1685	5307
438	0.147	58.320	112.696	1.478	58.124	112.437	0.381	0.529	0.533	0.351	75.852	2755	5312
439	0.140	40.321	112.777	1.443	40.111	112.543	0.402	0.487	0.535	0.334	57.747	1906	5317
440	0.123	46.918	112.773	1.383	46.651	112.586	0.487	0.360	0.508	0.309	27.985	2218	5319
441	0.153	48.006	113.354	1.498	47.731	113.178	0.550	0.360	0.567	0.343	165.414	2259	5347
442	0.128	73.353	113.684	1.364	73.110	113.496	0.487	0.381	0.499	0.327	151.354	3458	5362
443	0.111	25.797	114.061	1.286	25.590	113.856	0.402	0.402	0.470	0.299	132.977	1214	5379
444	0.120	106.270	114.177	1.304	106.087	113.940	0.360	0.466	0.478	0.320	111.981	5017	5383
445	0.156	123.107	114.317	1.558	122.851	114.110	0.529	0.402	0.556	0.358	154.238	5810	5391
446	0.146	92.395	114.374	1.443	92.139	114.194	0.529	0.360	0.532	0.350	0.348	4362	5395
447	0.134	47.406	115.182	1.371	47.159	114.998	0.487	0.360	0.499	0.341	8.415	2242	5433
448	0.134	58.179	115.200	1.424	57.933	114.998	0.487	0.402	0.508	0.335	35.956	2749	5433
449	0.223	74.081	115.260	1.924	73.766	114.998	0.635	0.529	0.671	0.424	136.800	3490	5433
450	0.121	25.044	115.293	1.334	24.829	115.083	0.444	0.402	0.489	0.315	40.794	1187	5437
451	0.107	117.636	115.274	1.251	117.412	115.126	0.444	0.318	0.456	0.297	7.871	5560	5439
452	0.134	79.371	115.435	1.413	79.184	115.189	0.360	0.508	0.527	0.324	112.467	3745	5442
453	0.114	81.106	115.455	1.311	80.941	115.210	0.318	0.487	0.485	0.299	100.991	3831	5443
454	0.102	68.162	115.479	1.221	67.945	115.295	0.402	0.339	0.454	0.285	34.350	3222	5447
455	0.121	67.387	115.684	1.311	67.141	115.528	0.487	0.318	0.491	0.314	174.644	3180	5458
456	0.129	115.020	116.088	1.353	114.829	115.866	0.381	0.444	0.492	0.335	123.906	5429	5474
457	0.122	110.150	116.404	1.306	109.918	116.247	0.466	0.318	0.479	0.325	4.475	5201	5492
458	0.141	25.409	116.488	1.418	25.167	116.290	0.487	0.402	0.498	0.361	149.686	1193	5494
459	0.121	72.963	116.796	1.346	72.771	116.565	0.381	0.444	0.480	0.322	116.662	3443	5507
460	0.122	99.961	117.346	1.353	99.822	117.094	0.318	0.508	0.502	0.310	90.959	4718	5532
461	0.129	93.470	117.433	1.378	93.303	117.179	0.318	0.508	0.511	0.320	85.845	4416	5536
462	0.126	93.108	117.607	1.366	92.964	117.348	0.296	0.529	0.521	0.309	93.949	4396	5544
463	0.122	116.334	117.561	1.346	116.120	117.348	0.423	0.423	0.503	0.308	130.086	5489	5544
464	0.130	103.136	117.720	1.401	102.955	117.475	0.360	0.508	0.501	0.330	101.886	4868	5550
465	0.125	66.986	117.880	1.346	66.781	117.666	0.423	0.423	0.493	0.322	129.637	3158	5559
466	0.113	67.850	117.939	1.311	67.670	117.708	0.339	0.466	0.492	0.292	113.208	3201	5561
467	0.134	112.830	118.204	1.401	112.649	117.941	0.360	0.508	0.522	0.325	110.622	5328	5572
468	0.155	89.102	118.560	1.508	88.921	118.300	0.402	0.550	0.530	0.373	79.677	4206	5589
469	0.129	113.328	118.999	1.396	113.157	118.745	0.318	0.529	0.524	0.314	87.796	5353	5610
470	0.152	54.959	119.080	1.498	54.695	118.893	0.529	0.381	0.550	0.353	10.366	2597	5617
471	0.127	67.264	119.112	1.336	67.014	118.957	0.487	0.318	0.492	0.329	2.796	3172	5620
472	0.147	90.331	119.532	1.491	90.149	119.274	0.381	0.550	0.537	0.349	74.112	4269	5635
473	0.097	80.961	119.632	1.149	80.814	119.444	0.296	0.402	0.403	0.306	91.215	3821	5643
474	0.133	22.539	119.856	1.353	22.310	119.676	0.466	0.360	0.480	0.352	22.605	1063	5654
475	0.162	59.076	120.125	1.645	58.801	119.867	0.508	0.508	0.557	0.371	131.806	2784	5663
476	0.134	90.141	120.337	1.411	89.916	120.100	0.444	0.466	0.521	0.328	49.963	4260	5674
477	0.138	69.457	120.678	1.438	69.300	120.396	0.318	0.550	0.551	0.320	91.428	3281	5688
478	0.137	45.188	120.680	1.406	44.979	120.460	0.444	0.423	0.511	0.342	137.170	2128	5691
479	0.125	92.636	121.101	1.341	92.435	120.883	0.402	0.423	0.472	0.337	56.675	4376	5711
480	0.125	113.104	121.144	1.383	112.818	120.989	0.529	0.318	0.520	0.307	8.000	5342	5716
481	0.119	102.038	121.439	1.359	101.875	121.200	0.318	0.487	0.500	0.302	80.354	4818	5726
482	0.124	48.507	121.490	1.341	48.324	121.243	0.360	0.466	0.495	0.318	68.317	2292	5728
483	0.156	78.375	121.823	1.503	78.126	121.624	0.529	0.402	0.542	0.366	21.975	3702	5746
484	0.103	87.361	121.913	1.214	87.164	121.708	0.381	0.381	0.439	0.297	42.050	4129	5750
485	0.137	58.815	122.469	1.491	58.632	122.216	0.381	0.529	0.556	0.314	113.620	2773	5774
486	0.146	121.680	122.523	1.443	121.433	122.322	0.487	0.402	0.535	0.347	149.586	5741	5779
487	0.130	54.538	122.666	1.371	54.314	122.449	0.423	0.423	0.474	0.349	47.735	2577	5785
488	0.128	65.541	122.843	1.376	65.342	122.597	0.381	0.487	0.510	0.320	61.943	3099	5792
489	0.127	42.559	122.905	1.371	42.397	122.661	0.339	0.508	0.491	0.330	94.525	2010	5795
490	0.123	107.311	122.907	1.316	107.124	122.682	0.381	0.444	0.499	0.314	125.845	5064	5796
491	0.122	119.620	123.028	1.323	119.444	122.809	0.360	0.444	0.486	0.320	118.940	5645	5802
492	0.137	84.084	123.786	1.394	83.884	123.550	0.402	0.487	0.521	0.335	53.545	3974	5837
493	0.117	83.287	123.851	1.311	83.079	123.656	0.402	0.402	0.467	0.320	44.062	3937	5842
494	0.143	118.746	124.011	1.443	118.554	123.762	0.360	0.529	0.537	0.339	112.106	5605	5847
495	0.121	67.181	124.167	1.341	67.014	123.931	0.339	0.487	0.487	0.317	72.338	3174	5855
496	0.110	91.433	124.281	1.258	91.271	124.058	0.318	0.423	0.465	0.300	66.135	4320	5861
497	0.129	84.583	124.753	1.413	84.434	124.481	0.318	0.529	0.529	0.310	91.956	3994	5881
498	0.124	61.968	124.905	1.346	61.786	124.672	0.381	0.466	0.453	0.348	100.556	2926	5890
499	0.129	95.991	124.971	1.346	95.779	124.756	0.423	0.423	0.486	0.339	136.641	4529	5894
500	0.118	55.252	125.106	1.304	55.054	124.904	0.402	0.423	0.481	0.312	131.606	2603	5901
501	0.138	95.785	125.360	1.431	95.610	125.095	0.360	0.529	0.547	0.320	110.179	4521	5910
502	0.126	62.424	125.424	1.401	62.251	125.158	0.360	0.508	0.509	0.315	117.709	2943	5913
503	0.138	74.157	125.446	1.418	73.914	125.243	0.487	0.402	0.532	0.331	149.359	3498	5917
504	0.129	96.671	125.700	1.396	96.499	125.455	0.339	0.508	0.530	0.309	110.757	4562	5927
505	0.133	85.249	126.113	1.413	85.026	125.899	0.444	0.423	0.528	0.321	42.475	4029	5948
506	0.118	111.205	126.079	1.329	110.956	125.920	0.487	0.318	0.491	0.307	173.048	5250	5949
507	0.131	56.913	126.910	1.436	56.727	126.640	0.360	0.529	0.527	0.317	66.797	2692	5983
508	0.132	121.200	126.906	1.396	121.031	126.661	0.339	0.487	0.503	0.334	89.054	5722	5984
509	0.129	110.605	127.026	1.376	110.405	126.788	0.402	0.466	0.512	0.320	54.812	5228	5990
510	0.120	46.389	127.064	1.304	46.165	126.873	0.444	0.381	0.473	0.323	149.381	2188	5994
511	0.044	56.513	127.323	0.883	56.346	127.233	0.339	0.190	0.349	0.162	16.995	2668	6011
512	0.126	47.941	127.791	1.371	47.752	127.550	0.360	0.487	0.505	0.319	69.945	2267	6026
513	0.129	67.939	128.098	1.359	67.733	127.889	0.444	0.402	0.493	0.332	142.141	3202	6042
514	0.125	25.707	128.147	1.346	25.527	127.910	0.381	0.466	0.486	0.328	61.196	1215	6043
515	0.052	117.641	128.341	0.895	117.538	128.164	0.233	0.339	0.326	0.203	73.718	5556	6055
516	0.120	26.467	128.414	1.359	26.226	128.249	0.508	0.339	0.493	0.310	15.081	1249	6059
517	0.065	31.934	128.615	0.990	31.771	128.439	0.318	0.339	0.368	0.223	48.085	1510	6068
518	0.134	60.448	129.688	1.413	60.283	129.413	0.339	0.529	0.534	0.320	104.649	2852	6114
519	0.133	51.945	130.788	1.388	51.774	130.535	0.360	0.508	0.509	0.333	76.131	2452	6167
520	0.129	114.030	130.908	1.359	113.834	130.683	0.402	0.444	0.491	0.336	127.874	5381	6174
521	0.134	109.521	132.560	1.383	109.347	132.313	0.339	0.508	0.512	0.333	103.292	5170	6251
522	0.134	111.208	132.583	1.533	111.040	132.313	0.339	0.550	0.529	0.321	92.251	5250	6251
523	0.120	107.403	132.585	1.364	107.209	132.334	0.381	0.487	0.519	0.295	120.131	5069	6252
524	0.051	50.875	132.983	0.925	50.715	132.842	0.296	0.296	0.337	0.191	137.024	2399	6276
525	0.073	122.785	137.630	1.052	122.597	137.499	0.381	0.275	0.410	0.228	22.595	5802	6496
