 	Area	X	Y	Perim.	BX	BY	Width	Height	Major	Minor	Angle	XStart	YStart
1	0.228	30.098	3.399	1.792	29.824	3.133	0.529	0.550	0.552	0.527	133.655	1419	148
2	0.047	32.077	4.247	0.812	31.962	4.128	0.233	0.254	0.263	0.230	129.043	1512	195
3	0.116	32.580	13.709	1.424	32.385	13.462	0.444	0.466	0.532	0.277	128.816	1534	636
4	0.135	59.702	14.212	1.418	59.521	13.949	0.360	0.529	0.514	0.334	97.634	2819	659
5	0.119	56.299	14.406	1.336	56.155	14.160	0.296	0.508	0.511	0.296	91.163	2656	669
6	0.128	27.524	17.226	1.388	27.347	16.976	0.339	0.529	0.524	0.310	105.122	1297	802
7	0.149	38.933	17.364	1.515	38.735	17.103	0.402	0.529	0.590	0.322	118.990	1833	808
8	0.138	79.656	17.644	1.431	79.460	17.399	0.402	0.487	0.545	0.322	58.610	3764	822
9	0.110	69.534	17.692	1.286	69.363	17.462	0.339	0.466	0.454	0.309	105.780	3282	825
10	0.123	100.583	20.871	1.311	100.372	20.680	0.423	0.381	0.481	0.325	31.893	4753	977
11	0.153	25.451	21.280	1.515	25.273	20.976	0.339	0.593	0.578	0.336	85.990	1202	991
12	0.115	51.315	21.234	1.274	51.160	20.997	0.339	0.466	0.450	0.325	100.907	2422	992
13	0.157	23.550	22.127	1.610	23.347	21.844	0.423	0.593	0.622	0.322	59.601	1116	1032
14	0.146	50.075	22.975	1.456	49.911	22.712	0.339	0.550	0.548	0.339	89.390	2363	1073
15	0.150	64.773	23.614	1.503	64.516	23.410	0.550	0.381	0.565	0.338	158.411	3053	1106
16	0.156	105.695	23.709	1.538	105.431	23.474	0.508	0.466	0.564	0.352	40.509	4995	1109
17	0.147	61.289	24.373	1.503	61.024	24.130	0.487	0.444	0.551	0.340	42.310	2898	1140
18	0.127	45.046	25.874	1.383	44.810	25.675	0.466	0.381	0.486	0.334	157.113	2125	1213
19	0.151	76.894	26.377	1.563	76.708	26.098	0.381	0.572	0.591	0.324	109.140	3627	1233
20	0.147	27.603	26.506	1.498	27.347	26.310	0.508	0.402	0.541	0.346	150.963	1293	1243
21	0.124	59.288	26.642	1.401	59.055	26.458	0.487	0.360	0.537	0.294	152.612	2792	1250
22	0.134	41.055	27.219	1.408	40.894	26.945	0.318	0.529	0.531	0.321	96.877	1937	1273
23	0.155	78.377	27.262	1.508	78.126	27.030	0.508	0.444	0.560	0.351	34.743	3706	1277
24	0.127	72.889	27.570	1.396	72.644	27.411	0.529	0.318	0.525	0.307	171.759	3437	1295
25	0.129	85.147	28.075	1.436	84.963	27.792	0.381	0.529	0.560	0.292	121.994	4017	1313
26	0.149	28.165	28.452	1.573	27.961	28.173	0.466	0.529	0.575	0.329	128.901	1324	1331
27	0.144	54.248	28.847	1.473	53.975	28.638	0.508	0.402	0.560	0.327	33.724	2564	1353
28	0.127	26.149	29.011	1.388	25.972	28.766	0.381	0.466	0.494	0.327	118.483	1230	1359
29	0.138	49.435	29.284	1.431	49.234	29.041	0.423	0.466	0.537	0.328	129.999	2327	1372
30	0.124	15.911	29.286	1.359	15.706	29.062	0.402	0.444	0.515	0.307	53.011	754	1373
31	0.147	94.076	29.718	1.468	93.916	29.443	0.339	0.550	0.554	0.339	90.187	4443	1391
32	0.128	36.149	30.386	1.396	35.983	30.141	0.339	0.508	0.525	0.311	71.488	1707	1424
33	0.138	112.374	30.339	1.418	112.099	30.162	0.550	0.339	0.523	0.336	174.985	5306	1425
34	0.159	55.408	30.918	1.558	55.097	30.734	0.593	0.360	0.590	0.343	2.018	2621	1452
35	0.147	98.003	31.161	1.498	97.748	30.967	0.508	0.402	0.548	0.341	149.509	4619	1463
36	0.168	41.450	31.470	1.630	41.233	31.157	0.402	0.593	0.622	0.344	66.905	1962	1472
37	0.120	65.808	31.853	1.353	65.659	31.602	0.318	0.508	0.516	0.295	75.430	3109	1493
38	0.125	41.435	32.101	1.329	41.254	31.877	0.360	0.466	0.491	0.323	118.634	1952	1506
39	0.136	34.111	34.296	1.486	33.846	34.121	0.550	0.360	0.580	0.299	26.047	1613	1612
40	0.132	74.027	34.728	1.426	73.829	34.480	0.381	0.487	0.550	0.306	58.726	3498	1629
41	0.157	119.544	35.083	1.515	119.253	34.904	0.572	0.360	0.577	0.347	166.408	5641	1649
42	0.135	39.025	35.532	1.438	38.862	35.285	0.339	0.529	0.519	0.331	82.656	1841	1667
43	0.147	46.389	35.936	1.521	46.186	35.666	0.381	0.572	0.565	0.331	112.880	2189	1685
44	0.126	18.317	35.985	1.383	18.161	35.729	0.318	0.529	0.524	0.307	75.857	865	1688
45	0.145	21.702	36.398	1.486	21.421	36.216	0.550	0.360	0.566	0.326	162.187	1020	1711
46	0.140	20.442	36.557	1.461	20.214	36.322	0.444	0.466	0.557	0.320	49.561	969	1716
47	0.112	35.548	37.151	1.316	35.264	36.999	0.508	0.318	0.481	0.296	169.606	1677	1748
48	0.159	95.986	37.224	1.558	95.694	37.042	0.572	0.360	0.585	0.346	172.679	4531	1750
49	0.141	65.891	37.682	1.503	65.701	37.380	0.360	0.572	0.560	0.321	102.957	3111	1766
50	0.133	41.048	37.797	1.443	40.852	37.528	0.381	0.508	0.547	0.310	62.263	1942	1773
51	0.129	100.198	38.056	1.424	99.970	37.825	0.423	0.487	0.543	0.304	129.124	4728	1787
52	0.137	40.980	38.649	1.383	40.725	38.481	0.508	0.339	0.507	0.343	177.326	1932	1818
53	0.159	27.915	39.521	1.570	27.750	39.201	0.339	0.614	0.598	0.338	86.088	1319	1852
54	0.150	71.384	39.570	1.558	71.205	39.243	0.339	0.614	0.595	0.321	80.916	3374	1854
55	0.133	100.147	40.066	1.413	99.928	39.836	0.423	0.444	0.515	0.328	49.056	4735	1882
56	0.136	48.416	40.235	1.418	48.154	40.047	0.508	0.381	0.533	0.325	152.950	2281	1892
57	0.149	77.699	40.503	1.568	77.449	40.301	0.529	0.423	0.565	0.336	153.484	3662	1904
58	0.145	40.596	41.271	1.473	40.428	41.000	0.339	0.572	0.565	0.326	76.573	1917	1937
59	0.124	82.055	41.436	1.381	81.852	41.190	0.402	0.487	0.524	0.301	122.981	3874	1946
60	0.147	86.714	41.676	1.491	86.424	41.487	0.550	0.381	0.553	0.339	13.793	4098	1960
61	0.147	64.592	41.996	1.508	64.389	41.720	0.402	0.550	0.569	0.329	114.976	3048	1971
62	0.123	115.084	42.163	1.351	114.850	41.974	0.466	0.402	0.513	0.305	141.210	5429	1983
63	0.139	114.148	42.581	1.486	113.877	42.418	0.572	0.318	0.571	0.310	3.373	5391	2004
64	0.145	84.646	43.401	1.491	84.392	43.180	0.487	0.444	0.554	0.334	41.431	4000	2040
65	0.141	50.803	43.645	1.533	50.631	43.328	0.339	0.593	0.579	0.310	100.722	2396	2047
66	0.143	52.981	44.091	1.478	52.790	43.836	0.402	0.508	0.556	0.327	122.279	2496	2071
67	0.116	83.174	44.472	1.353	83.016	44.217	0.318	0.508	0.534	0.276	112.062	3925	2089
68	0.134	20.853	44.669	1.461	20.638	44.386	0.402	0.508	0.547	0.313	56.475	990	2097
69	0.147	61.873	44.971	1.473	61.659	44.725	0.444	0.466	0.540	0.346	47.979	2926	2113
70	0.138	20.622	45.368	1.486	20.447	45.085	0.339	0.550	0.543	0.324	88.955	973	2130
71	0.054	59.776	45.271	0.950	59.626	45.148	0.318	0.254	0.298	0.231	0.049	2821	2133
72	0.153	87.974	45.598	1.515	87.778	45.318	0.381	0.550	0.560	0.347	69.328	4157	2141
73	0.138	53.428	45.724	1.478	53.171	45.551	0.529	0.360	0.531	0.331	15.767	2524	2152
74	0.124	94.694	45.778	1.391	94.446	45.614	0.529	0.296	0.535	0.295	168.708	4468	2155
75	0.117	33.362	45.849	1.366	33.105	45.699	0.508	0.318	0.533	0.281	158.088	1564	2159
76	0.126	98.839	45.988	1.453	98.552	45.805	0.529	0.402	0.574	0.279	148.472	4662	2164
77	0.125	45.362	46.338	1.436	45.148	46.101	0.423	0.487	0.563	0.282	53.523	2145	2178
78	0.128	43.824	46.374	1.468	43.519	46.228	0.572	0.318	0.578	0.282	163.028	2057	2184
79	0.130	96.502	46.723	1.436	96.202	46.567	0.550	0.339	0.544	0.305	162.443	4551	2200
80	0.138	29.903	46.859	1.450	29.633	46.694	0.529	0.339	0.560	0.313	160.746	1402	2206
81	0.156	75.013	47.429	1.600	74.845	47.138	0.339	0.614	0.604	0.328	85.588	3542	2227
82	0.171	61.818	47.773	1.618	61.532	47.562	0.572	0.423	0.608	0.358	25.726	2921	2247
83	0.154	67.505	48.046	1.491	67.289	47.794	0.444	0.487	0.567	0.345	51.791	3191	2258
84	0.144	72.918	48.189	1.503	72.729	47.921	0.381	0.529	0.541	0.340	66.446	3447	2264
85	0.126	44.662	48.263	1.468	44.514	47.964	0.318	0.550	0.539	0.298	97.172	2109	2266
86	0.139	16.985	48.471	1.426	16.764	48.260	0.466	0.402	0.529	0.335	147.326	793	2280
87	0.163	26.480	48.636	1.593	26.268	48.345	0.423	0.572	0.614	0.338	120.095	1245	2284
88	0.160	70.887	48.909	1.630	70.697	48.599	0.360	0.614	0.617	0.331	102.858	3344	2296
89	0.132	24.746	49.206	1.396	24.574	48.958	0.339	0.508	0.522	0.322	108.738	1165	2313
90	0.147	80.653	49.260	1.491	80.412	49.022	0.466	0.466	0.573	0.327	47.764	3812	2316
91	0.172	15.084	49.440	1.670	14.796	49.191	0.550	0.487	0.615	0.357	138.552	708	2324
92	0.153	25.688	49.545	1.558	25.464	49.318	0.487	0.466	0.582	0.335	43.282	1222	2330
93	0.128	91.065	49.630	1.426	90.805	49.424	0.487	0.381	0.539	0.302	29.048	4308	2335
94	0.143	94.948	50.224	1.461	94.657	50.038	0.550	0.360	0.552	0.331	17.255	4487	2364
95	0.142	97.195	50.335	1.443	96.943	50.144	0.508	0.381	0.534	0.340	24.153	4591	2369
96	0.151	42.824	50.703	1.498	42.651	50.419	0.339	0.572	0.570	0.337	93.475	2021	2382
97	0.146	66.553	51.161	1.461	66.336	50.906	0.423	0.487	0.551	0.337	52.479	3148	2405
98	0.139	100.427	52.107	1.461	100.140	51.922	0.550	0.360	0.548	0.324	16.871	4746	2453
99	0.147	34.330	52.246	1.515	34.142	51.943	0.360	0.572	0.585	0.320	69.628	1625	2454
100	0.154	67.669	52.340	1.521	67.458	52.070	0.402	0.529	0.564	0.347	117.163	3192	2460
101	0.139	48.112	52.427	1.478	47.921	52.155	0.360	0.572	0.561	0.316	111.005	2269	2464
102	0.140	110.390	52.390	1.473	110.130	52.197	0.508	0.381	0.548	0.326	24.265	5219	2466
103	0.125	13.910	52.676	1.431	13.737	52.430	0.339	0.550	0.529	0.301	103.967	653	2477
104	0.133	64.684	53.006	1.426	64.516	52.747	0.339	0.529	0.540	0.313	71.717	3055	2492
105	0.136	50.393	53.292	1.426	50.229	53.022	0.339	0.529	0.540	0.320	104.257	2377	2505
106	0.132	86.397	53.224	1.418	86.106	53.065	0.550	0.339	0.526	0.319	2.862	4081	2507
107	0.148	51.458	53.481	1.575	51.139	53.319	0.593	0.339	0.588	0.320	165.403	2424	2519
108	0.142	66.594	54.226	1.456	66.421	53.954	0.339	0.550	0.543	0.332	86.000	3146	2549
109	0.117	36.985	54.227	1.286	36.745	54.038	0.444	0.360	0.452	0.329	19.901	1749	2553
110	0.125	93.669	54.346	1.418	93.493	54.060	0.360	0.529	0.543	0.292	115.792	4420	2554
111	0.155	54.694	54.448	1.538	54.420	54.229	0.529	0.444	0.588	0.337	145.593	2577	2562
112	0.140	40.118	54.601	1.468	39.942	54.335	0.360	0.529	0.548	0.325	72.494	1897	2567
113	0.139	35.893	54.823	1.448	35.687	54.568	0.402	0.508	0.541	0.328	58.923	1698	2578
114	0.120	86.985	54.927	1.341	86.783	54.716	0.381	0.444	0.512	0.299	125.140	4102	2585
115	0.138	57.315	55.009	1.443	57.086	54.800	0.466	0.423	0.532	0.330	36.387	2711	2589
116	0.166	84.559	55.203	1.583	84.264	55.012	0.572	0.381	0.598	0.353	14.203	3994	2599
117	0.121	21.839	55.277	1.323	21.675	55.033	0.318	0.487	0.497	0.310	76.687	1031	2600
118	0.154	66.316	55.737	1.528	66.040	55.562	0.550	0.360	0.554	0.353	179.482	3127	2625
119	0.118	95.085	56.018	1.346	94.848	55.859	0.508	0.318	0.495	0.303	178.281	4488	2639
120	0.155	86.237	56.151	1.498	85.958	55.986	0.572	0.339	0.567	0.347	0.616	4068	2645
121	0.136	105.478	56.380	1.436	105.304	56.092	0.360	0.550	0.536	0.323	112.409	4980	2650
122	0.150	43.213	56.557	1.515	42.947	56.346	0.508	0.423	0.570	0.334	33.183	2045	2662
123	0.152	67.419	56.777	1.528	67.162	56.578	0.529	0.402	0.587	0.330	30.752	3186	2673
124	0.128	45.178	56.890	1.383	45.022	56.642	0.318	0.529	0.530	0.308	101.238	2130	2676
125	0.144	30.681	56.871	1.498	30.374	56.706	0.593	0.318	0.580	0.316	10.109	1448	2679
126	0.140	81.579	57.009	1.503	81.280	56.854	0.572	0.318	0.566	0.315	170.332	3843	2686
127	0.158	88.454	57.648	1.545	88.244	57.383	0.423	0.529	0.582	0.345	117.953	4172	2711
128	0.124	17.779	57.591	1.406	17.505	57.404	0.529	0.360	0.531	0.298	23.424	843	2712
129	0.140	29.580	57.807	1.478	29.379	57.531	0.402	0.529	0.568	0.313	118.347	1392	2718
130	0.140	41.090	57.969	1.448	40.830	57.764	0.487	0.423	0.561	0.317	139.941	1933	2729
131	0.129	33.837	58.004	1.401	33.549	57.848	0.550	0.318	0.521	0.317	5.199	1596	2733
132	0.145	51.226	58.264	1.473	51.033	57.997	0.381	0.529	0.559	0.329	117.333	2416	2740
133	0.127	84.746	58.561	1.436	84.497	58.357	0.508	0.381	0.518	0.313	22.594	4008	2757
134	0.160	39.515	58.742	1.545	39.243	58.505	0.529	0.423	0.546	0.373	14.771	1869	2764
135	0.143	104.929	58.701	1.473	104.669	58.526	0.550	0.360	0.553	0.329	164.286	4949	2765
136	0.153	81.894	58.942	1.491	81.661	58.716	0.487	0.444	0.553	0.353	139.212	3861	2774
137	0.147	65.400	59.103	1.493	65.236	58.801	0.318	0.572	0.577	0.323	86.407	3090	2778
138	0.122	60.790	59.932	1.396	60.621	59.669	0.318	0.508	0.527	0.294	73.872	2874	2819
139	0.125	79.971	59.836	1.413	79.735	59.669	0.487	0.339	0.498	0.321	161.665	3768	2819
140	0.159	60.342	60.036	1.563	60.050	59.817	0.550	0.423	0.579	0.351	27.902	2854	2826
141	0.154	104.161	60.203	1.510	103.907	60.008	0.508	0.402	0.544	0.361	27.937	4921	2835
142	0.154	111.045	60.357	1.503	110.808	60.134	0.466	0.466	0.563	0.347	138.155	5238	2841
143	0.146	102.412	60.478	1.551	102.193	60.219	0.423	0.529	0.576	0.322	121.917	4830	2845
144	0.150	12.434	61.133	1.491	12.234	60.875	0.423	0.508	0.573	0.334	123.348	580	2876
145	0.120	105.767	61.317	1.323	105.537	61.150	0.466	0.339	0.487	0.313	16.667	4999	2889
146	0.138	34.183	61.630	1.448	33.930	61.404	0.487	0.423	0.551	0.319	36.439	1619	2901
147	0.165	114.250	61.811	1.577	114.088	61.510	0.339	0.593	0.603	0.349	89.878	5396	2906
148	0.140	101.545	62.295	1.526	101.325	62.040	0.444	0.529	0.594	0.300	54.055	4800	2931
149	0.132	84.242	63.185	1.406	84.011	62.971	0.487	0.402	0.530	0.317	147.378	3974	2975
150	0.134	66.267	63.735	1.443	66.019	63.542	0.508	0.360	0.522	0.326	11.979	3137	3002
151	0.129	110.702	63.911	1.396	110.426	63.754	0.529	0.318	0.538	0.305	170.084	5224	3012
152	0.155	25.757	64.123	1.575	25.464	63.944	0.614	0.360	0.598	0.331	8.282	1215	3021
153	0.131	109.183	64.248	1.448	108.966	64.029	0.423	0.466	0.534	0.312	126.286	5149	3025
154	0.145	97.605	64.340	1.486	97.346	64.135	0.508	0.402	0.546	0.337	31.203	4614	3030
155	0.130	53.960	64.738	1.394	53.721	64.537	0.508	0.381	0.524	0.316	152.368	2543	3049
156	0.150	74.821	64.964	1.563	74.655	64.664	0.339	0.593	0.575	0.332	91.709	3534	3055
157	0.146	61.133	65.323	1.486	60.939	65.066	0.381	0.529	0.551	0.337	68.990	2887	3074
158	0.151	94.748	65.499	1.513	94.488	65.278	0.508	0.466	0.561	0.344	136.889	4469	3084
159	0.162	68.747	65.643	1.551	68.517	65.384	0.444	0.529	0.585	0.352	126.403	3242	3089
160	0.151	102.049	65.637	1.503	101.769	65.468	0.572	0.360	0.549	0.349	168.444	4812	3093
161	0.241	88.092	65.858	2.069	87.842	65.490	0.529	0.720	0.660	0.466	89.989	4157	3094
162	0.147	89.390	66.302	1.510	89.090	66.146	0.593	0.318	0.586	0.318	175.807	4218	3125
163	0.144	72.677	66.565	1.498	72.411	66.400	0.550	0.360	0.568	0.322	18.342	3433	3137
164	0.126	41.738	66.837	1.341	41.487	66.675	0.508	0.318	0.507	0.316	170.183	1966	3150
165	0.118	111.458	66.823	1.348	111.188	66.675	0.529	0.275	0.537	0.279	177.692	5262	3150
166	0.129	101.593	66.947	1.401	101.367	66.738	0.466	0.402	0.531	0.310	142.426	4793	3153
167	0.118	95.708	66.981	1.371	95.483	66.802	0.466	0.381	0.530	0.284	31.596	4522	3156
168	0.145	78.881	67.409	1.491	78.613	67.204	0.529	0.402	0.573	0.323	33.058	3727	3175
169	0.154	99.852	67.478	1.515	99.674	67.204	0.360	0.572	0.577	0.339	74.730	4716	3175
170	0.138	111.472	67.605	1.478	111.294	67.331	0.381	0.550	0.574	0.306	115.043	5259	3181
171	0.120	45.796	67.621	1.406	45.614	67.352	0.381	0.508	0.550	0.277	123.671	2157	3182
172	0.140	40.285	67.778	1.486	40.026	67.606	0.572	0.339	0.561	0.317	171.968	1896	3194
173	0.142	99.441	68.269	1.486	99.250	68.008	0.381	0.529	0.561	0.322	112.448	4693	3213
174	0.161	64.891	68.576	1.583	64.706	68.262	0.360	0.593	0.598	0.343	77.796	3066	3225
175	0.154	88.420	68.534	1.551	88.180	68.284	0.487	0.487	0.608	0.322	134.869	4167	3226
176	0.130	98.536	68.479	1.438	98.234	68.326	0.550	0.318	0.547	0.303	168.940	4648	3228
177	0.157	19.949	68.567	1.493	19.685	68.390	0.529	0.360	0.554	0.360	11.292	938	3231
178	0.149	25.371	68.928	1.480	25.104	68.770	0.550	0.339	0.559	0.340	5.302	1193	3249
179	0.151	77.004	69.306	1.510	76.708	69.130	0.572	0.339	0.583	0.329	178.197	3637	3266
180	0.137	84.280	70.327	1.510	84.116	70.019	0.318	0.593	0.591	0.295	84.317	3980	3308
181	0.153	53.694	70.479	1.605	53.488	70.168	0.381	0.593	0.598	0.325	106.908	2532	3315
182	0.160	22.204	70.613	1.568	21.971	70.337	0.466	0.529	0.603	0.338	128.395	1041	3323
183	0.134	99.668	71.024	1.418	99.420	70.824	0.508	0.381	0.527	0.323	151.056	4703	3346
184	0.161	30.117	71.204	1.570	29.845	70.993	0.572	0.381	0.595	0.345	159.590	1417	3354
185	0.135	48.441	71.277	1.401	48.218	71.056	0.423	0.444	0.524	0.329	131.672	2282	3357
186	0.144	96.184	71.494	1.568	95.948	71.205	0.444	0.550	0.605	0.303	51.043	4550	3364
187	0.155	72.737	71.489	1.521	72.454	71.310	0.593	0.360	0.558	0.355	173.834	3430	3369
188	0.104	87.848	71.435	1.281	87.588	71.310	0.508	0.275	0.511	0.260	166.437	4139	3369
189	0.137	53.593	71.789	1.461	53.425	71.543	0.381	0.529	0.550	0.316	62.655	2533	3380
190	0.103	82.035	71.850	1.316	81.809	71.649	0.444	0.381	0.500	0.262	34.192	3883	3385
191	0.128	34.670	72.001	1.388	34.438	71.797	0.444	0.423	0.514	0.318	136.232	1631	3392
192	0.126	23.360	72.162	1.456	23.093	72.009	0.572	0.296	0.578	0.278	167.327	1095	3402
193	0.157	19.309	72.395	1.558	19.114	72.094	0.360	0.593	0.576	0.346	78.959	914	3406
194	0.128	106.415	72.484	1.408	106.257	72.221	0.318	0.529	0.532	0.306	78.805	5029	3412
195	0.137	29.653	72.759	1.408	29.422	72.580	0.466	0.381	0.510	0.342	26.955	1399	3429
196	0.143	55.827	73.242	1.503	55.647	72.962	0.360	0.572	0.576	0.317	103.806	2634	3447
197	0.149	74.287	73.587	1.491	74.041	73.364	0.487	0.444	0.561	0.338	38.939	3511	3466
198	0.117	94.094	73.761	1.341	93.832	73.618	0.529	0.296	0.517	0.289	8.007	4443	3478
199	0.154	55.196	73.952	1.545	55.012	73.660	0.360	0.593	0.584	0.335	81.891	2608	3480
200	0.158	84.605	74.163	1.533	84.328	73.956	0.550	0.402	0.577	0.348	27.742	3998	3494
201	0.146	47.470	74.300	1.498	47.308	73.999	0.339	0.572	0.569	0.326	95.547	2239	3496
202	0.160	31.910	75.983	1.545	31.602	75.798	0.572	0.381	0.565	0.360	160.943	1501	3581
203	0.134	42.799	76.272	1.418	42.566	76.052	0.466	0.423	0.537	0.318	39.171	2025	3593
204	0.154	25.281	76.555	1.508	25.019	76.348	0.550	0.402	0.574	0.342	152.881	1186	3607
205	0.130	91.592	76.870	1.431	91.440	76.602	0.318	0.572	0.553	0.300	100.425	4323	3619
206	0.139	114.780	76.793	1.418	114.512	76.623	0.550	0.339	0.537	0.330	167.877	5415	3620
207	0.148	72.163	77.141	1.486	71.882	76.962	0.550	0.360	0.550	0.343	12.452	3408	3636
208	0.164	106.841	77.217	1.580	106.574	76.962	0.508	0.487	0.609	0.343	43.872	5051	3636
209	0.156	67.864	77.567	1.558	67.670	77.280	0.381	0.572	0.608	0.328	115.575	3201	3651
210	0.131	93.986	77.582	1.413	93.811	77.322	0.339	0.529	0.534	0.313	104.900	4437	3653
211	0.135	92.744	77.569	1.418	92.498	77.364	0.466	0.423	0.533	0.322	140.640	4374	3655
212	0.142	102.252	77.650	1.431	102.044	77.428	0.423	0.466	0.538	0.335	51.842	4830	3658
213	0.130	20.488	77.854	1.371	20.299	77.618	0.381	0.466	0.485	0.342	114.196	964	3667
214	0.129	27.592	77.792	1.383	27.347	77.618	0.508	0.339	0.512	0.322	11.653	1302	3667
215	0.121	103.352	77.843	1.364	103.145	77.618	0.423	0.444	0.530	0.291	131.693	4875	3667
216	0.113	73.486	78.163	1.311	73.342	77.914	0.296	0.508	0.492	0.294	83.402	3471	3681
217	0.137	74.863	78.248	1.473	74.697	77.978	0.360	0.550	0.572	0.304	65.848	3539	3684
218	0.160	66.148	78.399	1.563	65.892	78.168	0.508	0.466	0.605	0.336	138.717	3116	3693
219	0.143	71.379	78.745	1.453	71.120	78.528	0.508	0.423	0.559	0.326	33.933	3375	3710
220	0.151	118.254	78.708	1.558	117.941	78.528	0.593	0.360	0.593	0.325	164.573	5581	3710
221	0.128	69.979	78.864	1.426	69.744	78.655	0.466	0.402	0.523	0.311	35.556	3312	3716
222	0.145	80.409	79.340	1.438	80.243	79.079	0.339	0.529	0.535	0.344	89.008	3796	3736
223	0.127	91.523	79.412	1.388	91.355	79.163	0.339	0.529	0.514	0.314	69.842	4325	3740
224	0.146	46.651	79.569	1.480	46.461	79.312	0.360	0.529	0.556	0.335	109.626	2199	3747
225	0.159	83.681	79.650	1.580	83.439	79.396	0.508	0.487	0.606	0.334	138.975	3944	3751
226	0.135	83.029	79.831	1.466	82.825	79.566	0.423	0.508	0.563	0.305	124.590	3916	3759
227	0.153	69.694	79.777	1.533	69.406	79.587	0.572	0.381	0.605	0.323	24.576	3294	3760
228	0.140	90.352	79.943	1.486	90.085	79.777	0.572	0.339	0.581	0.306	17.706	4270	3769
229	0.122	58.417	80.087	1.346	58.208	79.883	0.466	0.381	0.512	0.304	142.450	2752	3774
230	0.161	84.263	80.132	1.593	83.968	79.946	0.572	0.423	0.609	0.337	156.262	3969	3777
231	0.129	83.085	80.740	1.431	82.783	80.582	0.550	0.339	0.538	0.304	164.276	3920	3807
232	0.146	99.393	80.913	1.515	99.208	80.603	0.360	0.572	0.550	0.338	76.879	4696	3808
233	0.133	62.804	81.706	1.443	62.653	81.428	0.318	0.572	0.554	0.306	82.017	2967	3847
234	0.127	84.080	82.063	1.376	83.884	81.830	0.402	0.466	0.508	0.318	126.864	3968	3866
235	0.145	106.770	82.908	1.501	106.490	82.677	0.529	0.444	0.570	0.323	33.251	5048	3906
236	0.138	102.289	83.112	1.418	102.044	82.889	0.466	0.423	0.529	0.333	39.216	4835	3916
237	0.137	53.519	83.381	1.486	53.361	83.100	0.318	0.593	0.576	0.303	84.235	2527	3926
238	0.130	87.949	83.464	1.413	87.757	83.227	0.381	0.487	0.544	0.304	57.328	4157	3932
239	0.139	63.397	83.604	1.456	63.246	83.333	0.318	0.572	0.558	0.317	80.831	2994	3937
240	0.138	99.767	83.780	1.426	99.505	83.608	0.529	0.339	0.527	0.333	177.746	4709	3950
241	0.126	62.328	83.865	1.359	62.124	83.651	0.381	0.466	0.511	0.315	126.068	2938	3952
242	0.140	105.411	84.321	1.473	105.220	84.053	0.381	0.529	0.562	0.318	114.639	4976	3971
243	0.151	32.237	84.360	1.491	31.940	84.180	0.572	0.360	0.555	0.347	168.952	1517	3977
244	0.145	83.969	84.664	1.493	83.820	84.392	0.318	0.572	0.582	0.317	82.607	3965	3987
245	0.141	38.205	84.739	1.498	38.015	84.455	0.360	0.550	0.577	0.311	65.999	1809	3990
246	0.147	37.466	84.734	1.461	37.253	84.497	0.444	0.466	0.541	0.345	48.564	1774	3992
247	0.127	93.304	85.022	1.388	93.091	84.794	0.423	0.444	0.512	0.316	43.911	4413	4006
248	0.130	54.557	85.314	1.401	54.377	85.069	0.360	0.487	0.524	0.316	114.729	2572	4019
249	0.159	83.474	85.511	1.570	83.312	85.217	0.339	0.614	0.601	0.338	85.802	3940	4026
250	0.144	57.406	85.698	1.515	57.235	85.408	0.339	0.593	0.587	0.313	100.827	2709	4035
251	0.147	63.543	85.653	1.456	63.310	85.450	0.487	0.402	0.540	0.345	149.141	2992	4037
252	0.143	41.952	85.767	1.456	41.783	85.492	0.360	0.529	0.545	0.334	104.685	1979	4039
253	0.161	69.396	86.049	1.575	69.130	85.852	0.550	0.423	0.597	0.343	29.844	3278	4056
254	0.144	116.460	86.110	1.448	116.184	85.916	0.529	0.381	0.523	0.350	13.901	5505	4059
255	0.127	97.757	86.793	1.346	97.515	86.614	0.487	0.360	0.483	0.335	166.349	4614	4092
256	0.144	76.543	86.983	1.461	76.285	86.804	0.550	0.360	0.544	0.338	169.496	3609	4101
257	0.141	97.495	87.605	1.473	97.303	87.312	0.360	0.550	0.554	0.323	72.517	4606	4125
258	0.160	74.223	87.669	1.551	73.978	87.461	0.508	0.466	0.577	0.354	36.350	3506	4132
259	0.158	21.962	88.179	1.508	21.696	87.969	0.529	0.423	0.578	0.348	149.745	1030	4156
260	0.162	75.202	88.400	1.551	74.994	88.096	0.402	0.572	0.567	0.363	73.260	3554	4162
261	0.162	58.175	88.386	1.521	57.870	88.202	0.572	0.381	0.555	0.371	179.842	2746	4167
262	0.146	92.344	88.482	1.486	92.160	88.202	0.360	0.550	0.578	0.322	108.516	4357	4167
263	0.150	36.255	88.504	1.478	36.004	88.286	0.508	0.423	0.556	0.343	145.762	1706	4171
264	0.143	77.319	88.580	1.461	77.047	88.392	0.508	0.402	0.548	0.332	148.949	3644	4176
265	0.159	81.781	88.854	1.575	81.598	88.561	0.360	0.614	0.617	0.329	104.589	3859	4184
266	0.146	45.257	88.949	1.533	45.000	88.731	0.508	0.444	0.569	0.326	35.868	2140	4192
267	0.142	76.601	89.203	1.498	76.433	88.900	0.339	0.572	0.565	0.319	97.697	3616	4200
268	0.107	89.807	89.162	1.346	89.598	88.942	0.444	0.402	0.521	0.262	144.389	4235	4202
269	0.144	21.069	89.840	1.461	20.892	89.556	0.360	0.550	0.543	0.338	104.607	991	4231
270	0.132	56.613	90.066	1.408	56.452	89.810	0.318	0.529	0.532	0.315	82.771	2673	4243
271	0.140	85.968	90.086	1.426	85.767	89.852	0.402	0.466	0.520	0.342	59.271	4060	4245
272	0.139	111.519	90.188	1.413	111.273	90.022	0.487	0.360	0.492	0.360	177.424	5262	4253
273	0.164	61.912	90.292	1.545	61.659	90.064	0.508	0.444	0.581	0.360	34.831	2929	4255
274	0.140	104.922	91.476	1.456	104.754	91.186	0.339	0.550	0.553	0.323	104.749	4953	4308
275	0.155	52.621	91.501	1.523	52.451	91.207	0.339	0.572	0.585	0.337	98.971	2482	4309
276	0.135	54.182	91.779	1.461	54.017	91.504	0.339	0.550	0.552	0.312	76.782	2560	4323
277	0.146	85.170	92.236	1.468	84.921	92.054	0.508	0.381	0.544	0.342	157.195	4014	4349
278	0.140	51.072	92.390	1.453	50.864	92.139	0.402	0.508	0.547	0.325	119.132	2407	4353
279	0.125	104.921	92.762	1.371	104.690	92.583	0.466	0.360	0.494	0.322	27.416	4958	4374
280	0.154	35.295	93.308	1.551	35.073	93.049	0.444	0.529	0.607	0.323	124.937	1660	4396
281	0.142	32.014	94.372	1.450	31.750	94.213	0.529	0.339	0.550	0.328	165.384	1501	4451
282	0.163	54.119	94.438	1.558	53.827	94.255	0.593	0.360	0.593	0.350	170.500	2549	4453
283	0.136	57.311	94.582	1.456	57.150	94.298	0.318	0.572	0.553	0.313	88.915	2706	4455
284	0.138	76.442	95.098	1.436	76.221	94.869	0.444	0.466	0.526	0.334	135.366	3603	4482
285	0.131	81.021	95.913	1.366	80.857	95.673	0.339	0.487	0.491	0.341	77.918	3826	4520
286	0.141	87.314	96.601	1.508	87.058	96.393	0.550	0.402	0.570	0.315	150.891	4119	4554
287	0.125	29.697	96.839	1.408	29.443	96.689	0.550	0.296	0.550	0.289	2.496	1399	4568
288	0.142	49.123	97.037	1.486	48.853	96.880	0.572	0.339	0.560	0.323	1.409	2314	4577
289	0.138	71.821	97.219	1.431	71.543	97.049	0.529	0.360	0.555	0.317	158.449	3385	4585
290	0.147	66.107	98.037	1.473	65.828	97.854	0.529	0.381	0.559	0.334	155.003	3116	4623
291	0.152	104.733	99.012	1.551	104.542	98.742	0.381	0.593	0.581	0.333	107.656	4943	4665
292	0.105	79.471	99.179	1.353	79.333	98.933	0.275	0.529	0.515	0.260	89.275	3753	4674
293	0.041	26.496	99.455	0.750	26.374	99.314	0.233	0.254	0.243	0.216	112.619	1251	4692
294	0.125	47.840	99.809	1.341	47.583	99.653	0.508	0.318	0.503	0.318	166.646	2253	4708
295	0.165	81.367	100.474	1.588	81.068	100.288	0.593	0.381	0.609	0.345	18.634	3843	4738
296	0.160	112.172	101.253	1.586	111.950	100.986	0.466	0.550	0.541	0.376	54.407	5300	4771
297	0.147	90.332	101.786	1.553	90.170	101.494	0.318	0.614	0.594	0.316	88.027	4267	4795
298	0.131	28.109	101.781	1.466	27.855	101.579	0.508	0.423	0.566	0.294	142.617	1320	4799
299	0.157	106.999	102.973	1.515	106.701	102.785	0.572	0.360	0.584	0.342	13.935	5056	4856
300	0.140	57.146	104.447	1.413	56.917	104.246	0.466	0.402	0.514	0.347	144.519	2691	4925
301	0.147	98.129	104.476	1.473	97.896	104.246	0.466	0.444	0.541	0.345	42.159	4639	4925
302	0.140	85.238	104.645	1.443	85.048	104.394	0.381	0.508	0.525	0.340	67.480	4027	4932
303	0.137	108.743	106.003	1.491	108.522	105.791	0.466	0.423	0.520	0.335	141.663	5129	4998
304	0.141	65.209	106.190	1.443	64.918	106.024	0.550	0.339	0.541	0.331	6.001	3077	5009
305	0.136	93.591	106.357	1.388	93.387	106.130	0.423	0.444	0.519	0.333	133.455	4414	5014
306	0.147	90.827	106.443	1.498	90.657	106.172	0.339	0.572	0.569	0.329	83.099	4289	5016
307	0.126	73.293	106.442	1.371	73.131	106.193	0.339	0.508	0.521	0.309	67.743	3463	5017
308	0.140	39.480	106.626	1.473	39.306	106.362	0.360	0.550	0.561	0.317	72.902	1865	5025
309	0.158	98.689	106.690	1.583	98.531	106.384	0.339	0.614	0.623	0.323	84.651	4660	5026
310	0.151	109.570	106.662	1.551	109.347	106.384	0.444	0.529	0.579	0.333	124.364	5172	5026
311	0.128	86.177	107.061	1.376	85.979	106.828	0.381	0.487	0.501	0.324	114.593	4066	5047
312	0.148	94.845	107.734	1.478	94.594	107.527	0.529	0.402	0.552	0.341	153.615	4474	5080
313	0.147	92.825	108.351	1.521	92.583	108.119	0.508	0.444	0.577	0.325	140.546	4378	5108
314	0.144	85.752	108.318	1.473	85.471	108.162	0.550	0.339	0.558	0.328	172.294	4044	5110
315	0.153	56.549	108.876	1.575	56.346	108.564	0.381	0.593	0.602	0.323	69.338	2673	5129
316	0.149	80.938	109.333	1.491	80.645	109.135	0.550	0.381	0.567	0.335	23.234	3825	5156
317	0.158	108.458	109.595	1.563	108.268	109.284	0.381	0.593	0.584	0.345	71.890	5126	5163
318	0.166	105.917	110.061	1.623	105.600	109.855	0.614	0.402	0.617	0.343	153.957	4996	5190
319	0.153	79.883	110.288	1.523	79.608	110.109	0.550	0.360	0.582	0.335	18.474	3773	5202
320	0.147	77.883	110.383	1.510	77.618	110.215	0.572	0.339	0.570	0.329	171.938	3671	5207
321	0.130	85.712	110.631	1.426	85.556	110.342	0.318	0.550	0.547	0.302	82.260	4048	5213
322	0.153	50.840	111.748	1.515	50.546	111.570	0.572	0.360	0.576	0.338	14.425	2400	5271
323	0.143	56.950	112.779	1.491	56.727	112.564	0.466	0.466	0.560	0.325	47.295	2691	5318
324	0.165	49.840	112.952	1.605	49.594	112.691	0.487	0.508	0.615	0.342	43.974	2362	5324
325	0.146	59.879	113.035	1.503	59.690	112.734	0.360	0.572	0.579	0.320	76.145	2829	5326
326	0.150	116.009	113.862	1.456	115.761	113.665	0.487	0.402	0.532	0.358	29.240	5481	5370
327	0.139	44.237	114.490	1.436	44.048	114.236	0.381	0.529	0.543	0.326	115.700	2085	5397
328	0.117	23.782	114.974	1.403	23.643	114.681	0.275	0.550	0.539	0.277	90.194	1122	5418
329	0.136	82.836	116.447	1.456	82.592	116.226	0.466	0.423	0.516	0.335	35.489	3921	5491
330	0.159	53.586	117.105	1.510	53.298	116.925	0.550	0.360	0.562	0.360	9.555	2529	5524
331	0.153	82.879	117.829	1.503	82.614	117.623	0.529	0.402	0.561	0.347	20.962	3919	5557
332	0.145	87.716	118.145	1.538	87.461	117.920	0.466	0.444	0.491	0.376	39.082	4147	5571
333	0.152	47.117	118.392	1.563	46.800	118.195	0.593	0.381	0.603	0.321	17.240	2229	5584
334	0.156	96.975	119.432	1.515	96.668	119.253	0.572	0.360	0.559	0.355	0.612	4579	5634
335	0.055	114.147	119.497	0.877	114.004	119.359	0.275	0.275	0.317	0.222	136.278	5389	5639
336	0.137	107.110	119.815	1.426	106.913	119.592	0.402	0.466	0.518	0.337	56.053	5060	5650
337	0.129	75.810	120.091	1.359	75.586	119.888	0.444	0.402	0.521	0.314	141.185	3575	5664
338	0.153	50.325	120.768	1.533	50.038	120.586	0.593	0.360	0.582	0.334	173.012	2372	5697
339	0.147	92.332	121.022	1.558	92.033	120.819	0.529	0.402	0.529	0.353	24.903	4366	5708
340	0.155	79.400	121.306	1.575	79.184	121.031	0.423	0.550	0.608	0.324	119.708	3742	5718
341	0.168	117.564	121.491	1.570	117.285	121.306	0.572	0.381	0.582	0.368	11.835	5551	5731
342	0.116	50.977	122.668	1.316	50.758	122.492	0.444	0.360	0.498	0.295	148.589	2400	5787
343	0.163	107.668	123.256	1.545	107.378	123.084	0.593	0.360	0.584	0.355	179.998	5080	5815
344	0.139	87.712	123.671	1.424	87.482	123.444	0.444	0.466	0.461	0.385	62.252	4144	5832
345	0.168	82.773	124.970	1.630	82.592	124.651	0.360	0.635	0.632	0.340	99.639	3907	5889
346	0.137	53.600	125.822	1.443	53.361	125.624	0.487	0.402	0.555	0.313	149.736	2522	5935
347	0.124	68.174	125.868	1.401	68.008	125.624	0.339	0.529	0.534	0.296	70.819	3221	5935
348	0.155	66.981	126.628	1.533	66.781	126.365	0.402	0.550	0.587	0.337	63.063	3164	5970
349	0.151	114.288	126.966	1.486	114.110	126.704	0.360	0.550	0.543	0.353	96.699	5396	5986
350	0.129	111.671	127.025	1.396	111.506	126.746	0.318	0.529	0.530	0.310	97.889	5273	5988
351	0.137	110.286	127.857	1.413	110.130	127.572	0.318	0.550	0.540	0.322	93.683	5208	6027
