 	Area	X	Y	Perim.	BX	BY	Width	Height	Major	Minor	Angle	XStart	YStart
1	0.125	51.166	13.954	1.353	50.990	13.695	0.339	0.487	0.483	0.329	86.523	2416	647
2	0.099	78.442	13.926	1.196	78.253	13.737	0.381	0.360	0.417	0.301	34.126	3707	649
3	0.110	106.957	14.506	1.239	106.807	14.288	0.318	0.444	0.435	0.321	88.075	5049	675
4	0.043	72.834	15.188	0.853	72.665	15.071	0.318	0.233	0.326	0.166	153.098	3438	712
5	0.118	75.381	17.808	1.269	75.184	17.632	0.423	0.360	0.452	0.333	31.185	3558	833
6	0.142	61.358	18.169	1.443	61.172	17.928	0.381	0.508	0.534	0.338	64.697	2899	847
7	0.121	121.791	18.756	1.286	121.624	18.521	0.339	0.466	0.466	0.331	77.294	5753	875
8	0.056	41.256	18.782	0.895	41.106	18.648	0.296	0.275	0.321	0.224	31.629	1950	881
9	0.118	87.937	18.955	1.286	87.778	18.711	0.339	0.466	0.464	0.323	79.587	4154	884
10	0.123	92.362	19.704	1.426	92.223	19.431	0.296	0.550	0.544	0.287	89.645	4363	918
11	0.105	109.707	19.826	1.196	109.538	19.622	0.339	0.402	0.405	0.331	85.412	5181	927
12	0.116	38.306	20.173	1.351	38.100	19.939	0.381	0.487	0.528	0.281	123.090	1805	942
13	0.109	39.234	21.462	1.286	39.031	21.272	0.402	0.402	0.473	0.293	130.631	1845	1005
14	0.125	86.607	22.554	1.359	86.424	22.310	0.360	0.487	0.487	0.325	111.095	4086	1054
15	0.126	108.395	22.837	1.359	108.162	22.648	0.444	0.402	0.496	0.323	138.340	5113	1070
16	0.151	96.629	23.316	1.461	96.456	23.029	0.360	0.550	0.526	0.365	92.719	4562	1088
17	0.131	40.131	23.508	1.381	39.899	23.304	0.487	0.402	0.503	0.331	152.045	1890	1101
18	0.116	70.481	23.885	1.299	70.252	23.707	0.423	0.381	0.455	0.323	138.819	3325	1120
19	0.125	86.158	23.971	1.323	85.979	23.749	0.360	0.444	0.469	0.340	68.379	4069	1122
20	0.133	108.836	24.664	1.359	108.627	24.469	0.444	0.402	0.481	0.351	148.620	5134	1156
21	0.142	59.426	24.950	1.418	59.224	24.702	0.402	0.487	0.533	0.339	123.766	2801	1167
22	0.134	108.306	25.023	1.371	108.077	24.829	0.444	0.402	0.493	0.345	144.933	5111	1173
23	0.123	124.246	25.112	1.299	124.079	24.892	0.339	0.466	0.469	0.334	104.837	5865	1176
24	0.125	114.048	25.835	1.336	113.877	25.590	0.339	0.466	0.475	0.334	92.711	5385	1209
25	0.135	46.679	25.922	1.406	46.461	25.696	0.444	0.444	0.515	0.333	47.144	2207	1214
26	0.111	19.716	26.344	1.274	19.516	26.141	0.402	0.402	0.437	0.323	130.531	927	1235
27	0.122	111.817	26.518	1.329	111.612	26.310	0.402	0.423	0.475	0.327	132.136	5278	1243
28	0.123	88.412	26.735	1.323	88.244	26.501	0.339	0.466	0.468	0.334	79.508	4175	1252
29	0.134	99.565	26.699	1.371	99.335	26.501	0.466	0.381	0.495	0.344	153.719	4699	1252
30	0.134	75.212	27.093	1.383	75.036	26.839	0.339	0.508	0.513	0.334	88.997	3551	1268
31	0.127	44.188	27.591	1.329	43.984	27.390	0.402	0.423	0.464	0.348	52.478	2086	1294
32	0.129	30.902	29.676	1.383	30.713	29.422	0.360	0.487	0.502	0.328	71.281	1461	1390
33	0.124	119.868	29.912	1.336	119.698	29.676	0.339	0.466	0.472	0.335	78.429	5661	1402
34	0.110	111.946	30.726	1.264	111.718	30.586	0.466	0.296	0.473	0.297	6.229	5285	1445
35	0.146	59.531	30.901	1.443	59.288	30.692	0.487	0.402	0.512	0.364	155.488	2809	1450
36	0.113	123.435	31.166	1.269	123.254	30.946	0.360	0.423	0.446	0.323	61.266	5832	1462
37	0.137	74.683	31.556	1.383	74.486	31.327	0.381	0.466	0.499	0.349	60.181	3529	1480
38	0.127	118.813	32.180	1.329	118.639	31.940	0.339	0.487	0.487	0.333	103.260	5610	1509
39	0.144	85.303	33.166	1.443	85.111	32.914	0.381	0.508	0.517	0.355	71.255	4030	1555
40	0.133	42.097	33.131	1.388	41.846	32.935	0.466	0.402	0.506	0.335	144.756	1984	1556
41	0.086	12.500	33.524	1.129	12.319	33.338	0.339	0.360	0.409	0.269	51.611	592	1575
42	0.130	87.484	33.693	1.371	87.249	33.507	0.466	0.381	0.500	0.332	150.553	4126	1583
43	0.114	120.456	33.822	1.299	120.269	33.613	0.339	0.466	0.448	0.324	92.370	5689	1588
44	0.125	49.039	33.902	1.361	48.874	33.655	0.318	0.487	0.508	0.315	77.461	2316	1590
45	0.124	94.596	34.465	1.336	94.361	34.311	0.487	0.318	0.492	0.320	179.233	4463	1621
46	0.138	129.272	34.619	1.518	129.053	34.354	0.423	0.487	0.465	0.378	98.518	6104	1623
47	0.125	71.311	34.897	1.329	71.120	34.671	0.381	0.444	0.479	0.332	119.592	3365	1638
48	0.106	126.011	34.899	1.214	125.836	34.692	0.360	0.402	0.428	0.314	51.545	5956	1639
49	0.101	85.234	36.073	1.221	85.069	35.878	0.339	0.402	0.458	0.280	55.108	4028	1695
50	0.105	31.319	36.173	1.226	31.136	35.983	0.360	0.402	0.433	0.310	117.015	1474	1700
51	0.129	35.564	38.582	1.371	35.327	38.396	0.466	0.381	0.499	0.329	148.630	1673	1814
52	0.129	42.698	38.659	1.353	42.482	38.481	0.444	0.381	0.484	0.339	146.276	2007	1818
53	0.128	114.309	38.703	1.359	114.088	38.502	0.444	0.402	0.509	0.321	140.839	5392	1819
54	0.138	120.798	39.102	1.431	120.544	38.904	0.508	0.381	0.501	0.352	23.958	5706	1838
55	0.113	101.462	39.538	1.246	101.261	39.370	0.402	0.339	0.424	0.339	170.009	4789	1860
56	0.116	120.337	39.798	1.256	120.142	39.603	0.381	0.402	0.447	0.329	128.169	5680	1871
57	0.101	10.697	39.822	1.167	10.520	39.645	0.360	0.360	0.399	0.323	39.220	505	1873
58	0.124	87.933	39.928	1.311	87.778	39.709	0.339	0.466	0.463	0.341	85.914	4150	1876
59	0.098	91.307	40.173	1.149	91.144	40.005	0.339	0.360	0.399	0.313	49.104	4312	1890
60	0.138	129.125	40.271	1.394	128.863	40.090	0.508	0.381	0.485	0.364	169.524	6096	1894
61	0.134	34.115	41.069	1.371	33.867	40.894	0.487	0.360	0.516	0.332	156.588	1604	1932
62	0.123	42.560	41.075	1.329	42.333	40.894	0.466	0.360	0.482	0.324	156.580	2004	1932
63	0.116	111.208	41.857	1.306	110.956	41.720	0.487	0.296	0.480	0.307	179.931	5247	1971
64	0.044	6.644	41.955	0.877	6.498	41.846	0.296	0.212	0.296	0.189	178.301	309	1977
65	0.122	106.959	42.480	1.311	106.722	42.312	0.466	0.339	0.476	0.326	164.137	5047	1999
66	0.145	56.297	42.715	1.436	56.070	42.482	0.444	0.466	0.490	0.376	54.742	2661	2007
67	0.138	61.980	43.032	1.388	61.722	42.862	0.508	0.360	0.491	0.359	2.213	2923	2025
68	0.116	48.044	43.073	1.281	47.837	42.884	0.423	0.360	0.439	0.335	28.685	2271	2026
69	0.124	94.070	43.908	1.353	93.853	43.730	0.444	0.381	0.487	0.324	33.089	4442	2066
70	0.128	33.018	44.331	1.383	32.766	44.175	0.508	0.339	0.508	0.320	169.745	1551	2087
71	0.106	115.855	44.567	1.221	115.634	44.429	0.444	0.296	0.448	0.300	178.468	5466	2099
72	0.081	93.996	44.608	1.052	93.832	44.450	0.339	0.318	0.368	0.279	136.716	4435	2100
73	0.126	85.921	45.000	1.376	85.746	44.746	0.360	0.508	0.536	0.300	64.170	4060	2114
74	0.140	96.724	45.927	1.431	96.520	45.678	0.402	0.487	0.529	0.337	116.728	4564	2158
75	0.127	91.338	46.426	1.341	91.122	46.249	0.444	0.381	0.486	0.333	31.110	4313	2185
76	0.137	37.413	46.503	1.366	37.190	46.313	0.466	0.360	0.483	0.360	5.503	1766	2188
77	0.119	41.057	47.584	1.311	40.894	47.350	0.339	0.466	0.462	0.327	83.967	1938	2237
78	0.122	107.325	47.926	1.336	107.146	47.710	0.360	0.423	0.457	0.340	60.527	5069	2254
79	0.129	13.184	47.914	1.341	12.954	47.731	0.487	0.339	0.481	0.340	168.216	619	2255
80	0.129	117.673	48.718	1.413	117.412	48.535	0.508	0.360	0.518	0.316	28.324	5558	2293
81	0.116	120.059	49.080	1.281	119.888	48.853	0.339	0.444	0.462	0.320	66.463	5674	2308
82	0.121	17.764	49.064	1.341	17.547	48.874	0.423	0.402	0.493	0.314	41.945	840	2309
83	0.131	108.552	49.374	1.383	108.310	49.191	0.466	0.381	0.481	0.347	17.829	5130	2324
84	0.135	73.824	50.123	1.376	73.618	49.890	0.402	0.466	0.488	0.353	55.760	3488	2357
85	0.147	119.953	50.688	1.453	119.740	50.461	0.444	0.487	0.511	0.367	51.117	5668	2384
86	0.131	47.620	51.026	1.401	47.371	50.842	0.508	0.360	0.521	0.321	19.255	2251	2402
87	0.128	54.233	51.074	1.329	54.017	50.885	0.444	0.381	0.460	0.353	22.650	2561	2404
88	0.152	83.656	51.167	1.521	83.354	50.969	0.572	0.381	0.562	0.345	16.914	3955	2408
89	0.112	72.237	51.378	1.239	72.030	51.202	0.423	0.339	0.434	0.328	164.494	3410	2419
90	0.131	31.686	51.405	1.336	31.454	51.223	0.466	0.339	0.476	0.350	179.046	1493	2420
91	0.120	118.403	51.773	1.334	118.216	51.541	0.402	0.444	0.431	0.355	72.857	5592	2435
92	0.100	25.136	51.962	1.196	24.934	51.774	0.381	0.360	0.444	0.287	42.649	1189	2446
93	0.109	94.118	52.047	1.226	93.895	51.880	0.444	0.318	0.443	0.315	9.627	4444	2451
94	0.120	34.798	52.161	1.304	34.565	51.985	0.466	0.360	0.455	0.335	20.362	1645	2456
95	0.118	84.940	52.394	1.304	84.709	52.197	0.444	0.381	0.455	0.331	37.816	4013	2466
96	0.119	40.920	52.594	1.329	40.704	52.409	0.466	0.360	0.468	0.323	17.386	1932	2476
97	0.125	100.393	52.764	1.323	100.161	52.599	0.466	0.339	0.467	0.340	165.726	4736	2485
98	0.123	14.944	52.804	1.294	14.732	52.620	0.423	0.360	0.428	0.366	173.021	702	2486
99	0.086	126.618	53.007	1.057	126.450	52.832	0.339	0.339	0.337	0.324	136.098	5981	2496
100	0.131	107.998	53.077	1.353	107.760	52.917	0.487	0.339	0.483	0.346	178.447	5096	2500
101	0.123	81.990	53.824	1.304	81.809	53.594	0.360	0.466	0.474	0.330	113.698	3869	2532
102	0.144	36.841	54.318	1.431	36.618	54.102	0.466	0.423	0.502	0.366	37.734	1740	2556
103	0.111	53.288	54.375	1.353	53.044	54.187	0.444	0.381	0.437	0.324	36.098	2523	2560
104	0.117	45.185	55.540	1.299	45.022	55.287	0.318	0.487	0.471	0.316	93.253	2134	2612
105	0.125	44.432	55.832	1.366	44.260	55.626	0.381	0.444	0.490	0.325	62.133	2098	2628
106	0.120	21.149	56.218	1.311	20.997	55.986	0.318	0.487	0.470	0.324	87.800	997	2645
107	0.125	44.020	56.318	1.341	43.836	56.092	0.360	0.466	0.473	0.335	68.642	2081	2650
108	0.125	105.073	56.258	1.348	104.838	56.092	0.487	0.318	0.498	0.318	167.179	4958	2650
109	0.124	127.785	56.573	1.346	127.593	56.346	0.423	0.423	0.455	0.347	133.029	6031	2662
110	0.124	92.580	56.847	1.394	92.392	56.600	0.381	0.487	0.525	0.301	61.318	4376	2674
111	0.118	45.546	57.194	1.281	45.339	57.002	0.402	0.381	0.464	0.323	140.559	2146	2693
112	0.127	22.842	57.213	1.341	22.606	57.023	0.466	0.360	0.478	0.338	14.523	1080	2694
113	0.124	123.924	57.368	1.323	123.698	57.192	0.466	0.339	0.477	0.330	13.148	5853	2702
114	0.138	41.927	57.447	1.383	41.741	57.214	0.381	0.466	0.496	0.353	63.615	1981	2703
115	0.118	103.456	57.623	1.281	103.230	57.446	0.444	0.339	0.451	0.334	171.753	4885	2714
116	0.125	66.037	57.677	1.381	65.765	57.489	0.487	0.402	0.465	0.342	29.516	3119	2716
117	0.132	82.927	58.129	1.359	82.698	57.933	0.444	0.402	0.491	0.343	39.992	3916	2737
118	0.140	41.103	58.240	1.388	40.873	58.039	0.466	0.402	0.502	0.355	32.640	1940	2742
119	0.126	108.958	58.241	1.376	108.670	58.081	0.529	0.339	0.498	0.323	174.133	5144	2744
120	0.155	87.913	58.777	1.558	87.736	58.484	0.360	0.572	0.582	0.338	78.275	4156	2763
121	0.129	11.068	58.989	1.383	10.816	58.822	0.487	0.339	0.500	0.329	168.779	517	2779
122	0.116	33.130	59.433	1.329	32.893	59.246	0.444	0.381	0.488	0.304	34.279	1566	2799
123	0.121	82.223	60.075	1.311	82.000	59.902	0.466	0.339	0.484	0.317	160.556	3878	2830
124	0.115	14.956	60.492	1.311	14.690	60.325	0.487	0.318	0.480	0.304	16.513	706	2850
125	0.125	51.389	60.731	1.299	51.223	60.494	0.339	0.466	0.457	0.347	83.219	2428	2858
126	0.138	105.573	60.924	1.413	105.304	60.748	0.529	0.339	0.532	0.329	167.078	4983	2870
127	0.133	50.879	61.315	1.413	50.694	61.045	0.360	0.508	0.507	0.333	75.409	2403	2884
128	0.141	108.464	61.243	1.413	108.204	61.066	0.508	0.360	0.512	0.350	172.450	5120	2885
129	0.109	54.180	61.390	1.294	54.017	61.150	0.318	0.466	0.465	0.300	81.073	2562	2889
130	0.124	95.280	61.384	1.304	95.081	61.193	0.423	0.402	0.483	0.326	41.992	4500	2891
131	0.118	111.721	61.527	1.294	111.485	61.383	0.466	0.318	0.462	0.326	176.676	5270	2900
132	0.105	45.295	61.677	1.214	45.127	61.468	0.360	0.402	0.452	0.297	125.700	2134	2904
133	0.128	16.707	61.914	1.359	16.510	61.701	0.402	0.444	0.471	0.346	50.841	790	2915
134	0.136	69.101	62.099	1.406	68.876	61.849	0.423	0.466	0.498	0.347	52.832	3267	2922
135	0.121	41.015	62.142	1.323	40.852	61.912	0.339	0.466	0.480	0.320	74.976	1936	2925
136	0.123	88.059	62.838	1.341	87.884	62.611	0.381	0.444	0.485	0.322	120.566	4155	2958
137	0.110	119.667	63.631	1.251	119.444	63.458	0.423	0.339	0.429	0.326	15.874	5653	2998
138	0.122	28.629	64.058	1.359	28.427	63.818	0.381	0.466	0.489	0.317	55.348	1356	3015
139	0.108	30.493	64.244	1.244	30.332	64.008	0.318	0.466	0.451	0.306	75.025	1442	3024
140	0.145	19.729	64.291	1.461	19.537	64.029	0.381	0.529	0.516	0.358	98.520	931	3025
141	0.126	110.442	64.370	1.311	110.215	64.198	0.444	0.360	0.459	0.351	159.801	5211	3033
142	0.119	36.543	64.621	1.306	36.386	64.389	0.318	0.466	0.485	0.312	74.625	1725	3042
143	0.130	51.897	64.706	1.341	51.710	64.474	0.360	0.466	0.474	0.349	83.251	2449	3046
144	0.121	86.178	64.721	1.304	85.979	64.495	0.381	0.444	0.462	0.335	120.343	4067	3047
145	0.103	116.356	64.998	1.221	116.142	64.834	0.423	0.318	0.444	0.296	162.698	5493	3063
146	0.127	113.481	65.029	1.364	113.242	64.855	0.487	0.360	0.484	0.333	166.861	5356	3064
147	0.135	33.035	65.175	1.401	32.830	64.960	0.423	0.444	0.523	0.329	48.640	1562	3069
148	0.092	125.787	65.210	1.112	125.603	65.045	0.360	0.339	0.351	0.335	34.872	5940	3073
149	0.128	104.382	65.457	1.353	104.140	65.299	0.487	0.339	0.489	0.334	173.718	4924	3085
150	0.136	90.890	65.591	1.401	90.678	65.363	0.423	0.444	0.508	0.341	51.386	4294	3088
151	0.137	62.450	65.670	1.383	62.272	65.405	0.339	0.508	0.504	0.345	86.942	2951	3090
152	0.102	47.471	65.641	1.214	47.286	65.447	0.360	0.402	0.436	0.297	123.973	2237	3092
153	0.127	54.547	66.372	1.418	54.356	66.146	0.360	0.487	0.472	0.343	79.361	2576	3125
154	0.119	106.188	66.511	1.341	105.939	66.358	0.508	0.318	0.515	0.293	15.804	5016	3135
155	0.113	34.225	66.675	1.256	34.036	66.484	0.381	0.402	0.451	0.319	46.782	1617	3141
156	0.123	78.803	67.581	1.311	78.571	67.395	0.444	0.360	0.466	0.336	26.478	3723	3184
157	0.129	21.736	67.820	1.383	21.526	67.606	0.444	0.402	0.499	0.329	142.401	1018	3194
158	0.116	13.554	67.897	1.294	13.314	67.733	0.466	0.318	0.470	0.315	17.020	638	3200
159	0.118	67.798	67.973	1.274	67.606	67.755	0.381	0.423	0.455	0.330	53.339	3203	3201
160	0.132	120.204	68.110	1.359	119.994	67.903	0.402	0.444	0.503	0.334	128.476	5672	3208
161	0.115	49.114	68.554	1.316	48.874	68.368	0.444	0.381	0.444	0.330	144.891	2318	3230
162	0.136	109.909	68.625	1.371	109.664	68.453	0.487	0.360	0.477	0.363	172.331	5186	3234
163	0.142	126.564	68.935	1.413	126.302	68.749	0.508	0.360	0.513	0.351	3.433	5983	3248
164	0.133	111.811	69.123	1.366	111.570	68.961	0.487	0.339	0.498	0.339	174.524	5276	3258
165	0.119	88.280	69.297	1.269	88.117	69.067	0.339	0.444	0.450	0.336	103.916	4168	3263
166	0.132	121.831	69.571	1.396	121.645	69.321	0.381	0.466	0.496	0.338	110.956	5752	3275
167	0.126	71.049	69.711	1.299	70.845	69.532	0.423	0.381	0.448	0.358	32.110	3353	3285
168	0.110	17.998	69.839	1.356	17.780	69.638	0.423	0.423	0.404	0.346	55.861	850	3290
169	0.122	51.765	70.567	1.321	51.541	70.358	0.423	0.423	0.447	0.347	40.189	2446	3324
170	0.122	54.593	70.766	1.311	54.356	70.591	0.466	0.339	0.455	0.342	179.519	2577	3335
171	0.108	96.980	72.416	1.239	96.753	72.242	0.423	0.339	0.422	0.326	171.679	4581	3413
172	0.115	53.984	73.275	1.316	53.784	73.067	0.423	0.402	0.464	0.315	147.656	2543	3452
173	0.112	12.888	73.276	1.281	12.658	73.131	0.487	0.296	0.487	0.294	176.668	602	3455
174	0.128	68.013	73.807	1.323	67.776	73.639	0.466	0.339	0.479	0.340	12.578	3210	3479
175	0.132	86.266	73.918	1.366	86.021	73.745	0.487	0.339	0.514	0.327	160.775	4068	3484
176	0.146	28.177	74.229	1.461	27.898	74.041	0.550	0.360	0.535	0.347	4.282	1331	3498
177	0.103	68.264	74.746	1.219	68.051	74.570	0.402	0.360	0.414	0.318	25.806	3227	3523
178	0.155	13.037	75.073	1.496	12.785	74.845	0.508	0.444	0.545	0.362	148.304	609	3536
179	0.138	42.981	75.335	1.413	42.714	75.163	0.529	0.339	0.536	0.328	167.726	2024	3551
180	0.127	87.046	75.676	1.346	86.804	75.502	0.487	0.360	0.505	0.320	27.981	4111	3567
181	0.115	118.324	77.018	1.281	118.110	76.835	0.423	0.360	0.473	0.310	31.925	5591	3630
182	0.114	118.705	77.272	1.274	118.533	77.047	0.339	0.466	0.459	0.316	108.903	5606	3640
183	0.136	52.381	77.783	1.401	52.155	77.576	0.423	0.444	0.498	0.348	128.830	2469	3665
184	0.128	102.272	77.830	1.346	102.066	77.618	0.444	0.402	0.477	0.341	143.364	4826	3667
185	0.109	39.595	78.127	1.281	39.370	77.957	0.444	0.339	0.468	0.298	154.242	1866	3683
186	0.101	23.376	79.645	1.323	23.220	79.417	0.381	0.423	0.460	0.280	121.308	1099	3752
187	0.137	14.824	79.676	1.413	14.584	79.502	0.508	0.360	0.515	0.338	13.922	697	3756
188	0.139	67.811	79.798	1.383	67.564	79.629	0.508	0.339	0.505	0.351	175.301	3197	3762
189	0.113	28.175	80.041	1.256	27.982	79.841	0.381	0.402	0.455	0.316	129.595	1327	3772
190	0.128	50.851	80.475	1.329	50.673	80.243	0.360	0.466	0.483	0.336	110.673	2398	3791
191	0.119	114.417	80.531	1.311	114.236	80.328	0.381	0.423	0.489	0.309	52.883	5405	3795
192	0.129	65.245	80.839	1.341	65.066	80.603	0.360	0.466	0.477	0.345	110.302	3078	3808
193	0.118	87.942	81.548	1.299	87.694	81.365	0.466	0.339	0.460	0.326	173.616	4154	3844
194	0.117	26.421	81.687	1.274	26.204	81.492	0.423	0.381	0.454	0.328	35.311	1250	3850
195	0.104	29.924	81.920	1.249	29.718	81.724	0.381	0.423	0.470	0.282	131.298	1407	3861
196	0.134	78.414	82.311	1.366	78.190	82.106	0.444	0.381	0.484	0.352	23.417	3708	3879
197	0.123	99.321	83.217	1.286	99.124	83.016	0.402	0.402	0.450	0.348	43.504	4691	3922
198	0.132	89.381	83.503	1.388	89.133	83.333	0.508	0.360	0.515	0.326	163.592	4215	3937
199	0.120	102.753	84.437	1.359	102.531	84.264	0.466	0.360	0.449	0.339	8.001	4853	3981
200	0.108	67.635	84.868	1.281	67.479	84.624	0.296	0.487	0.475	0.288	82.466	3195	3998
201	0.115	118.683	85.273	1.286	118.491	85.069	0.381	0.423	0.459	0.318	52.104	5607	4019
202	0.131	103.387	85.601	1.348	103.145	85.450	0.487	0.318	0.501	0.332	0.104	4878	4037
203	0.129	23.243	86.021	1.371	23.072	85.767	0.339	0.508	0.495	0.332	94.590	1096	4052
204	0.137	64.863	86.454	1.408	64.706	86.191	0.318	0.529	0.529	0.329	88.627	3062	4072
205	0.128	118.035	87.420	1.436	117.835	87.186	0.381	0.466	0.476	0.342	115.947	5573	4119
206	0.114	120.743	87.801	1.256	120.544	87.609	0.423	0.360	0.405	0.359	179.941	5700	4139
207	0.127	108.682	87.848	1.329	108.437	87.672	0.466	0.360	0.471	0.343	171.770	5133	4142
208	0.133	82.388	87.988	1.359	82.169	87.799	0.466	0.381	0.486	0.349	25.184	3891	4148
209	0.097	47.392	88.142	1.179	47.244	87.926	0.296	0.423	0.431	0.287	77.080	2238	4154
210	0.112	56.038	88.156	1.261	55.838	87.948	0.381	0.423	0.449	0.319	123.576	2643	4155
211	0.116	122.712	88.476	1.276	122.470	88.328	0.466	0.296	0.475	0.310	0.033	5792	4173
212	0.050	128.435	88.915	0.913	128.291	88.794	0.318	0.233	0.298	0.215	179.671	6064	4195
213	0.098	100.526	89.323	1.137	100.330	89.175	0.381	0.318	0.389	0.321	165.098	4743	4213
214	0.135	75.606	89.486	1.406	75.417	89.239	0.402	0.487	0.532	0.324	119.836	3566	4216
215	0.130	45.861	89.705	1.353	45.656	89.493	0.402	0.423	0.489	0.338	45.585	2169	4228
216	0.124	76.701	89.839	1.346	76.496	89.577	0.381	0.466	0.467	0.338	63.444	3624	4232
217	0.123	81.618	90.110	1.281	81.407	89.937	0.423	0.360	0.431	0.362	1.676	3852	4249
218	0.138	31.391	90.203	1.406	31.200	89.958	0.402	0.487	0.509	0.345	64.062	1483	4250
219	0.131	105.313	90.391	1.371	105.071	90.234	0.508	0.339	0.485	0.344	175.028	4967	4263
220	0.144	79.122	90.895	1.418	78.888	90.699	0.487	0.402	0.504	0.365	20.704	3736	4285
221	0.150	120.455	90.943	1.456	120.184	90.763	0.508	0.381	0.510	0.374	2.784	5689	4288
222	0.125	31.651	91.031	1.329	31.411	90.847	0.466	0.360	0.482	0.330	21.768	1495	4292
223	0.124	71.236	91.752	1.334	71.014	91.546	0.423	0.423	0.474	0.333	134.747	3361	4325
224	0.123	126.052	92.272	1.311	125.836	92.096	0.444	0.360	0.465	0.338	160.642	5949	4351
225	0.117	125.621	92.730	1.234	125.413	92.562	0.402	0.339	0.422	0.354	168.911	5929	4373
226	0.116	114.337	93.187	1.311	114.088	93.028	0.466	0.339	0.456	0.324	161.705	5397	4395
227	0.129	78.546	93.382	1.329	78.338	93.197	0.444	0.381	0.460	0.357	159.020	3704	4403
228	0.124	107.833	93.774	1.316	107.611	93.599	0.466	0.360	0.472	0.335	161.306	5087	4422
229	0.145	52.815	94.285	1.456	52.642	94.022	0.360	0.529	0.539	0.342	98.958	2490	4442
230	0.122	78.833	94.759	1.329	78.613	94.594	0.487	0.339	0.471	0.331	174.662	3718	4469
231	0.112	99.551	95.002	1.269	99.335	94.827	0.423	0.360	0.445	0.319	148.994	4697	4480
232	0.130	52.976	95.204	1.346	52.790	94.975	0.381	0.466	0.489	0.340	120.433	2497	4487
233	0.120	23.433	95.145	1.329	23.199	94.996	0.487	0.339	0.476	0.321	15.438	1103	4488
234	0.136	26.752	95.386	1.394	26.564	95.123	0.360	0.529	0.495	0.349	90.880	1263	4494
235	0.134	17.566	95.641	1.346	17.357	95.419	0.423	0.423	0.487	0.351	136.843	825	4508
236	0.123	60.671	95.843	1.366	60.516	95.589	0.318	0.508	0.520	0.302	101.147	2864	4516
237	0.137	45.454	96.059	1.418	45.233	95.843	0.444	0.444	0.518	0.336	44.143	2150	4528
238	0.125	90.724	96.233	1.286	90.509	96.033	0.423	0.381	0.454	0.349	33.001	4285	4537
239	0.124	54.559	96.409	1.348	54.398	96.160	0.318	0.487	0.497	0.317	92.236	2576	4543
240	0.115	51.538	96.513	1.286	51.372	96.287	0.318	0.487	0.462	0.317	94.707	2434	4549
241	0.126	122.532	96.971	1.329	122.280	96.795	0.487	0.339	0.484	0.331	168.602	5784	4573
242	0.129	13.904	97.052	1.364	13.652	96.859	0.487	0.381	0.505	0.327	28.177	658	4576
243	0.129	65.290	97.103	1.371	65.130	96.859	0.339	0.508	0.506	0.324	88.940	3081	4576
244	0.132	31.813	97.334	1.381	31.581	97.092	0.423	0.466	0.475	0.355	121.395	1501	4587
245	0.142	81.830	97.321	1.413	81.576	97.155	0.508	0.360	0.504	0.358	174.125	3859	4590
246	0.113	122.151	97.550	1.256	121.920	97.388	0.444	0.339	0.447	0.323	161.346	5765	4601
247	0.138	77.383	97.723	1.383	77.152	97.536	0.466	0.381	0.490	0.358	161.137	3649	4608
248	0.135	80.959	97.844	1.413	80.708	97.684	0.529	0.339	0.532	0.324	176.100	3818	4615
249	0.131	36.692	98.426	1.371	36.449	98.256	0.508	0.339	0.491	0.339	5.847	1728	4642
250	0.128	89.923	98.459	1.366	89.683	98.298	0.487	0.339	0.503	0.324	171.090	4242	4644
251	0.146	99.234	99.057	1.468	98.954	98.891	0.550	0.339	0.539	0.345	179.976	4683	4672
252	0.125	78.060	99.596	1.304	77.851	99.399	0.423	0.402	0.474	0.337	137.492	3682	4696
253	0.154	91.757	99.818	1.491	91.504	99.589	0.487	0.444	0.539	0.364	35.669	4337	4705
254	0.129	98.040	100.116	1.336	97.790	99.949	0.487	0.318	0.492	0.335	0.257	4626	4722
255	0.102	126.292	101.656	1.214	126.048	101.494	0.444	0.318	0.414	0.313	173.279	5963	4795
256	0.112	108.039	102.243	1.239	107.823	102.087	0.423	0.339	0.440	0.324	12.174	5101	4823
257	0.129	55.652	102.509	1.388	55.457	102.277	0.402	0.444	0.475	0.344	129.107	2622	4832
258	0.126	89.032	102.607	1.359	88.773	102.426	0.487	0.360	0.482	0.332	12.098	4207	4839
259	0.104	73.581	102.753	1.209	73.385	102.595	0.402	0.339	0.392	0.339	163.580	3470	4847
260	0.121	50.149	103.713	1.326	49.911	103.505	0.444	0.423	0.465	0.330	36.422	2371	4890
261	0.125	38.801	103.924	1.334	38.608	103.696	0.381	0.466	0.479	0.333	111.929	1828	4899
262	0.105	50.517	104.074	1.226	50.313	103.907	0.423	0.339	0.450	0.298	30.548	2386	4909
263	0.135	113.786	104.284	1.388	113.538	104.076	0.466	0.402	0.510	0.338	32.943	5377	4917
264	0.105	10.293	105.508	1.202	10.096	105.325	0.381	0.360	0.387	0.345	21.576	485	4976
265	0.122	50.492	106.053	1.316	50.292	105.854	0.402	0.423	0.472	0.330	47.757	2384	5001
266	0.114	43.837	106.449	1.274	43.646	106.236	0.381	0.423	0.449	0.324	58.003	2070	5019
267	0.104	108.533	106.949	1.179	108.331	106.786	0.402	0.318	0.427	0.310	157.656	5122	5045
268	0.126	63.602	107.695	1.341	63.436	107.442	0.339	0.487	0.486	0.330	83.536	3005	5076
269	0.127	89.379	107.777	1.359	89.112	107.590	0.487	0.360	0.478	0.339	15.092	4222	5083
270	0.117	41.671	107.971	1.281	41.508	107.760	0.339	0.444	0.451	0.330	72.333	1966	5091
271	0.125	118.918	108.044	1.341	118.682	107.865	0.466	0.360	0.470	0.338	152.774	5612	5096
272	0.123	67.600	108.270	1.346	67.416	108.014	0.381	0.466	0.461	0.341	115.025	3190	5103
273	0.134	90.226	108.564	1.371	90.043	108.310	0.360	0.487	0.483	0.353	75.577	4262	5117
274	0.099	63.231	108.622	1.239	63.098	108.395	0.275	0.466	0.470	0.269	83.494	2985	5121
275	0.118	120.035	108.791	1.281	119.824	108.606	0.402	0.360	0.423	0.354	159.565	5668	5131
276	0.105	77.970	108.878	1.209	77.830	108.648	0.296	0.444	0.440	0.305	93.546	3681	5133
277	0.136	80.670	108.861	1.394	80.433	108.648	0.466	0.423	0.503	0.343	143.143	3805	5133
278	0.119	76.139	109.621	1.286	75.946	109.410	0.381	0.423	0.469	0.322	122.358	3591	5169
279	0.050	72.393	109.654	0.860	72.284	109.516	0.233	0.296	0.308	0.207	65.100	3419	5174
280	0.138	114.060	110.151	1.406	113.834	109.940	0.466	0.423	0.527	0.332	38.997	5391	5194
281	0.125	97.068	110.535	1.316	96.838	110.342	0.444	0.381	0.468	0.341	152.860	4581	5213
282	0.124	66.998	110.627	1.299	66.802	110.426	0.402	0.402	0.458	0.345	136.615	3158	5217
283	0.106	109.272	110.755	1.304	109.093	110.511	0.381	0.444	0.464	0.290	129.341	5157	5221
284	0.140	32.308	110.769	1.486	32.046	110.596	0.508	0.360	0.510	0.350	6.421	1526	5225
285	0.138	59.084	110.815	1.371	58.864	110.617	0.444	0.402	0.499	0.352	34.082	2790	5226
286	0.130	68.756	111.696	1.341	68.517	111.527	0.487	0.339	0.486	0.340	179.423	3243	5269
287	0.126	45.926	111.841	1.353	45.741	111.633	0.381	0.444	0.476	0.338	60.793	2170	5274
288	0.144	94.816	112.096	1.436	94.573	111.887	0.487	0.423	0.529	0.346	32.634	4481	5286
289	0.110	68.433	112.216	1.226	68.262	112.014	0.360	0.402	0.435	0.322	124.822	3228	5292
290	0.122	23.693	112.236	1.341	23.516	112.035	0.381	0.444	0.481	0.322	58.412	1118	5293
291	0.125	53.271	112.801	1.329	53.044	112.586	0.423	0.402	0.467	0.342	41.184	2517	5319
292	0.134	27.469	113.210	1.406	27.263	112.945	0.402	0.487	0.500	0.341	62.716	1298	5336
293	0.129	37.697	113.458	1.353	37.465	113.284	0.466	0.360	0.461	0.355	166.305	1775	5352
294	0.136	25.002	113.847	1.413	24.829	113.580	0.339	0.529	0.524	0.331	101.252	1179	5366
295	0.144	43.632	114.070	1.426	43.434	113.856	0.402	0.466	0.497	0.369	61.985	2059	5379
296	0.136	51.848	114.304	1.383	51.647	114.088	0.402	0.444	0.498	0.347	54.343	2448	5390
297	0.117	25.638	115.298	1.281	25.485	115.062	0.318	0.466	0.471	0.316	81.738	1209	5436
298	0.134	91.441	115.430	1.401	91.250	115.189	0.381	0.487	0.519	0.330	65.413	4320	5442
299	0.123	29.171	115.525	1.329	28.956	115.316	0.423	0.402	0.480	0.327	35.161	1380	5448
300	0.127	62.185	116.101	1.346	61.997	115.866	0.381	0.466	0.483	0.335	56.079	2940	5474
301	0.134	74.599	116.072	1.401	74.337	115.888	0.508	0.360	0.512	0.333	165.434	3521	5475
302	0.135	34.748	117.691	1.359	34.523	117.496	0.466	0.381	0.487	0.354	25.158	1641	5551
303	0.137	33.239	118.240	1.371	33.020	118.046	0.466	0.381	0.473	0.368	17.605	1568	5577
304	0.123	103.877	118.241	1.334	103.674	118.046	0.444	0.402	0.480	0.327	36.460	4907	5577
305	0.132	81.945	118.439	1.346	81.746	118.216	0.423	0.423	0.472	0.355	134.381	3865	5585
306	0.116	104.852	118.755	1.281	104.627	118.597	0.466	0.318	0.462	0.321	8.759	4949	5603
307	0.109	94.909	118.829	1.274	94.678	118.660	0.466	0.339	0.467	0.298	19.812	4486	5606
308	0.121	64.532	119.125	1.329	64.326	118.914	0.402	0.423	0.457	0.337	49.338	3048	5618
309	0.124	116.341	119.257	1.346	116.099	119.062	0.466	0.381	0.476	0.330	153.019	5493	5625
310	0.103	21.804	119.835	1.179	21.611	119.676	0.402	0.318	0.423	0.310	162.910	1023	5654
311	0.124	45.211	119.914	1.329	44.979	119.719	0.444	0.381	0.468	0.337	27.711	2139	5656
312	0.042	39.209	120.156	0.818	39.095	120.036	0.233	0.254	0.237	0.227	155.943	1849	5671
313	0.136	53.807	120.363	1.401	53.615	120.100	0.381	0.487	0.498	0.348	65.787	2543	5674
314	0.134	62.273	121.077	1.378	62.040	120.904	0.466	0.360	0.500	0.340	16.904	2940	5712
315	0.108	117.548	121.804	1.299	117.327	121.645	0.487	0.318	0.477	0.287	2.179	5549	5747
316	0.149	50.712	122.609	1.456	50.482	122.386	0.444	0.444	0.520	0.365	40.938	2398	5782
317	0.126	34.201	122.974	1.336	33.973	122.809	0.466	0.339	0.464	0.347	174.558	1610	5802
318	0.069	112.352	123.765	1.017	112.226	123.592	0.254	0.360	0.375	0.234	84.107	5305	5839
319	0.129	85.815	124.014	1.334	85.598	123.825	0.466	0.381	0.475	0.346	154.403	4047	5850
320	0.129	92.286	124.297	1.443	92.117	124.058	0.360	0.529	0.508	0.325	72.608	4358	5861
321	0.119	30.764	124.448	1.346	30.544	124.248	0.466	0.381	0.495	0.307	143.647	1448	5870
322	0.124	69.550	125.653	1.304	69.321	125.476	0.466	0.360	0.457	0.345	160.612	3280	5928
323	0.136	111.510	125.754	1.406	111.294	125.518	0.423	0.466	0.516	0.336	49.618	5270	5930
324	0.125	98.221	125.860	1.346	98.002	125.645	0.423	0.423	0.491	0.324	45.433	4642	5936
325	0.103	114.641	125.972	1.279	114.490	125.730	0.318	0.487	0.449	0.293	78.750	5416	5940
326	0.112	100.133	127.331	1.239	99.949	127.148	0.381	0.381	0.444	0.321	43.210	4729	6007
327	0.119	113.683	127.454	1.281	113.517	127.233	0.339	0.444	0.452	0.335	80.046	5368	6011
328	0.133	111.148	127.538	1.396	110.956	127.318	0.381	0.466	0.496	0.340	58.762	5252	6015
329	0.111	70.187	128.140	1.271	69.998	127.952	0.381	0.360	0.380	0.372	23.821	3318	6045
330	0.119	84.498	128.323	1.299	84.307	128.101	0.381	0.423	0.452	0.335	54.191	3992	6052
331	0.136	112.668	128.998	1.401	112.458	128.778	0.423	0.444	0.512	0.338	54.183	5322	6084
332	0.135	66.674	129.672	1.401	66.463	129.455	0.402	0.444	0.485	0.355	61.918	3148	6116
333	0.134	41.290	130.151	1.383	41.106	129.900	0.360	0.487	0.507	0.337	106.677	1947	6137
334	0.099	94.334	130.563	1.184	94.170	130.344	0.318	0.423	0.418	0.303	96.039	4454	6158
335	0.088	95.716	130.716	1.094	95.568	130.535	0.296	0.381	0.381	0.293	76.023	4520	6167
336	0.114	76.604	131.027	1.244	76.390	130.831	0.423	0.360	0.435	0.333	163.539	3618	6181
337	0.139	93.165	131.355	1.510	93.006	131.085	0.318	0.550	0.557	0.319	95.919	4397	6193
338	0.133	40.647	131.337	1.376	40.450	131.106	0.381	0.466	0.465	0.363	96.097	1918	6194
339	0.128	50.672	131.641	1.334	50.461	131.445	0.444	0.402	0.458	0.355	36.428	2392	6210
340	0.125	111.281	131.689	1.359	111.104	131.445	0.381	0.466	0.475	0.335	106.935	5253	6210
341	0.106	103.356	131.922	1.232	103.188	131.699	0.339	0.444	0.458	0.294	117.512	4879	6222
342	0.121	90.265	132.147	1.346	90.085	131.932	0.360	0.444	0.448	0.344	102.474	4260	6233
343	0.137	88.295	132.311	1.413	88.117	132.059	0.339	0.529	0.520	0.336	88.311	4169	6239
344	0.101	84.299	132.456	1.196	84.116	132.270	0.339	0.381	0.391	0.328	76.100	3980	6249
345	0.097	69.278	132.661	1.172	69.088	132.482	0.381	0.360	0.406	0.305	133.845	3268	6259
346	0.153	56.831	132.828	1.491	56.621	132.588	0.444	0.487	0.531	0.366	51.236	2686	6264
347	0.102	113.548	133.953	1.214	113.369	133.752	0.360	0.381	0.419	0.310	55.142	5364	6319
348	0.137	67.535	134.066	1.491	67.310	133.879	0.508	0.381	0.481	0.363	17.130	3191	6325
349	0.108	47.601	134.172	1.251	47.456	133.943	0.296	0.466	0.463	0.298	92.317	2246	6328
