 	Area	X	Y	Perim.	BX	BY	Width	Height	Major	Minor	Angle	XStart	YStart
1	0.127	39.235	12.886	1.353	39.074	12.636	0.318	0.508	0.511	0.317	102.336	1850	597
2	0.147	85.349	13.352	1.515	85.175	13.039	0.339	0.593	0.582	0.322	95.797	4030	616
3	0.145	112.581	13.529	1.503	112.416	13.229	0.339	0.593	0.569	0.325	77.364	5321	625
4	0.175	116.413	16.153	1.690	116.226	15.833	0.381	0.656	0.649	0.343	75.879	5501	748
5	0.135	55.358	16.210	1.443	55.182	15.938	0.339	0.550	0.534	0.321	79.150	2616	753
6	0.120	48.989	16.562	1.299	48.832	16.320	0.318	0.487	0.479	0.319	90.547	2313	771
7	0.088	41.650	16.865	1.124	41.508	16.658	0.275	0.423	0.415	0.270	88.444	1966	787
8	0.093	52.576	17.101	1.154	52.430	16.891	0.296	0.423	0.422	0.281	97.128	2482	798
9	0.081	46.852	17.115	1.052	46.694	16.954	0.318	0.339	0.348	0.295	104.383	2209	801
10	0.099	44.350	17.327	1.184	44.196	17.124	0.318	0.423	0.413	0.306	78.572	2093	809
11	0.121	85.203	18.262	1.341	85.048	18.013	0.318	0.508	0.495	0.311	92.868	4023	851
12	0.134	69.869	19.707	1.461	69.702	19.431	0.339	0.550	0.546	0.313	85.999	3300	918
13	0.101	13.829	20.935	1.209	13.610	20.786	0.444	0.296	0.450	0.285	0.374	651	982
14	0.135	68.461	22.676	1.431	68.284	22.416	0.360	0.529	0.538	0.320	71.695	3234	1059
15	0.141	16.467	26.327	1.448	16.214	26.141	0.529	0.381	0.544	0.330	157.683	770	1235
16	0.141	67.722	26.472	1.491	67.437	26.289	0.572	0.360	0.591	0.304	161.463	3191	1242
17	0.148	10.305	26.865	1.436	10.096	26.649	0.444	0.466	0.515	0.367	46.561	486	1259
18	0.126	70.471	27.059	1.401	70.294	26.797	0.339	0.529	0.560	0.287	111.507	3324	1266
19	0.160	77.429	27.296	1.600	77.237	26.988	0.381	0.593	0.609	0.334	109.882	3651	1275
20	0.143	35.427	27.330	1.443	35.158	27.157	0.529	0.360	0.538	0.339	14.205	1674	1283
21	0.147	20.742	27.453	1.461	20.532	27.199	0.423	0.487	0.552	0.340	125.857	975	1285
22	0.127	114.138	27.647	1.346	113.961	27.411	0.360	0.487	0.505	0.320	62.154	5393	1295
23	0.154	65.939	27.654	1.503	65.638	27.474	0.572	0.360	0.576	0.339	163.594	3107	1298
24	0.160	89.381	27.795	1.558	89.112	27.580	0.529	0.423	0.590	0.346	29.888	4225	1303
25	0.134	70.973	27.872	1.388	70.802	27.622	0.339	0.529	0.528	0.323	106.906	3348	1305
26	0.096	78.858	28.711	1.167	78.676	28.533	0.360	0.360	0.427	0.286	46.306	3726	1348
27	0.137	37.825	30.379	1.401	37.592	30.184	0.487	0.381	0.516	0.337	157.678	1781	1426
28	0.137	84.480	30.963	1.431	84.286	30.713	0.381	0.508	0.543	0.322	61.919	3993	1451
29	0.126	69.629	31.086	1.323	69.406	30.903	0.444	0.360	0.483	0.333	26.183	3289	1460
30	0.142	114.761	31.599	1.466	114.533	31.369	0.466	0.444	0.547	0.329	140.943	5415	1482
31	0.141	82.835	31.965	1.443	82.592	31.771	0.487	0.402	0.554	0.324	147.329	3903	1501
32	0.134	70.975	32.074	1.431	70.781	31.814	0.381	0.508	0.533	0.319	63.722	3356	1503
33	0.126	81.862	32.698	1.334	81.640	32.491	0.444	0.402	0.489	0.328	36.350	3870	1535
34	0.114	86.043	33.434	1.274	85.873	33.210	0.339	0.466	0.478	0.305	111.620	4060	1569
35	0.154	47.649	34.131	1.545	47.477	33.824	0.360	0.593	0.590	0.332	101.029	2247	1598
36	0.167	65.114	35.140	1.563	64.918	34.862	0.402	0.572	0.589	0.361	69.347	3076	1647
37	0.130	68.604	35.392	1.376	68.347	35.221	0.529	0.339	0.514	0.323	12.836	3240	1664
38	0.103	83.815	35.617	1.269	83.672	35.391	0.296	0.466	0.475	0.275	74.698	3959	1672
39	0.132	11.651	35.789	1.376	11.451	35.560	0.402	0.466	0.522	0.322	125.415	544	1680
40	0.122	69.684	35.812	1.329	69.511	35.581	0.360	0.466	0.482	0.323	111.354	3287	1681
41	0.083	48.882	36.210	1.064	48.726	36.026	0.296	0.360	0.385	0.274	114.850	2306	1702
42	0.138	89.492	36.342	1.448	89.302	36.068	0.360	0.550	0.553	0.319	108.285	4225	1704
43	0.148	85.994	36.353	1.456	85.810	36.089	0.360	0.529	0.536	0.352	84.029	4061	1705
44	0.147	91.330	36.512	1.510	91.165	36.216	0.339	0.572	0.571	0.328	86.274	4315	1711
45	0.151	99.332	38.760	1.521	99.060	38.544	0.529	0.423	0.570	0.338	32.050	4696	1821
46	0.151	83.000	39.277	1.510	82.825	38.989	0.339	0.572	0.575	0.334	94.047	3919	1842
47	0.134	44.593	39.211	1.378	44.344	39.052	0.508	0.318	0.516	0.331	177.473	2100	1845
48	0.129	93.038	39.507	1.401	92.879	39.243	0.318	0.529	0.519	0.315	90.717	4395	1854
49	0.150	98.189	40.239	1.503	97.980	39.984	0.402	0.529	0.570	0.335	118.915	4633	1889
50	0.116	113.293	41.451	1.286	113.115	41.233	0.360	0.444	0.481	0.306	120.419	5347	1948
51	0.145	64.118	41.638	1.503	63.860	41.423	0.508	0.423	0.562	0.328	35.735	3033	1957
52	0.112	39.182	41.701	1.304	38.968	41.529	0.444	0.339	0.452	0.317	166.812	1848	1962
53	0.158	96.709	42.613	1.545	96.520	42.333	0.381	0.550	0.561	0.358	99.450	4566	2000
54	0.143	63.784	42.864	1.473	63.521	42.672	0.529	0.381	0.569	0.321	26.076	3015	2016
55	0.153	92.434	43.678	1.508	92.181	43.476	0.529	0.423	0.576	0.339	30.380	4367	2054
56	0.134	19.150	43.977	1.388	18.944	43.752	0.423	0.444	0.516	0.332	130.715	898	2067
57	0.158	68.347	44.312	1.551	68.157	44.027	0.381	0.572	0.578	0.348	105.492	3224	2080
58	0.157	33.471	44.365	1.533	33.274	44.090	0.423	0.529	0.570	0.351	119.476	1577	2083
59	0.123	65.329	44.499	1.376	65.088	44.302	0.466	0.402	0.508	0.309	35.597	3089	2093
60	0.134	74.686	44.609	1.401	74.507	44.344	0.360	0.508	0.542	0.315	115.817	3525	2095
61	0.155	50.093	45.198	1.521	49.890	44.916	0.402	0.550	0.587	0.336	116.633	2361	2122
62	0.145	97.922	46.087	1.468	97.726	45.826	0.381	0.508	0.553	0.334	63.527	4627	2165
63	0.122	109.995	47.571	1.359	109.834	47.308	0.339	0.508	0.523	0.297	111.047	5192	2235
64	0.151	89.328	47.761	1.491	89.112	47.498	0.423	0.508	0.563	0.342	58.878	4222	2244
65	0.151	62.391	47.953	1.515	62.188	47.688	0.402	0.529	0.563	0.342	64.436	2948	2253
66	0.122	16.605	48.443	1.323	16.446	48.196	0.318	0.487	0.488	0.318	96.683	782	2277
67	0.137	116.219	48.617	1.388	116.036	48.366	0.360	0.508	0.518	0.336	109.532	5487	2285
68	0.149	69.100	49.039	1.498	68.940	48.747	0.318	0.593	0.583	0.325	85.304	3264	2303
69	0.134	81.784	49.207	1.388	81.555	49.001	0.466	0.402	0.505	0.338	31.081	3865	2315
70	0.134	47.334	49.422	1.426	47.159	49.149	0.339	0.529	0.528	0.323	100.805	2234	2322
71	0.136	37.440	50.269	1.424	37.190	50.059	0.487	0.423	0.546	0.318	141.464	1762	2365
72	0.120	69.378	50.347	1.316	69.215	50.102	0.339	0.487	0.486	0.315	71.039	3278	2367
73	0.138	106.490	50.508	1.401	106.299	50.271	0.381	0.487	0.534	0.329	118.851	5025	2375
74	0.100	79.333	51.117	1.264	79.206	50.885	0.275	0.466	0.481	0.264	96.392	3744	2404
75	0.139	125.649	52.675	1.456	125.391	52.493	0.508	0.381	0.546	0.324	155.942	5927	2480
76	0.138	55.902	53.666	1.438	55.732	53.404	0.339	0.529	0.536	0.329	86.336	2638	2523
77	0.112	61.238	53.857	1.269	61.066	53.636	0.339	0.444	0.475	0.300	61.315	2894	2534
78	0.146	17.183	53.988	1.463	17.018	53.721	0.339	0.529	0.555	0.335	75.377	810	2538
79	0.150	103.822	54.211	1.478	103.632	53.933	0.381	0.550	0.567	0.337	113.528	4901	2548
80	0.142	85.725	54.328	1.503	85.534	54.038	0.381	0.550	0.570	0.316	114.258	4045	2553
81	0.129	46.721	54.804	1.359	46.546	54.546	0.339	0.508	0.509	0.323	103.930	2204	2577
82	0.153	110.978	54.761	1.508	110.723	54.546	0.529	0.423	0.577	0.337	147.346	5234	2577
83	0.130	82.069	54.796	1.383	81.830	54.610	0.466	0.381	0.528	0.313	148.168	3868	2580
84	0.154	70.334	56.084	1.533	70.146	55.795	0.381	0.572	0.563	0.348	73.709	3327	2636
85	0.137	81.581	56.906	1.431	81.407	56.642	0.339	0.529	0.537	0.324	99.840	3850	2676
86	0.122	77.120	59.370	1.329	76.962	59.118	0.318	0.508	0.488	0.318	94.770	3642	2793
87	0.154	73.156	59.834	1.533	72.983	59.542	0.360	0.572	0.568	0.345	82.291	3456	2813
88	0.156	62.924	59.859	1.528	62.738	59.584	0.360	0.572	0.571	0.349	82.612	2972	2815
89	0.141	50.414	60.293	1.438	50.250	60.029	0.339	0.529	0.538	0.333	83.623	2380	2836
90	0.126	43.340	60.519	1.371	43.138	60.304	0.423	0.423	0.513	0.313	130.694	2040	2849
91	0.166	25.706	60.620	1.563	25.442	60.388	0.529	0.444	0.586	0.360	31.109	1220	2853
92	0.135	50.961	61.266	1.408	50.800	61.002	0.318	0.529	0.544	0.315	101.913	2403	2882
93	0.147	120.390	61.907	1.461	120.206	61.637	0.360	0.529	0.536	0.349	99.530	5684	2912
94	0.158	90.183	62.285	1.528	90.001	61.997	0.360	0.572	0.574	0.350	76.696	4261	2929
95	0.155	99.260	62.419	1.498	98.996	62.230	0.529	0.381	0.550	0.359	19.551	4689	2940
96	0.124	78.798	62.700	1.413	78.634	62.421	0.318	0.550	0.549	0.288	89.202	3722	2949
97	0.129	45.978	62.774	1.406	45.784	62.526	0.402	0.487	0.534	0.309	125.057	2166	2954
98	0.134	84.853	63.303	1.426	84.688	63.034	0.318	0.550	0.543	0.315	91.216	4007	2978
99	0.143	121.509	65.151	1.436	121.285	64.918	0.466	0.444	0.545	0.335	139.236	5734	3067
100	0.122	115.652	65.433	1.311	115.401	65.278	0.487	0.318	0.487	0.320	3.424	5460	3084
101	0.051	129.308	66.788	0.907	129.159	66.654	0.318	0.233	0.330	0.195	161.014	6107	3149
102	0.134	66.449	68.765	1.396	66.294	68.495	0.318	0.529	0.517	0.330	90.825	3138	3236
103	0.136	127.587	69.699	1.394	127.339	69.511	0.508	0.381	0.504	0.344	158.151	6021	3284
104	0.158	81.010	70.399	1.540	80.836	70.104	0.360	0.572	0.588	0.343	103.660	3823	3312
105	0.122	83.296	70.560	1.316	83.058	70.400	0.487	0.339	0.469	0.331	171.520	3928	3326
106	0.126	42.295	70.647	1.348	42.058	70.485	0.466	0.339	0.489	0.328	14.623	1996	3330
107	0.139	35.241	70.876	1.448	35.031	70.633	0.423	0.487	0.547	0.325	52.163	1668	3337
108	0.126	23.518	71.060	1.383	23.241	70.908	0.529	0.318	0.531	0.303	6.458	1109	3350
109	0.117	104.993	72.154	1.329	104.754	71.988	0.487	0.339	0.504	0.297	157.226	4954	3401
110	0.111	127.652	72.197	1.226	127.487	71.988	0.339	0.423	0.440	0.320	108.638	6026	3401
111	0.125	77.008	72.313	1.353	76.772	72.136	0.466	0.360	0.514	0.310	152.644	3630	3408
112	0.123	120.691	72.848	1.336	120.544	72.602	0.296	0.508	0.510	0.308	93.395	5699	3430
113	0.112	118.785	73.247	1.413	118.639	72.962	0.296	0.529	0.500	0.285	95.811	5607	3447
114	0.113	105.530	73.362	1.281	105.283	73.216	0.487	0.296	0.477	0.302	179.822	4980	3459
115	0.141	112.355	74.173	1.443	112.078	73.999	0.550	0.339	0.565	0.318	15.404	5309	3496
116	0.147	28.399	74.500	1.510	28.130	74.316	0.550	0.360	0.582	0.320	158.268	1330	3511
117	0.151	47.809	74.503	1.498	47.519	74.337	0.572	0.339	0.556	0.346	5.091	2254	3512
118	0.142	70.023	74.826	1.443	69.850	74.549	0.339	0.550	0.548	0.330	78.215	3309	3522
119	0.170	110.193	75.006	1.613	109.897	74.824	0.614	0.360	0.614	0.353	7.206	5205	3535
120	0.123	49.399	75.437	1.334	49.149	75.248	0.487	0.360	0.499	0.315	21.586	2337	3555
121	0.155	124.653	75.547	1.486	124.396	75.353	0.529	0.381	0.542	0.364	164.986	5883	3560
122	0.137	20.520	76.149	1.401	20.256	75.967	0.508	0.360	0.529	0.329	21.461	969	3589
123	0.130	48.431	76.563	1.383	48.175	76.390	0.508	0.339	0.525	0.316	19.149	2288	3609
124	0.122	91.204	76.958	1.346	90.974	76.772	0.444	0.402	0.518	0.300	140.753	4299	3627
125	0.115	94.098	77.319	1.281	93.853	77.174	0.487	0.296	0.489	0.299	0.194	4440	3646
126	0.144	18.917	77.595	1.473	18.690	77.364	0.466	0.444	0.558	0.328	42.386	896	3655
127	0.136	66.563	78.217	1.448	66.315	77.999	0.487	0.423	0.549	0.316	38.611	3147	3685
128	0.136	118.082	78.334	1.401	117.920	78.084	0.339	0.529	0.514	0.338	82.346	5577	3689
129	0.135	46.930	78.519	1.424	46.672	78.296	0.487	0.423	0.538	0.320	39.466	2220	3699
130	0.129	15.555	78.616	1.396	15.388	78.359	0.318	0.529	0.534	0.309	95.083	732	3702
131	0.137	93.595	78.680	1.438	93.324	78.528	0.550	0.318	0.558	0.312	173.098	4414	3710
132	0.103	9.193	79.522	1.214	9.017	79.333	0.381	0.381	0.404	0.326	139.419	431	3748
133	0.154	51.743	79.830	1.491	51.498	79.608	0.487	0.444	0.574	0.342	38.433	2447	3761
134	0.140	111.903	80.435	1.431	111.739	80.158	0.339	0.550	0.544	0.328	78.045	5287	3787
135	0.117	14.703	80.799	1.286	14.542	80.539	0.318	0.487	0.470	0.317	90.147	694	3805
136	0.049	59.732	80.851	0.865	59.584	80.730	0.318	0.233	0.321	0.193	157.533	2816	3814
137	0.134	18.815	81.750	1.383	18.648	81.492	0.339	0.508	0.522	0.328	102.366	885	3850
138	0.112	91.582	82.117	1.329	91.334	81.978	0.529	0.296	0.500	0.284	179.777	4320	3873
139	0.130	78.094	82.390	1.371	77.830	82.232	0.529	0.318	0.521	0.318	173.385	3683	3885
140	0.142	37.910	84.271	1.491	37.634	84.074	0.529	0.402	0.568	0.318	28.530	1793	3972
141	0.135	78.888	85.257	1.408	78.613	85.111	0.550	0.296	0.552	0.311	179.845	3720	4021
142	0.151	74.145	85.491	1.521	73.914	85.238	0.423	0.529	0.575	0.333	120.533	3496	4027
143	0.121	50.372	86.868	1.364	50.186	86.614	0.360	0.508	0.517	0.299	118.782	2376	4092
144	0.158	29.678	86.915	1.538	29.443	86.656	0.466	0.508	0.574	0.351	130.493	1396	4094
145	0.168	81.315	89.256	1.595	81.132	88.964	0.360	0.593	0.610	0.350	93.281	3838	4203
146	0.141	100.437	90.358	1.515	100.267	90.085	0.360	0.572	0.563	0.319	92.879	4742	4256
147	0.126	41.125	90.670	1.366	40.979	90.403	0.296	0.529	0.526	0.305	86.948	1942	4271
148	0.133	97.511	90.923	1.418	97.324	90.657	0.360	0.529	0.540	0.313	69.441	4610	4283
149	0.134	29.500	92.734	1.443	29.337	92.477	0.339	0.529	0.535	0.319	103.828	1390	4369
150	0.133	50.839	92.732	1.436	50.610	92.498	0.466	0.444	0.562	0.301	137.647	2397	4370
151	0.147	61.758	92.769	1.533	61.468	92.583	0.572	0.360	0.571	0.328	15.646	2919	4374
152	0.120	63.562	93.675	1.316	63.331	93.493	0.466	0.360	0.467	0.326	15.264	3003	4417
153	0.115	98.835	96.381	1.286	98.679	96.139	0.318	0.487	0.474	0.308	104.543	4667	4542
154	0.143	125.742	97.152	1.438	125.561	96.901	0.360	0.508	0.519	0.351	75.583	5938	4578
155	0.151	72.034	99.414	1.468	71.755	99.250	0.550	0.339	0.562	0.341	9.867	3399	4689
156	0.137	85.371	99.499	1.456	85.090	99.335	0.550	0.339	0.539	0.323	4.445	4032	4693
157	0.126	95.596	100.016	1.376	95.356	99.822	0.487	0.381	0.528	0.304	147.384	4509	4716
158	0.150	96.861	101.214	1.528	96.584	101.029	0.550	0.360	0.575	0.332	163.327	4569	4773
159	0.132	77.993	101.642	1.388	77.724	101.473	0.529	0.339	0.515	0.327	178.678	3684	4794
160	0.131	86.159	103.627	1.388	85.873	103.463	0.550	0.318	0.530	0.315	3.568	4069	4888
161	0.137	102.305	104.578	1.431	102.108	104.330	0.381	0.508	0.548	0.318	121.175	4827	4929
162	0.120	25.452	104.563	1.299	25.252	104.373	0.402	0.402	0.460	0.332	134.767	1197	4931
163	0.128	122.770	105.453	1.371	122.534	105.262	0.466	0.381	0.528	0.308	147.865	5791	4973
164	0.168	101.973	106.395	1.593	101.769	106.108	0.402	0.593	0.601	0.355	108.493	4813	5013
165	0.143	74.757	106.427	1.498	74.464	106.257	0.572	0.339	0.576	0.316	14.758	3531	5020
166	0.153	60.307	107.185	1.521	60.071	106.934	0.466	0.487	0.565	0.344	48.358	2853	5052
167	0.130	103.608	107.759	1.341	103.442	107.506	0.339	0.487	0.484	0.342	97.058	4893	5079
168	0.178	99.917	107.926	1.700	99.632	107.675	0.572	0.487	0.622	0.365	142.391	4714	5087
169	0.125	51.951	108.406	1.316	51.710	108.225	0.466	0.360	0.488	0.326	24.747	2454	5113
170	0.169	96.499	108.573	1.595	96.202	108.395	0.593	0.360	0.602	0.357	172.305	4554	5121
171	0.141	47.883	108.823	1.456	47.604	108.648	0.550	0.339	0.549	0.326	8.547	2264	5133
172	0.141	81.829	109.849	1.443	81.619	109.622	0.423	0.466	0.528	0.340	50.028	3867	5179
173	0.142	32.216	109.943	1.431	32.004	109.707	0.423	0.466	0.539	0.337	126.198	1515	5183
174	0.148	50.999	110.993	1.486	50.715	110.829	0.572	0.339	0.560	0.336	3.294	2406	5236
175	0.141	60.791	111.083	1.443	60.558	110.871	0.466	0.423	0.540	0.332	35.752	2875	5238
176	0.146	85.463	111.390	1.466	85.196	111.188	0.529	0.402	0.565	0.329	29.207	4040	5253
177	0.132	123.282	111.507	1.401	123.105	111.252	0.360	0.508	0.528	0.318	103.035	5820	5256
178	0.138	12.741	112.123	1.383	12.488	111.950	0.508	0.339	0.511	0.345	179.847	598	5289
179	0.123	14.207	112.561	1.294	13.991	112.395	0.444	0.339	0.460	0.340	168.614	665	5310
180	0.134	91.799	113.049	1.413	91.546	112.882	0.508	0.339	0.519	0.328	170.231	4331	5333
181	0.080	7.036	113.334	1.119	6.900	113.178	0.296	0.339	0.346	0.293	56.529	327	5347
182	0.135	13.885	113.360	1.371	13.652	113.178	0.487	0.360	0.483	0.356	175.937	651	5347
183	0.144	77.718	113.433	1.478	77.512	113.178	0.444	0.487	0.568	0.322	125.521	3665	5347
184	0.143	56.191	113.457	1.461	55.965	113.220	0.444	0.466	0.561	0.325	134.049	2648	5349
185	0.165	43.926	113.846	1.545	43.646	113.644	0.550	0.402	0.578	0.363	157.004	2069	5369
186	0.131	78.361	114.082	1.401	78.126	113.877	0.466	0.402	0.527	0.316	34.271	3709	5380
187	0.151	118.886	114.495	1.473	118.618	114.300	0.529	0.381	0.544	0.352	17.639	5618	5400
188	0.135	31.174	115.671	1.406	30.946	115.464	0.466	0.423	0.494	0.348	33.159	1475	5455
189	0.144	110.600	115.844	1.468	110.342	115.676	0.550	0.339	0.550	0.334	10.847	5223	5465
190	0.107	70.075	116.016	1.209	69.914	115.803	0.318	0.423	0.450	0.301	113.014	3306	5471
191	0.153	45.454	116.613	1.540	45.276	116.311	0.339	0.593	0.598	0.326	87.655	2146	5495
192	0.141	104.103	116.848	1.426	103.844	116.671	0.508	0.360	0.530	0.338	19.099	4918	5512
193	0.151	13.343	117.008	1.503	13.060	116.819	0.572	0.360	0.552	0.348	0.945	630	5519
194	0.139	45.642	117.257	1.461	45.466	116.967	0.339	0.572	0.549	0.323	80.954	2156	5526
195	0.132	55.347	117.242	1.443	55.118	117.030	0.466	0.402	0.527	0.320	145.977	2605	5529
196	0.138	13.277	117.760	1.408	13.018	117.602	0.529	0.318	0.539	0.327	176.576	620	5556
197	0.142	112.601	117.917	1.426	112.353	117.750	0.529	0.339	0.532	0.340	7.409	5315	5563
198	0.133	103.499	118.855	1.396	103.251	118.682	0.487	0.360	0.524	0.322	23.529	4890	5607
199	0.121	23.041	119.637	1.311	22.881	119.401	0.318	0.487	0.482	0.320	93.037	1086	5641
200	0.089	98.189	120.100	1.119	98.044	119.909	0.296	0.381	0.416	0.272	115.141	4633	5665
201	0.145	15.104	120.138	1.538	14.859	119.952	0.508	0.381	0.506	0.366	164.311	707	5667
202	0.139	93.741	120.785	1.456	93.451	120.629	0.572	0.318	0.561	0.316	2.139	4424	5699
203	0.125	13.249	120.863	1.371	12.996	120.692	0.508	0.339	0.511	0.312	10.842	627	5702
204	0.129	29.979	122.467	1.478	29.760	122.216	0.423	0.466	0.468	0.350	119.285	1412	5774
205	0.086	101.139	123.943	1.082	100.965	123.783	0.360	0.318	0.359	0.303	21.794	4776	5848
206	0.135	42.896	124.415	1.498	42.736	124.100	0.318	0.572	0.554	0.311	78.515	2028	5863
207	0.129	99.932	124.483	1.336	99.695	124.312	0.466	0.339	0.490	0.335	14.392	4720	5873
208	0.115	100.895	124.647	1.309	100.648	124.460	0.466	0.360	0.452	0.325	16.633	4767	5880
209	0.129	84.448	125.398	1.346	84.201	125.222	0.487	0.360	0.489	0.336	160.009	3983	5916
210	0.146	96.286	126.225	1.480	96.012	126.069	0.572	0.318	0.565	0.329	1.038	4542	5956
211	0.114	68.334	127.086	1.253	68.157	126.915	0.360	0.339	0.393	0.370	172.256	3222	5996
212	0.083	105.121	129.122	1.052	104.966	128.947	0.318	0.339	0.342	0.309	124.040	4965	6092
213	0.142	99.498	129.323	1.431	99.250	129.117	0.487	0.402	0.523	0.344	26.967	4704	6100
214	0.113	106.190	129.435	1.269	105.982	129.244	0.402	0.381	0.438	0.328	32.636	5018	6106
215	0.130	104.405	129.859	1.418	104.161	129.667	0.487	0.402	0.545	0.303	148.605	4923	6126
216	0.108	63.218	130.139	1.209	63.056	129.921	0.318	0.423	0.430	0.320	85.388	2984	6138
217	0.130	78.190	130.817	1.371	77.978	130.598	0.423	0.423	0.504	0.328	45.292	3695	6170
218	0.136	78.328	131.598	1.408	78.168	131.339	0.339	0.508	0.513	0.338	96.309	3697	6205
219	0.102	83.879	131.671	1.191	83.735	131.466	0.296	0.423	0.422	0.307	81.551	3960	6211
220	0.160	58.785	132.415	1.523	58.610	132.144	0.360	0.550	0.564	0.361	93.762	2773	6243
221	0.117	52.527	132.784	1.294	52.366	132.546	0.318	0.466	0.477	0.313	98.961	2478	6262
222	0.113	83.108	132.928	1.294	82.952	132.694	0.296	0.487	0.476	0.302	90.695	3925	6269
