 	Area	X	Y	Perim.	BX	BY	Width	Height	Major	Minor	Angle	XStart	YStart
1	0.068	41.824	12.751	0.967	41.677	12.594	0.296	0.296	0.315	0.275	53.758	1974	595
2	0.096	65.207	13.655	1.189	65.066	13.441	0.296	0.423	0.418	0.292	96.684	3079	635
3	0.103	111.984	14.330	1.264	111.845	14.097	0.275	0.487	0.478	0.274	89.985	5289	666
4	0.103	27.155	15.471	1.232	26.988	15.240	0.318	0.444	0.430	0.304	81.456	1282	720
5	0.115	28.914	15.557	1.294	28.744	15.325	0.318	0.466	0.475	0.309	97.734	1364	724
6	0.106	80.915	16.026	1.304	80.751	15.769	0.339	0.466	0.453	0.297	108.072	3821	745
7	0.124	49.773	16.338	1.334	49.594	16.087	0.360	0.487	0.496	0.319	60.341	2354	760
8	0.103	48.935	16.341	1.251	48.789	16.108	0.296	0.466	0.468	0.280	73.253	2311	761
9	0.096	114.071	16.541	1.191	113.940	16.320	0.275	0.444	0.456	0.268	84.433	5387	771
10	0.105	35.298	17.080	1.269	35.073	16.891	0.423	0.360	0.470	0.285	33.624	1673	798
11	0.102	37.497	17.144	1.196	37.338	16.933	0.318	0.423	0.411	0.316	102.814	1769	800
12	0.112	105.129	17.163	1.299	104.944	16.954	0.360	0.444	0.484	0.295	118.610	4959	801
13	0.056	119.327	17.310	0.883	119.190	17.166	0.275	0.296	0.283	0.250	71.442	5637	811
14	0.129	99.663	17.498	1.418	99.483	17.208	0.360	0.529	0.522	0.316	109.338	4704	813
15	0.126	73.541	17.484	1.388	73.300	17.336	0.529	0.318	0.532	0.302	17.520	3470	819
16	0.112	33.431	17.672	1.281	33.253	17.462	0.360	0.423	0.467	0.305	117.888	1574	825
17	0.121	119.006	18.221	1.329	118.808	18.013	0.381	0.444	0.500	0.309	129.652	5616	851
18	0.110	99.743	18.352	1.256	99.547	18.161	0.402	0.381	0.479	0.292	137.297	4705	858
19	0.119	82.716	18.552	1.364	82.529	18.309	0.402	0.466	0.511	0.296	128.755	3902	865
20	0.091	30.856	18.589	1.094	30.670	18.436	0.381	0.296	0.384	0.302	171.247	1453	871
21	0.134	114.748	19.115	1.396	114.575	18.881	0.360	0.487	0.520	0.329	110.057	5414	892
22	0.112	77.702	19.591	1.281	77.470	19.410	0.444	0.339	0.458	0.311	16.821	3676	917
23	0.119	92.491	19.731	1.341	92.266	19.558	0.444	0.381	0.508	0.299	149.766	4361	924
24	0.108	103.255	20.355	1.256	103.060	20.151	0.381	0.402	0.471	0.293	136.418	4873	952
25	0.140	72.793	20.756	1.456	72.538	20.574	0.508	0.360	0.499	0.358	174.520	3434	972
26	0.112	35.842	21.019	1.281	35.602	20.870	0.487	0.296	0.482	0.296	5.023	1691	986
27	0.115	82.068	21.112	1.294	81.894	20.892	0.339	0.444	0.468	0.312	111.648	3871	987
28	0.121	118.090	21.142	1.341	117.898	20.913	0.360	0.466	0.505	0.305	114.857	5573	988
29	0.112	45.769	21.497	1.311	45.614	21.251	0.318	0.487	0.495	0.287	109.145	2158	1004
30	0.131	69.221	21.710	1.388	69.024	21.463	0.402	0.466	0.495	0.337	120.554	3266	1014
31	0.099	110.911	21.715	1.184	110.702	21.548	0.423	0.318	0.438	0.287	156.363	5235	1018
32	0.123	34.611	21.793	1.341	34.438	21.569	0.360	0.466	0.499	0.315	67.046	1635	1019
33	0.119	60.977	21.882	1.318	60.812	21.654	0.318	0.466	0.484	0.312	104.395	2876	1023
34	0.130	112.550	22.566	1.401	112.374	22.310	0.339	0.508	0.523	0.316	72.270	5318	1054
35	0.055	128.672	23.510	0.848	128.545	23.368	0.254	0.275	0.286	0.245	119.358	6076	1104
36	0.116	35.948	23.662	1.306	35.708	23.516	0.487	0.296	0.494	0.300	1.206	1694	1111
37	0.112	60.419	23.773	1.256	60.240	23.558	0.360	0.423	0.469	0.303	56.679	2855	1113
38	0.118	127.259	23.717	1.329	127.021	23.558	0.487	0.318	0.496	0.303	16.477	6012	1113
39	0.095	22.935	24.422	1.172	22.733	24.257	0.402	0.318	0.397	0.303	163.967	1080	1146
40	0.121	114.099	24.574	1.336	113.856	24.405	0.487	0.318	0.503	0.308	176.711	5389	1153
41	0.139	72.640	25.113	1.443	72.390	24.934	0.487	0.360	0.517	0.343	159.696	3423	1178
42	0.111	94.421	25.124	1.264	94.192	24.956	0.444	0.318	0.463	0.304	166.932	4458	1179
43	0.101	108.595	25.196	1.244	108.437	24.977	0.318	0.466	0.467	0.276	104.242	5126	1180
44	0.100	109.862	25.428	1.226	109.643	25.273	0.444	0.318	0.446	0.285	167.223	5193	1194
45	0.103	102.801	25.890	1.202	102.616	25.696	0.360	0.402	0.445	0.295	129.550	4851	1214
46	0.093	35.857	26.429	1.174	35.645	26.289	0.423	0.275	0.445	0.265	14.472	1694	1242
47	0.104	105.718	26.966	1.234	105.579	26.734	0.275	0.466	0.474	0.280	85.388	4993	1263
48	0.117	28.811	27.367	1.306	28.575	27.220	0.487	0.296	0.489	0.305	179.268	1356	1286
49	0.111	84.654	27.522	1.269	84.413	27.368	0.466	0.318	0.472	0.299	174.176	3995	1293
50	0.097	25.124	27.641	1.196	24.892	27.496	0.444	0.296	0.443	0.278	178.781	1186	1299
51	0.106	40.409	27.742	1.288	40.196	27.580	0.444	0.318	0.478	0.282	25.134	1912	1303
52	0.107	22.605	28.497	1.239	22.394	28.342	0.444	0.318	0.442	0.307	167.881	1062	1339
53	0.117	110.735	28.947	1.316	110.511	28.766	0.466	0.360	0.497	0.301	152.656	5225	1359
54	0.121	124.314	29.148	1.359	124.058	28.977	0.508	0.339	0.511	0.302	165.659	5871	1369
55	0.131	20.201	29.398	1.391	19.939	29.252	0.529	0.296	0.541	0.308	0.855	950	1382
56	0.110	91.608	29.442	1.264	91.377	29.295	0.466	0.296	0.463	0.302	174.203	4323	1384
57	0.124	27.887	29.634	1.341	27.644	29.464	0.487	0.339	0.505	0.313	20.116	1317	1392
58	0.124	43.114	29.974	1.371	42.905	29.782	0.444	0.402	0.526	0.300	40.574	2037	1407
59	0.118	62.218	30.129	1.299	62.040	29.908	0.360	0.444	0.479	0.314	58.897	2941	1413
60	0.121	85.755	30.636	1.311	85.513	30.480	0.487	0.318	0.491	0.314	9.146	4048	1440
61	0.112	92.774	30.801	1.251	92.541	30.649	0.466	0.296	0.474	0.302	1.537	4379	1448
62	0.108	97.118	31.078	1.329	96.943	30.840	0.360	0.466	0.522	0.262	57.078	4594	1457
63	0.094	88.624	31.053	1.154	88.413	30.903	0.423	0.296	0.424	0.283	176.573	4184	1460
64	0.129	74.477	31.156	1.413	74.210	30.988	0.529	0.318	0.525	0.313	1.043	3517	1464
65	0.130	64.969	31.793	1.401	64.791	31.538	0.360	0.508	0.500	0.332	103.097	3067	1490
66	0.095	126.248	32.522	1.226	126.069	32.322	0.339	0.423	0.468	0.260	122.055	5958	1527
67	0.095	127.731	32.744	1.137	127.572	32.554	0.318	0.381	0.407	0.296	120.336	6031	1538
68	0.108	104.822	33.040	1.269	104.669	32.808	0.318	0.466	0.477	0.288	76.302	4952	1550
69	0.093	37.757	33.040	1.179	37.550	32.893	0.402	0.318	0.426	0.278	23.384	1784	1554
70	0.135	85.456	33.483	1.418	85.259	33.232	0.381	0.508	0.519	0.331	66.912	4038	1570
71	0.096	112.651	33.547	1.196	112.501	33.338	0.296	0.444	0.448	0.273	73.300	5322	1575
72	0.112	55.432	33.791	1.316	55.224	33.592	0.423	0.402	0.506	0.280	140.945	2611	1587
73	0.129	20.157	33.829	1.401	19.876	33.676	0.529	0.339	0.515	0.319	173.921	949	1591
74	0.083	133.146	34.684	1.172	132.990	34.502	0.360	0.360	0.331	0.321	86.853	6290	1630
75	0.124	79.527	34.930	1.376	79.312	34.713	0.444	0.423	0.520	0.304	140.651	3749	1640
76	0.109	63.661	35.723	1.274	63.458	35.518	0.402	0.402	0.478	0.290	132.807	3000	1678
77	0.111	60.604	36.158	1.329	60.431	35.941	0.339	0.466	0.501	0.281	114.469	2857	1698
78	0.140	72.014	36.186	1.436	71.797	35.962	0.444	0.466	0.532	0.335	131.994	3395	1699
79	0.116	60.137	36.345	1.274	59.944	36.132	0.381	0.423	0.465	0.317	129.820	2837	1707
80	0.120	74.971	36.425	1.341	74.782	36.195	0.360	0.466	0.499	0.307	65.273	3542	1710
81	0.113	84.931	36.369	1.299	84.688	36.216	0.487	0.318	0.477	0.302	165.408	4005	1711
82	0.110	49.325	36.618	1.294	49.170	36.364	0.296	0.487	0.495	0.282	97.134	2328	1718
83	0.109	85.927	36.620	1.264	85.704	36.470	0.466	0.296	0.485	0.286	161.643	4051	1723
84	0.110	102.838	36.734	1.316	102.616	36.576	0.444	0.360	0.445	0.316	156.483	4850	1728
85	0.118	123.363	37.003	1.306	123.211	36.766	0.318	0.466	0.479	0.314	94.852	5824	1737
86	0.114	95.638	37.107	1.341	95.377	36.957	0.508	0.296	0.521	0.279	10.757	4519	1746
87	0.138	74.347	37.719	1.424	74.147	37.486	0.423	0.444	0.511	0.344	127.715	3506	1771
88	0.120	87.332	38.189	1.323	87.080	38.037	0.487	0.318	0.498	0.307	170.581	4120	1797
89	0.104	45.936	38.952	1.251	45.805	38.714	0.275	0.487	0.483	0.275	85.094	2169	1829
90	0.157	73.670	39.571	1.528	73.406	39.391	0.550	0.381	0.556	0.359	164.817	3471	1861
91	0.103	102.320	39.637	1.251	102.172	39.391	0.296	0.466	0.475	0.275	76.646	4833	1861
92	0.123	65.544	39.594	1.406	65.299	39.434	0.487	0.339	0.503	0.312	164.396	3089	1863
93	0.115	90.650	39.879	1.334	90.424	39.709	0.487	0.360	0.498	0.294	20.860	4283	1876
94	0.164	77.048	40.368	1.575	76.750	40.174	0.550	0.402	0.552	0.380	5.793	3639	1898
95	0.116	85.679	40.635	1.346	85.450	40.471	0.466	0.339	0.483	0.307	163.192	4040	1912
96	0.155	71.576	40.901	1.568	71.332	40.640	0.466	0.529	0.573	0.345	128.491	3380	1920
97	0.109	37.443	40.896	1.281	37.274	40.661	0.339	0.444	0.478	0.291	116.564	1765	1921
98	0.110	86.181	41.197	1.269	85.937	41.042	0.466	0.318	0.475	0.295	161.045	4065	1939
99	0.113	27.460	41.258	1.299	27.220	41.084	0.466	0.339	0.478	0.302	21.429	1299	1941
100	0.121	61.127	41.270	1.334	60.896	41.084	0.466	0.381	0.497	0.311	151.707	2880	1941
101	0.113	96.492	41.403	1.269	96.266	41.233	0.444	0.339	0.471	0.306	23.894	4559	1948
102	0.108	54.528	41.465	1.274	54.335	41.254	0.402	0.402	0.484	0.283	133.563	2569	1949
103	0.121	35.940	41.540	1.334	35.729	41.317	0.402	0.444	0.513	0.300	128.031	1692	1952
104	0.121	88.955	41.654	1.329	88.710	41.487	0.487	0.339	0.481	0.319	16.821	4202	1960
105	0.140	70.564	41.785	1.436	70.358	41.550	0.423	0.487	0.528	0.337	128.947	3327	1963
106	0.101	46.808	41.865	1.226	46.651	41.635	0.318	0.444	0.448	0.288	103.193	2210	1967
107	0.109	40.390	42.383	1.256	40.174	42.206	0.444	0.339	0.467	0.298	156.261	1903	1994
108	0.045	81.145	42.734	0.895	80.962	42.630	0.360	0.212	0.358	0.159	164.213	3829	2014
109	0.115	37.296	42.900	1.321	37.084	42.672	0.402	0.444	0.503	0.290	47.857	1766	2016
110	0.113	83.097	42.925	1.294	82.846	42.778	0.487	0.296	0.498	0.290	174.552	3924	2021
111	0.118	84.183	43.055	1.286	83.947	42.884	0.466	0.339	0.480	0.314	159.864	3971	2026
112	0.126	85.138	43.105	1.418	84.878	42.947	0.529	0.318	0.527	0.305	168.646	4014	2029
113	0.071	93.613	43.498	1.052	93.451	43.328	0.318	0.339	0.394	0.229	49.652	4426	2047
114	0.111	87.863	44.043	1.281	87.630	43.900	0.487	0.296	0.475	0.297	4.680	4147	2074
115	0.111	21.980	44.298	1.281	21.738	44.154	0.466	0.318	0.460	0.308	166.313	1031	2086
116	0.118	118.584	44.450	1.341	118.406	44.217	0.339	0.487	0.509	0.296	111.879	5597	2089
117	0.114	124.737	44.557	1.274	124.524	44.365	0.423	0.381	0.475	0.305	145.164	5887	2096
118	0.120	20.719	44.658	1.359	20.532	44.450	0.381	0.423	0.472	0.322	128.808	972	2100
119	0.114	63.886	45.505	1.329	63.733	45.276	0.318	0.487	0.486	0.298	98.559	3014	2139
120	0.139	69.034	46.476	1.436	68.792	46.249	0.487	0.423	0.522	0.339	143.500	3256	2185
121	0.100	76.342	46.535	1.167	76.179	46.334	0.318	0.402	0.419	0.304	108.727	3603	2189
122	0.113	60.252	46.788	1.311	60.071	46.567	0.360	0.444	0.494	0.291	59.872	2847	2200
123	0.123	30.561	46.950	1.394	30.353	46.694	0.402	0.487	0.520	0.302	56.802	1447	2206
124	0.105	122.802	47.238	1.244	122.618	47.032	0.360	0.423	0.447	0.300	126.522	5798	2222
125	0.102	79.216	47.413	1.209	79.015	47.244	0.402	0.339	0.445	0.291	149.163	3737	2232
126	0.112	111.276	47.688	1.311	111.125	47.434	0.296	0.508	0.491	0.290	97.615	5256	2241
127	0.097	123.932	47.693	1.184	123.740	47.519	0.381	0.360	0.445	0.277	140.581	5847	2245
128	0.099	25.363	47.873	1.184	25.146	47.710	0.423	0.318	0.448	0.280	26.242	1198	2254
129	0.109	103.381	48.423	1.251	103.230	48.196	0.296	0.466	0.472	0.294	90.246	4881	2277
130	0.115	84.252	48.548	1.329	83.989	48.387	0.508	0.318	0.508	0.287	177.086	3979	2286
131	0.128	126.480	48.920	1.366	126.238	48.747	0.487	0.339	0.525	0.311	158.717	5966	2303
132	0.108	66.872	49.109	1.286	66.654	48.937	0.444	0.339	0.469	0.293	27.319	3161	2312
133	0.110	43.880	49.209	1.286	43.688	49.022	0.402	0.402	0.484	0.289	44.616	2073	2316
134	0.118	48.563	49.326	1.316	48.324	49.149	0.466	0.360	0.498	0.302	151.677	2288	2322
135	0.129	69.377	49.496	1.388	69.130	49.318	0.487	0.360	0.499	0.329	16.117	3282	2330
136	0.108	57.597	49.621	1.244	57.446	49.403	0.318	0.466	0.472	0.290	68.297	2721	2334
137	0.115	87.100	49.773	1.323	86.847	49.615	0.487	0.318	0.494	0.297	11.165	4115	2344
138	0.108	88.300	50.079	1.251	88.074	49.932	0.466	0.296	0.472	0.293	171.094	4165	2359
139	0.090	95.668	50.104	1.167	95.483	49.932	0.381	0.339	0.426	0.269	37.264	4524	2359
140	0.099	94.286	50.428	1.191	94.065	50.292	0.444	0.275	0.446	0.284	172.899	4448	2376
141	0.106	110.543	50.624	1.281	110.405	50.377	0.296	0.487	0.487	0.276	103.801	5218	2380
142	0.134	72.998	50.653	1.448	72.750	50.461	0.529	0.381	0.532	0.322	160.881	3444	2384
143	0.106	84.487	51.056	1.269	84.286	50.864	0.423	0.360	0.470	0.286	148.985	3983	2403
144	0.120	47.685	51.436	1.294	47.434	51.287	0.487	0.296	0.495	0.308	0.829	2248	2423
145	0.108	74.348	51.483	1.269	74.147	51.287	0.402	0.381	0.456	0.301	133.279	3507	2423
146	0.126	88.040	51.567	1.366	87.799	51.393	0.466	0.360	0.499	0.321	28.422	4158	2428
147	0.103	69.972	52.138	1.239	69.765	51.985	0.423	0.318	0.435	0.303	19.104	3304	2456
148	0.108	91.209	52.165	1.232	90.996	51.985	0.423	0.360	0.462	0.296	144.527	4303	2456
149	0.112	75.170	52.615	1.269	74.994	52.388	0.339	0.444	0.461	0.308	108.384	3547	2475
150	0.110	77.231	52.792	1.274	77.047	52.578	0.381	0.423	0.483	0.289	126.787	3643	2484
151	0.094	38.379	53.142	1.167	38.227	52.938	0.296	0.423	0.436	0.275	72.681	1813	2501
152	0.108	88.615	53.210	1.239	88.392	53.044	0.444	0.318	0.466	0.296	160.563	4181	2506
153	0.121	49.776	53.263	1.359	49.530	53.086	0.508	0.339	0.508	0.302	161.957	2347	2508
154	0.122	98.333	53.321	1.329	98.086	53.150	0.487	0.339	0.505	0.308	22.106	4645	2511
155	0.113	90.133	53.423	1.261	89.916	53.255	0.444	0.360	0.457	0.316	155.256	4251	2516
156	0.140	66.412	53.808	1.531	66.209	53.552	0.402	0.508	0.523	0.340	122.496	3133	2530
157	0.105	99.412	53.869	1.246	99.272	53.636	0.275	0.466	0.480	0.279	96.406	4692	2534
158	0.133	71.226	53.995	1.431	71.056	53.742	0.339	0.508	0.512	0.331	85.639	3364	2539
159	0.120	25.869	53.918	1.323	25.612	53.763	0.487	0.318	0.486	0.313	177.634	1220	2540
160	0.111	37.888	54.300	1.274	37.698	54.081	0.381	0.423	0.491	0.287	130.957	1784	2555
161	0.114	77.591	54.598	1.304	77.406	54.377	0.381	0.444	0.467	0.311	127.056	3662	2569
162	0.104	87.685	54.589	1.244	87.461	54.420	0.444	0.339	0.474	0.279	149.022	4134	2571
163	0.113	108.771	54.657	1.294	108.522	54.504	0.487	0.296	0.490	0.294	5.832	5136	2575
164	0.106	41.611	55.114	1.239	41.402	54.949	0.444	0.318	0.476	0.284	154.673	1958	2596
165	0.095	90.411	55.625	1.142	90.212	55.457	0.402	0.318	0.426	0.282	156.210	4268	2620
166	0.114	14.479	55.744	1.299	14.288	55.520	0.381	0.423	0.487	0.298	51.649	685	2623
167	0.112	99.291	55.782	1.316	99.124	55.541	0.360	0.466	0.507	0.282	119.992	4686	2624
168	0.109	97.047	55.774	1.269	96.795	55.626	0.487	0.296	0.492	0.283	11.639	4583	2628
169	0.104	122.814	55.812	1.214	122.618	55.626	0.402	0.360	0.446	0.298	146.104	5796	2628
170	0.103	120.273	56.184	1.244	120.057	56.007	0.444	0.339	0.460	0.284	146.805	5676	2646
171	0.115	88.021	56.229	1.299	87.778	56.070	0.466	0.339	0.486	0.302	158.825	4151	2649
172	0.109	86.189	56.676	1.274	85.958	56.494	0.444	0.360	0.474	0.292	153.085	4069	2669
173	0.105	102.962	56.733	1.256	102.764	56.536	0.381	0.402	0.465	0.287	50.029	4865	2671
174	0.111	77.710	56.798	1.269	77.491	56.621	0.444	0.339	0.477	0.295	155.997	3664	2675
175	0.108	114.804	56.785	1.234	114.575	56.642	0.466	0.275	0.483	0.283	170.782	5417	2676
176	0.116	63.556	56.940	1.299	63.373	56.727	0.360	0.444	0.472	0.314	116.806	2998	2680
177	0.117	16.351	57.628	1.329	16.171	57.404	0.360	0.444	0.484	0.309	60.283	773	2712
178	0.108	110.713	57.547	1.264	110.490	57.404	0.466	0.296	0.470	0.294	171.031	5223	2712
179	0.098	101.926	57.753	1.189	101.727	57.573	0.402	0.360	0.418	0.299	141.339	4811	2720
180	0.112	43.401	57.750	1.281	43.159	57.595	0.487	0.296	0.487	0.293	1.336	2049	2721
181	0.114	23.316	57.829	1.274	23.093	57.658	0.466	0.339	0.484	0.299	156.226	1094	2724
182	0.120	59.960	58.120	1.329	59.711	57.954	0.487	0.339	0.503	0.303	161.431	2826	2738
183	0.103	38.501	58.153	1.221	38.290	57.997	0.423	0.318	0.459	0.286	24.886	1819	2740
184	0.112	92.936	58.281	1.256	92.710	58.124	0.466	0.318	0.482	0.295	159.157	4383	2746
185	0.103	85.042	58.350	1.221	84.815	58.208	0.444	0.296	0.454	0.288	3.035	4014	2750
186	0.125	55.845	58.392	1.353	55.584	58.230	0.508	0.318	0.515	0.308	169.330	2634	2751
187	0.109	104.472	58.424	1.323	104.246	58.272	0.466	0.296	0.482	0.289	178.889	4926	2753
188	0.124	93.403	58.783	1.353	93.154	58.610	0.487	0.339	0.514	0.306	20.229	4414	2769
189	0.107	99.741	58.748	1.251	99.505	58.610	0.466	0.296	0.472	0.289	166.353	4703	2769
190	0.122	62.007	59.212	1.364	61.743	59.034	0.508	0.360	0.505	0.307	160.602	2926	2789
191	0.116	112.527	59.243	1.306	112.289	59.097	0.487	0.296	0.487	0.305	176.534	5310	2792
192	0.109	64.882	59.378	1.279	64.685	59.161	0.381	0.423	0.476	0.291	49.974	3069	2795
193	0.098	91.031	59.312	1.191	90.805	59.182	0.444	0.275	0.448	0.278	9.634	4298	2796
194	0.118	112.503	60.113	1.351	112.289	59.902	0.423	0.423	0.506	0.298	139.636	5308	2830
195	0.108	127.624	60.141	1.251	127.381	59.986	0.466	0.296	0.488	0.280	16.620	6030	2834
196	0.119	83.677	60.639	1.311	83.439	60.473	0.487	0.318	0.498	0.303	11.568	3955	2857
197	0.094	101.213	61.213	1.184	101.007	61.045	0.402	0.339	0.452	0.265	31.434	4783	2884
198	0.114	92.372	61.313	1.304	92.139	61.150	0.487	0.318	0.472	0.307	4.944	4361	2889
199	0.114	78.672	61.460	1.311	78.528	61.214	0.296	0.508	0.491	0.296	95.234	3714	2892
200	0.123	66.447	61.506	1.329	66.209	61.341	0.487	0.339	0.505	0.311	161.473	3131	2898
201	0.131	71.317	61.682	1.371	71.141	61.447	0.360	0.487	0.505	0.331	67.205	3370	2903
202	0.130	70.200	62.365	1.394	70.019	62.103	0.360	0.508	0.499	0.332	96.066	3315	2934
203	0.081	109.350	62.433	1.137	109.220	62.230	0.254	0.444	0.429	0.241	79.257	5165	2940
204	0.116	8.957	62.493	1.291	8.763	62.272	0.381	0.423	0.459	0.321	124.286	420	2942
205	0.106	83.804	62.521	1.232	83.608	62.336	0.402	0.381	0.470	0.288	39.452	3960	2945
206	0.113	88.905	62.649	1.306	88.667	62.505	0.487	0.296	0.505	0.286	15.936	4198	2953
207	0.110	86.077	62.855	1.286	85.831	62.674	0.466	0.339	0.502	0.279	29.049	4069	2961
208	0.108	102.197	62.843	1.269	101.960	62.696	0.466	0.318	0.473	0.289	15.488	4826	2962
209	0.113	72.450	62.963	1.299	72.284	62.717	0.318	0.487	0.487	0.297	80.947	3421	2963
210	0.135	27.934	62.964	1.453	27.686	62.738	0.508	0.423	0.538	0.320	143.662	1312	2964
211	0.112	49.812	62.879	1.294	49.572	62.738	0.487	0.296	0.496	0.287	8.646	2350	2964
212	0.096	92.894	62.896	1.196	92.668	62.759	0.466	0.275	0.453	0.269	12.016	4386	2965
213	0.115	91.103	62.944	1.299	90.847	62.802	0.508	0.296	0.498	0.293	176.686	4299	2967
214	0.106	63.888	63.005	1.246	63.648	62.865	0.466	0.275	0.477	0.283	175.518	3013	2970
215	0.105	98.923	63.215	1.261	98.700	63.034	0.444	0.360	0.478	0.280	150.513	4668	2978
216	0.113	87.059	63.215	1.269	86.826	63.056	0.466	0.318	0.473	0.305	163.896	4107	2979
217	0.098	72.960	63.359	1.216	72.834	63.140	0.275	0.444	0.463	0.268	93.980	3443	2983
218	0.116	32.929	63.628	1.316	32.745	63.394	0.360	0.466	0.490	0.300	65.928	1557	2995
219	0.106	39.928	63.815	1.226	39.751	63.606	0.360	0.402	0.455	0.296	128.681	1882	3005
220	0.109	46.688	63.965	1.226	46.482	63.796	0.423	0.339	0.460	0.301	27.825	2205	3014
221	0.101	95.721	64.098	1.226	95.483	63.944	0.466	0.296	0.468	0.274	7.618	4522	3021
222	0.131	80.619	64.273	1.376	80.391	64.072	0.466	0.402	0.521	0.320	141.634	3801	3027
223	0.090	115.841	64.610	1.167	115.697	64.389	0.275	0.444	0.435	0.263	80.450	5471	3042
224	0.101	84.112	64.971	1.221	83.884	64.834	0.466	0.275	0.462	0.279	2.539	3970	3063
225	0.118	118.008	65.335	1.274	117.792	65.151	0.444	0.360	0.452	0.333	25.782	5574	3078
226	0.099	31.381	65.423	1.251	31.221	65.214	0.318	0.444	0.462	0.271	111.290	1477	3081
227	0.116	119.022	65.476	1.353	118.830	65.257	0.381	0.423	0.468	0.317	54.953	5624	3083
228	0.104	74.900	65.549	1.239	74.655	65.405	0.466	0.296	0.468	0.284	13.637	3536	3090
229	0.115	86.212	66.002	1.294	85.979	65.850	0.466	0.318	0.481	0.305	1.199	4070	3111
230	0.108	92.791	66.713	1.286	92.583	66.527	0.423	0.381	0.482	0.284	38.130	4385	3143
231	0.096	75.502	66.862	1.226	75.311	66.675	0.381	0.381	0.461	0.266	44.659	3569	3150
232	0.118	108.790	67.001	1.294	108.648	66.760	0.296	0.487	0.492	0.306	92.045	5136	3154
233	0.112	78.781	67.032	1.306	78.613	66.802	0.318	0.466	0.493	0.288	73.674	3721	3156
234	0.104	81.964	67.066	1.226	81.746	66.908	0.444	0.318	0.465	0.286	161.833	3867	3161
235	0.125	35.139	67.097	1.401	34.862	66.929	0.529	0.339	0.537	0.297	164.436	1654	3162
236	0.109	58.294	67.315	1.316	58.102	67.098	0.381	0.444	0.501	0.278	124.543	2748	3170
237	0.109	27.588	67.774	1.366	27.368	67.564	0.444	0.360	0.446	0.312	179.652	1307	3192
238	0.168	96.976	67.994	1.570	96.774	67.691	0.381	0.572	0.573	0.372	74.193	4583	3198
239	0.114	83.727	67.889	1.299	83.481	67.712	0.466	0.339	0.488	0.297	25.810	3957	3199
240	0.112	42.546	67.940	1.269	42.312	67.776	0.466	0.318	0.469	0.303	169.897	2006	3202
241	0.099	31.582	68.174	1.202	31.390	67.987	0.381	0.381	0.446	0.281	48.053	1492	3212
242	0.118	96.566	68.243	1.316	96.330	68.072	0.466	0.339	0.481	0.312	160.404	4556	3216
243	0.106	46.406	68.288	1.286	46.143	68.136	0.508	0.296	0.500	0.270	7.894	2195	3219
244	0.120	92.882	68.632	1.316	92.689	68.411	0.402	0.423	0.500	0.304	129.019	4382	3232
245	0.105	79.439	69.295	1.234	79.206	69.152	0.466	0.275	0.478	0.281	169.588	3747	3267
246	0.096	98.034	69.424	1.189	97.854	69.215	0.360	0.402	0.442	0.276	126.886	4626	3270
247	0.107	106.686	69.547	1.234	106.468	69.406	0.444	0.296	0.455	0.300	8.914	5036	3279
248	0.126	41.734	69.697	1.353	41.487	69.532	0.487	0.339	0.505	0.318	16.773	1971	3285
249	0.108	75.882	69.894	1.286	75.734	69.638	0.296	0.487	0.478	0.287	94.674	3585	3290
250	0.114	62.246	70.010	1.269	62.018	69.850	0.444	0.339	0.474	0.307	155.922	2933	3300
251	0.120	36.156	70.277	1.359	35.899	70.125	0.508	0.318	0.515	0.296	163.875	1698	3313
252	0.104	92.683	70.605	1.209	92.477	70.443	0.423	0.318	0.437	0.303	159.671	4373	3328
253	0.116	44.108	70.771	1.329	43.857	70.612	0.508	0.318	0.510	0.291	162.512	2076	3336
254	0.115	80.789	70.795	1.341	80.539	70.633	0.508	0.318	0.492	0.297	9.864	3816	3337
255	0.133	71.331	70.949	1.431	71.078	70.739	0.487	0.402	0.530	0.318	35.001	3374	3342
256	0.111	33.444	71.082	1.291	33.232	70.887	0.423	0.402	0.488	0.289	138.142	1574	3349
257	0.115	93.232	71.102	1.304	93.028	70.887	0.423	0.402	0.503	0.291	140.272	4398	3349
258	0.117	63.617	71.301	1.341	63.373	71.141	0.487	0.318	0.489	0.306	175.666	3002	3361
259	0.106	108.569	71.589	1.269	108.416	71.353	0.296	0.466	0.470	0.286	93.299	5127	3371
260	0.081	95.431	71.730	1.129	95.250	71.543	0.360	0.360	0.437	0.236	43.145	4514	3380
261	0.109	18.109	71.722	1.274	17.886	71.564	0.466	0.318	0.464	0.300	17.922	853	3381
262	0.106	46.130	71.820	1.221	45.910	71.670	0.444	0.296	0.453	0.299	173.585	2173	3386
263	0.109	95.060	72.225	1.311	94.911	71.967	0.296	0.508	0.509	0.274	80.766	4491	3400
264	0.123	71.317	72.619	1.388	71.078	72.454	0.508	0.339	0.506	0.309	13.671	3367	3423
265	0.118	44.748	72.626	1.323	44.514	72.475	0.487	0.318	0.507	0.296	13.006	2112	3424
266	0.115	77.354	72.739	1.359	77.195	72.475	0.318	0.508	0.511	0.287	100.007	3652	3424
267	0.111	55.167	72.731	1.281	55.012	72.496	0.296	0.487	0.498	0.284	104.205	2603	3425
268	0.113	78.943	72.824	1.294	78.782	72.602	0.318	0.466	0.477	0.301	103.724	3725	3430
269	0.133	69.439	72.993	1.418	69.215	72.771	0.444	0.444	0.519	0.325	134.957	3273	3438
270	0.109	110.399	73.407	1.276	110.151	73.279	0.487	0.275	0.491	0.282	3.768	5209	3462
271	0.100	97.017	73.626	1.209	96.880	73.385	0.275	0.466	0.469	0.272	100.451	4581	3467
272	0.097	81.431	73.686	1.214	81.280	73.448	0.318	0.444	0.450	0.274	115.413	3844	3470
273	0.132	67.905	73.984	1.406	67.670	73.766	0.466	0.423	0.532	0.316	138.859	3201	3485
274	0.140	62.996	73.990	1.461	62.759	73.787	0.487	0.402	0.524	0.339	26.132	2979	3486
275	0.108	64.293	74.038	1.279	64.072	73.872	0.444	0.339	0.447	0.309	20.760	3036	3490
276	0.114	33.038	74.127	1.304	32.830	73.914	0.423	0.402	0.501	0.289	41.496	1564	3492
277	0.096	98.949	74.262	1.196	98.742	74.126	0.444	0.296	0.438	0.278	179.857	4669	3502
278	0.095	65.945	74.859	1.202	65.786	74.634	0.318	0.444	0.439	0.277	72.376	3116	3526
279	0.125	63.168	74.835	1.323	62.928	74.676	0.487	0.318	0.505	0.314	165.488	2976	3528
280	0.112	62.272	74.876	1.306	62.018	74.740	0.487	0.296	0.497	0.287	176.593	2936	3531
281	0.105	101.464	75.141	1.251	101.325	74.909	0.275	0.487	0.494	0.270	103.368	4789	3539
282	0.117	61.948	75.355	1.304	61.722	75.184	0.444	0.360	0.489	0.304	149.977	2918	3552
283	0.131	27.238	75.372	1.396	26.988	75.205	0.508	0.339	0.529	0.315	15.572	1285	3553
284	0.098	99.233	75.639	1.172	99.039	75.459	0.381	0.360	0.428	0.292	142.324	4683	3565
285	0.117	101.722	75.781	1.286	101.536	75.565	0.360	0.444	0.465	0.322	66.147	4805	3570
286	0.107	111.600	76.223	1.261	111.442	75.988	0.318	0.466	0.455	0.299	83.830	5270	3590
287	0.103	27.645	76.269	1.226	27.496	76.031	0.296	0.466	0.453	0.291	94.953	1303	3592
288	0.127	111.247	76.382	1.383	111.083	76.136	0.339	0.508	0.512	0.316	101.491	5251	3597
289	0.129	102.000	76.558	1.371	101.748	76.390	0.508	0.339	0.532	0.310	157.984	4809	3609
290	0.112	110.332	76.829	1.323	110.194	76.581	0.296	0.487	0.496	0.287	86.330	5210	3618
291	0.113	60.295	77.309	1.304	60.092	77.110	0.402	0.423	0.489	0.295	134.087	2843	3643
292	0.098	90.658	77.355	1.189	90.466	77.174	0.402	0.360	0.446	0.279	147.048	4277	3646
293	0.108	29.912	77.585	1.281	29.739	77.364	0.339	0.444	0.485	0.284	64.393	1414	3655
294	0.113	38.108	77.599	1.291	37.931	77.364	0.360	0.466	0.490	0.293	121.293	1796	3655
295	0.092	108.011	77.852	1.174	107.802	77.703	0.402	0.296	0.434	0.271	25.969	5103	3671
296	0.116	41.766	78.029	1.369	41.550	77.851	0.466	0.402	0.465	0.319	151.132	1965	3678
297	0.121	76.537	78.088	1.348	76.285	77.936	0.508	0.296	0.515	0.300	174.834	3611	3682
298	0.126	31.262	78.338	1.401	31.094	78.084	0.339	0.508	0.504	0.319	81.143	1479	3689
299	0.120	43.965	78.323	1.311	43.815	78.084	0.318	0.487	0.497	0.307	77.099	2076	3689
300	0.063	119.991	78.266	1.047	119.782	78.147	0.402	0.233	0.415	0.194	12.511	5672	3692
301	0.086	101.255	78.771	1.124	101.113	78.550	0.275	0.423	0.420	0.262	97.262	4782	3711
302	0.119	93.917	78.922	1.336	93.768	78.655	0.296	0.508	0.508	0.298	84.600	4435	3716
303	0.107	66.332	78.907	1.261	66.125	78.698	0.402	0.402	0.474	0.287	46.290	3136	3718
304	0.116	19.381	79.120	1.294	19.135	78.973	0.487	0.296	0.496	0.297	168.910	909	3731
305	0.116	41.771	79.191	1.329	41.592	78.973	0.381	0.444	0.507	0.290	55.090	1976	3731
306	0.105	95.926	79.290	1.239	95.779	79.058	0.296	0.466	0.469	0.286	99.907	4529	3735
307	0.109	50.477	79.547	1.239	50.271	79.375	0.423	0.339	0.447	0.310	154.185	2378	3750
308	0.128	27.697	79.644	1.408	27.432	79.502	0.550	0.296	0.547	0.298	1.898	1302	3756
309	0.110	28.940	79.845	1.269	28.702	79.692	0.466	0.318	0.470	0.298	17.692	1366	3765
310	0.123	83.341	79.915	1.359	83.122	79.714	0.444	0.402	0.511	0.306	34.320	3942	3766
311	0.106	84.519	80.333	1.256	84.286	80.179	0.466	0.318	0.483	0.279	158.613	3985	3788
312	0.115	26.359	80.495	1.316	26.183	80.264	0.339	0.487	0.504	0.291	113.512	1240	3792
313	0.125	96.925	80.460	1.381	96.668	80.264	0.487	0.402	0.517	0.309	142.184	4573	3792
314	0.105	98.918	80.473	1.219	98.721	80.285	0.402	0.381	0.442	0.303	142.371	4668	3793
315	0.132	67.550	80.613	1.388	67.331	80.412	0.444	0.423	0.511	0.328	41.196	3191	3799
316	0.103	80.116	80.791	1.214	79.883	80.645	0.466	0.296	0.455	0.290	169.562	3779	3810
317	0.124	14.774	81.084	1.371	14.542	80.920	0.466	0.360	0.498	0.317	19.180	696	3823
318	0.109	26.297	81.213	1.269	26.098	81.005	0.381	0.402	0.469	0.297	43.028	1246	3827
319	0.121	113.981	81.273	1.364	113.792	81.047	0.381	0.487	0.509	0.302	122.534	5379	3829
320	0.138	104.758	81.624	1.431	104.542	81.386	0.423	0.466	0.549	0.319	49.908	4951	3845
321	0.111	82.769	81.567	1.251	82.550	81.407	0.444	0.318	0.487	0.289	157.696	3902	3846
322	0.120	99.806	82.061	1.306	99.568	81.915	0.487	0.296	0.501	0.304	2.437	4710	3870
323	0.119	93.599	82.635	1.334	93.408	82.423	0.381	0.444	0.495	0.306	126.189	4416	3894
324	0.112	97.429	83.094	1.274	97.197	82.910	0.444	0.360	0.478	0.297	27.193	4606	3917
325	0.085	75.617	83.088	1.184	75.374	82.952	0.466	0.275	0.450	0.240	13.400	3575	3919
326	0.055	27.667	83.150	0.937	27.517	82.973	0.275	0.318	0.303	0.230	69.828	1308	3920
327	0.099	86.877	83.469	1.184	86.656	83.333	0.444	0.296	0.440	0.287	166.377	4096	3937
328	0.117	18.519	84.126	1.311	18.267	83.968	0.487	0.318	0.489	0.306	11.517	875	3967
329	0.109	94.120	84.406	1.264	93.874	84.264	0.487	0.275	0.497	0.279	1.964	4443	3981
330	0.107	40.186	84.502	1.279	39.942	84.328	0.487	0.339	0.492	0.276	28.315	1900	3984
331	0.111	84.625	84.660	1.286	84.392	84.476	0.444	0.360	0.500	0.282	36.613	3998	3991
332	0.121	21.521	84.842	1.336	21.294	84.667	0.466	0.339	0.492	0.312	166.323	1013	4000
333	0.128	12.790	84.957	1.346	12.552	84.773	0.466	0.381	0.493	0.330	26.120	604	4005
334	0.110	103.387	85.133	1.269	103.230	84.900	0.318	0.466	0.487	0.288	70.033	4884	4011
335	0.125	52.596	85.247	1.383	52.430	84.984	0.318	0.529	0.522	0.306	99.284	2483	4015
336	0.119	9.528	85.282	1.346	9.356	85.048	0.360	0.487	0.500	0.302	64.374	450	4018
337	0.131	123.438	85.410	1.406	123.211	85.196	0.444	0.423	0.512	0.325	40.955	5834	4025
338	0.109	32.630	85.406	1.306	32.406	85.238	0.444	0.339	0.491	0.283	26.765	1543	4027
339	0.105	53.178	85.900	1.244	52.959	85.725	0.423	0.360	0.478	0.281	142.692	2505	4050
340	0.113	88.772	85.924	1.316	88.519	85.746	0.487	0.339	0.503	0.286	18.838	4197	4051
341	0.113	60.697	86.084	1.274	60.473	85.894	0.423	0.381	0.466	0.309	143.979	2863	4058
342	0.091	110.916	86.267	1.159	110.723	86.085	0.381	0.360	0.440	0.262	138.981	5235	4067
343	0.116	57.029	86.346	1.274	56.832	86.148	0.423	0.381	0.482	0.306	141.319	2687	4070
344	0.123	11.203	86.344	1.383	10.943	86.191	0.550	0.296	0.522	0.301	174.749	522	4072
345	0.120	73.259	86.478	1.329	73.088	86.233	0.339	0.487	0.505	0.303	108.586	3458	4074
346	0.115	68.852	86.491	1.371	68.665	86.275	0.402	0.444	0.506	0.290	53.281	3259	4076
347	0.129	12.476	86.473	1.383	12.234	86.296	0.508	0.339	0.501	0.328	7.797	587	4077
348	0.116	39.575	86.633	1.334	39.349	86.424	0.444	0.402	0.503	0.294	34.624	1872	4083
349	0.093	100.303	86.570	1.167	100.097	86.424	0.423	0.296	0.431	0.275	9.098	4737	4083
350	0.110	101.592	86.623	1.269	101.367	86.466	0.466	0.318	0.489	0.287	20.297	4799	4085
351	0.114	91.401	86.842	1.329	91.165	86.656	0.466	0.360	0.493	0.295	25.989	4322	4094
352	0.115	50.522	86.953	1.341	50.334	86.741	0.381	0.444	0.503	0.291	57.021	2387	4098
353	0.105	17.315	87.108	1.226	17.082	86.953	0.444	0.318	0.461	0.291	156.004	811	4108
354	0.132	25.633	87.695	1.383	25.379	87.524	0.508	0.339	0.532	0.315	161.273	1203	4135
355	0.121	40.493	87.799	1.359	40.259	87.609	0.466	0.381	0.521	0.296	144.456	1905	4139
356	0.099	39.408	87.811	1.184	39.201	87.651	0.423	0.318	0.422	0.300	164.892	1858	4141
357	0.112	41.212	88.232	1.304	41.000	88.032	0.402	0.423	0.493	0.290	132.887	1940	4159
358	0.118	124.032	88.267	1.323	123.867	88.032	0.318	0.487	0.504	0.297	104.100	5855	4159
359	0.104	54.385	88.371	1.221	54.229	88.159	0.296	0.444	0.443	0.299	84.401	2568	4165
360	0.101	73.018	88.488	1.219	72.834	88.286	0.360	0.423	0.461	0.279	54.360	3450	4171
361	0.100	69.380	88.874	1.239	69.236	88.646	0.296	0.466	0.473	0.269	76.372	3278	4188
362	0.110	14.501	88.843	1.251	14.266	88.688	0.466	0.296	0.479	0.292	169.600	680	4190
363	0.047	17.176	89.051	0.818	17.060	88.900	0.212	0.296	0.298	0.201	78.426	812	4200
364	0.151	10.749	89.200	1.486	10.456	89.027	0.572	0.339	0.576	0.333	171.941	503	4206
365	0.103	30.836	89.566	1.209	30.692	89.344	0.296	0.444	0.469	0.279	108.141	1452	4221
366	0.110	87.589	89.534	1.299	87.355	89.366	0.466	0.339	0.493	0.285	28.433	4138	4222
367	0.104	63.011	89.610	1.244	62.802	89.429	0.423	0.360	0.461	0.287	146.836	2971	4225
368	0.107	26.279	89.721	1.244	26.098	89.514	0.381	0.402	0.453	0.301	126.666	1236	4229
369	0.099	36.819	89.833	1.204	36.682	89.620	0.275	0.444	0.446	0.284	86.855	1737	4234
370	0.088	34.785	89.845	1.142	34.586	89.704	0.423	0.296	0.434	0.259	24.116	1641	4238
371	0.108	87.759	90.117	1.264	87.524	89.980	0.487	0.275	0.484	0.285	5.695	4141	4251
372	0.111	29.839	90.256	1.291	29.633	90.064	0.402	0.423	0.490	0.289	133.515	1402	4255
373	0.103	57.429	90.377	1.226	57.277	90.149	0.296	0.466	0.462	0.283	70.617	2715	4259
374	0.100	58.379	90.373	1.221	58.145	90.234	0.466	0.275	0.478	0.267	171.302	2752	4263
375	0.122	36.966	90.612	1.353	36.724	90.445	0.487	0.339	0.517	0.301	162.278	1739	4273
376	0.125	78.389	90.809	1.366	78.232	90.551	0.318	0.508	0.523	0.305	107.664	3699	4278
377	0.131	20.826	90.970	1.424	20.659	90.699	0.339	0.550	0.532	0.313	101.169	982	4285
378	0.131	17.180	91.128	1.401	16.997	90.890	0.360	0.487	0.498	0.334	106.218	808	4294
379	0.110	32.692	91.219	1.269	32.533	90.974	0.296	0.487	0.477	0.293	89.707	1544	4298
380	0.100	128.713	91.561	1.179	128.524	91.398	0.381	0.339	0.407	0.314	29.418	6079	4318
381	0.100	56.207	91.721	1.209	55.986	91.567	0.444	0.296	0.449	0.284	3.443	2655	4326
382	0.118	41.865	91.990	1.321	41.656	91.779	0.444	0.402	0.505	0.297	139.093	1972	4336
383	0.112	61.050	91.974	1.286	60.812	91.821	0.466	0.318	0.471	0.303	1.699	2882	4338
384	0.114	78.572	92.084	1.294	78.422	91.842	0.296	0.487	0.494	0.295	98.628	3709	4339
385	0.108	56.827	92.137	1.276	56.684	91.906	0.275	0.487	0.490	0.280	87.553	2682	4342
386	0.123	27.631	92.253	1.323	27.390	92.096	0.487	0.318	0.503	0.312	9.689	1304	4351
387	0.103	90.109	92.930	1.226	89.937	92.731	0.360	0.402	0.453	0.288	55.010	4257	4381
388	0.109	110.445	93.112	1.274	110.257	92.901	0.381	0.423	0.481	0.289	129.542	5211	4389
389	0.110	72.004	93.592	1.286	71.840	93.366	0.318	0.487	0.492	0.285	108.004	3397	4411
390	0.102	100.082	93.972	1.221	99.864	93.832	0.444	0.296	0.455	0.286	9.581	4725	4433
391	0.120	47.219	94.209	1.329	47.032	94.001	0.381	0.444	0.493	0.309	54.360	2230	4441
392	0.119	49.678	94.253	1.371	49.488	94.022	0.360	0.487	0.517	0.293	119.827	2342	4442
393	0.123	56.915	94.522	1.329	56.684	94.340	0.466	0.360	0.499	0.313	154.870	2682	4457
394	0.122	41.580	94.893	1.359	41.402	94.678	0.381	0.466	0.508	0.306	56.719	1964	4473
395	0.104	31.723	94.943	1.239	31.475	94.806	0.487	0.275	0.473	0.280	3.813	1495	4479
396	0.099	48.392	95.027	1.196	48.218	94.827	0.360	0.381	0.431	0.294	131.307	2279	4480
397	0.093	64.719	95.028	1.124	64.558	94.848	0.339	0.360	0.367	0.321	94.952	3055	4481
398	0.110	93.945	95.104	1.281	93.726	94.932	0.444	0.339	0.498	0.282	27.083	4441	4485
399	0.105	41.670	95.376	1.304	41.466	95.186	0.423	0.402	0.486	0.275	138.091	1962	4497
400	0.067	7.488	95.422	1.015	7.345	95.271	0.296	0.318	0.312	0.274	89.808	350	4501
401	0.096	40.539	95.406	1.264	40.301	95.271	0.487	0.275	0.490	0.251	4.517	1914	4501
402	0.108	31.864	95.559	1.244	31.665	95.377	0.402	0.381	0.472	0.290	41.320	1505	4506
403	0.125	18.284	95.687	1.371	18.119	95.462	0.360	0.487	0.509	0.313	66.142	863	4510
404	0.123	127.569	95.699	1.388	127.318	95.525	0.487	0.360	0.519	0.302	151.287	6019	4513
405	0.079	11.929	95.725	1.022	11.748	95.589	0.360	0.275	0.370	0.273	165.557	559	4516
406	0.107	95.178	95.826	1.251	95.038	95.589	0.275	0.487	0.479	0.283	88.952	4495	4516
407	0.120	48.232	95.830	1.359	48.048	95.610	0.381	0.466	0.515	0.296	58.599	2280	4517
408	0.113	57.462	95.949	1.309	57.235	95.737	0.423	0.423	0.500	0.289	135.171	2709	4523
409	0.110	43.927	95.907	1.239	43.688	95.758	0.466	0.296	0.469	0.299	174.973	2070	4524
410	0.106	115.499	95.994	1.209	115.295	95.822	0.402	0.339	0.435	0.310	31.855	5455	4527
411	0.107	19.910	96.160	1.234	19.685	96.012	0.444	0.296	0.458	0.296	179.529	937	4536
412	0.096	123.711	96.500	1.189	123.550	96.287	0.318	0.444	0.432	0.283	66.993	5845	4549
413	0.114	120.953	96.963	1.281	120.714	96.795	0.466	0.318	0.477	0.305	13.231	5715	4573
414	0.121	40.490	97.079	1.353	40.322	96.838	0.318	0.508	0.515	0.299	73.770	1913	4575
415	0.112	34.620	97.277	1.288	34.480	97.028	0.275	0.487	0.491	0.291	93.574	1635	4584
416	0.103	56.823	97.271	1.221	56.684	97.028	0.275	0.466	0.472	0.278	93.697	2682	4584
417	0.114	21.881	97.255	1.311	21.654	97.092	0.487	0.318	0.500	0.291	161.480	1026	4587
418	0.119	25.863	97.305	1.336	25.633	97.155	0.487	0.318	0.506	0.300	11.794	1218	4590
419	0.109	73.681	97.428	1.281	73.533	97.176	0.296	0.487	0.475	0.293	85.414	3481	4591
420	0.098	109.839	97.578	1.256	109.686	97.324	0.296	0.466	0.462	0.271	104.156	5188	4598
421	0.100	72.404	97.647	1.209	72.242	97.430	0.318	0.423	0.447	0.285	70.857	3419	4603
422	0.088	122.009	97.768	1.087	121.814	97.600	0.360	0.339	0.368	0.305	36.697	5763	4611
423	0.129	35.398	98.039	1.383	35.221	97.790	0.339	0.508	0.532	0.309	74.073	1672	4620
424	0.113	30.456	98.221	1.274	30.226	98.044	0.466	0.339	0.481	0.300	157.112	1433	4632
425	0.123	105.169	98.312	1.371	105.008	98.065	0.339	0.508	0.508	0.309	74.141	4969	4633
426	0.115	37.209	98.601	1.299	36.957	98.446	0.487	0.318	0.495	0.295	173.221	1753	4651
427	0.106	26.183	98.800	1.281	26.035	98.552	0.296	0.487	0.484	0.279	102.613	1236	4656
428	0.060	7.495	98.769	0.915	7.345	98.637	0.296	0.254	0.290	0.266	157.227	350	4660
429	0.103	76.889	99.165	1.256	76.750	98.912	0.296	0.487	0.465	0.282	103.947	3629	4673
430	0.121	28.453	99.165	1.321	28.258	98.933	0.381	0.466	0.494	0.313	59.975	1345	4674
431	0.113	119.862	99.466	1.299	119.719	99.208	0.296	0.508	0.488	0.296	93.335	5661	4687
432	0.107	44.098	99.557	1.261	43.900	99.356	0.381	0.423	0.473	0.287	127.222	2077	4694
433	0.106	32.269	99.825	1.239	32.046	99.674	0.466	0.296	0.475	0.283	7.518	1525	4709
434	0.107	99.252	99.920	1.276	99.102	99.695	0.296	0.466	0.479	0.284	96.645	4685	4710
435	0.116	29.743	100.306	1.321	29.528	100.097	0.423	0.423	0.506	0.293	46.574	1408	4729
436	0.106	22.172	100.261	1.251	21.929	100.118	0.487	0.275	0.473	0.285	178.796	1043	4730
437	0.116	42.724	100.620	1.341	42.566	100.351	0.318	0.508	0.492	0.300	94.972	2019	4741
438	0.116	90.154	100.679	1.316	89.937	100.478	0.444	0.381	0.493	0.300	147.323	4254	4747
439	0.121	22.418	100.722	1.329	22.246	100.499	0.360	0.466	0.492	0.313	64.956	1059	4748
440	0.116	48.571	101.034	1.311	48.324	100.880	0.508	0.296	0.506	0.293	0.197	2292	4766
441	0.121	58.861	101.193	1.346	58.632	101.007	0.466	0.360	0.489	0.314	152.400	2776	4772
442	0.115	22.210	101.313	1.286	21.992	101.113	0.423	0.381	0.475	0.309	37.689	1051	4777
443	0.111	51.315	101.770	1.274	51.118	101.579	0.402	0.402	0.478	0.295	41.546	2426	4799
444	0.112	52.588	101.811	1.274	52.388	101.621	0.402	0.402	0.481	0.297	134.872	2477	4801
445	0.119	55.896	101.796	1.311	55.647	101.642	0.487	0.318	0.492	0.307	179.743	2640	4802
446	0.117	56.181	102.219	1.323	55.922	102.066	0.508	0.296	0.513	0.291	7.199	2654	4822
447	0.101	116.237	102.650	1.226	116.057	102.447	0.360	0.402	0.433	0.297	57.873	5491	4840
448	0.113	47.740	102.727	1.311	47.562	102.510	0.360	0.444	0.495	0.290	58.745	2257	4843
449	0.111	26.726	102.932	1.276	26.564	102.701	0.296	0.466	0.475	0.298	86.852	1261	4852
450	0.110	41.125	103.007	1.274	40.936	102.785	0.381	0.423	0.485	0.288	50.110	1946	4856
451	0.096	101.000	103.220	1.196	100.774	103.082	0.466	0.275	0.452	0.270	177.038	4767	4870
452	0.110	14.007	103.371	1.286	13.843	103.124	0.318	0.487	0.485	0.290	100.435	660	4872
453	0.106	29.793	103.357	1.251	29.654	103.124	0.275	0.487	0.481	0.281	83.190	1406	4872
454	0.099	30.903	103.901	1.234	30.776	103.674	0.275	0.466	0.466	0.272	75.777	1459	4898
455	0.116	44.151	103.963	1.318	44.006	103.717	0.296	0.487	0.495	0.298	92.079	2084	4900
456	0.116	56.531	104.299	1.336	56.388	104.034	0.296	0.508	0.517	0.287	101.859	2667	4915
457	0.114	45.178	104.298	1.299	45.022	104.055	0.318	0.487	0.494	0.293	70.509	2135	4916
458	0.112	23.651	104.413	1.294	23.410	104.267	0.487	0.296	0.491	0.292	178.967	1112	4926
459	0.111	31.212	104.434	1.251	30.988	104.267	0.444	0.318	0.457	0.309	164.668	1470	4926
460	0.088	59.715	104.534	1.161	59.584	104.309	0.254	0.444	0.436	0.256	78.960	2823	4928
461	0.107	48.690	104.546	1.244	48.514	104.330	0.360	0.423	0.480	0.283	127.408	2294	4929
462	0.105	17.106	104.876	1.232	16.912	104.690	0.381	0.381	0.445	0.300	138.714	801	4946
463	0.102	106.435	104.914	1.226	106.236	104.712	0.381	0.381	0.453	0.287	44.033	5031	4947
464	0.098	88.036	105.150	1.214	87.863	104.944	0.339	0.423	0.475	0.262	123.649	4153	4958
465	0.112	26.705	105.186	1.311	26.522	104.966	0.360	0.444	0.499	0.287	55.915	1264	4959
466	0.108	125.107	105.188	1.214	124.904	105.008	0.402	0.360	0.446	0.308	143.723	5905	4961
467	0.118	74.070	105.467	1.334	73.872	105.241	0.402	0.444	0.523	0.287	48.762	3504	4972
468	0.109	27.573	105.799	1.291	27.390	105.558	0.339	0.487	0.500	0.278	115.879	1299	4987
469	0.112	126.648	105.723	1.251	126.428	105.558	0.444	0.318	0.456	0.313	3.496	5984	4987
470	0.102	91.224	105.852	1.226	90.996	105.685	0.444	0.318	0.466	0.279	23.449	4311	4993
471	0.119	38.450	105.964	1.371	38.185	105.770	0.487	0.360	0.522	0.291	25.330	1822	4997
472	0.096	109.028	106.114	1.196	108.881	105.897	0.296	0.444	0.454	0.270	113.230	5147	5003
473	0.112	15.585	106.085	1.261	15.367	105.918	0.444	0.360	0.464	0.306	29.508	735	5004
474	0.132	24.365	106.088	1.413	24.109	105.918	0.529	0.339	0.532	0.315	18.051	1150	5004
475	0.096	93.456	106.419	1.191	93.218	106.299	0.466	0.254	0.466	0.262	175.077	4409	5022
476	0.118	20.620	106.761	1.341	20.447	106.511	0.318	0.487	0.491	0.306	78.389	975	5032
477	0.106	71.410	106.778	1.249	71.226	106.553	0.360	0.444	0.481	0.281	121.872	3369	5034
478	0.112	111.054	106.950	1.286	110.871	106.722	0.360	0.444	0.474	0.299	118.512	5243	5042
479	0.110	10.754	107.551	1.286	10.520	107.378	0.466	0.339	0.482	0.291	152.156	502	5073
480	0.095	48.759	107.656	1.191	48.620	107.442	0.275	0.444	0.451	0.268	88.780	2301	5076
481	0.116	24.464	108.167	1.316	24.236	107.971	0.444	0.381	0.496	0.299	31.291	1160	5101
482	0.105	45.183	108.187	1.264	44.937	108.056	0.487	0.275	0.487	0.274	2.204	2130	5105
483	0.120	102.545	108.963	1.341	102.383	108.712	0.318	0.508	0.508	0.300	107.951	4842	5136
484	0.116	59.628	109.211	1.323	59.478	108.966	0.296	0.508	0.511	0.290	99.090	2814	5148
485	0.108	24.640	109.831	1.274	24.469	109.601	0.339	0.466	0.484	0.285	116.739	1161	5178
486	0.132	20.431	109.990	1.418	20.193	109.792	0.487	0.402	0.535	0.313	38.491	967	5187
487	0.101	101.913	110.093	1.232	101.706	109.918	0.423	0.360	0.465	0.277	39.796	4815	5193
488	0.103	74.332	110.251	1.244	74.189	110.003	0.296	0.487	0.473	0.276	82.581	3511	5197
489	0.102	37.939	110.313	1.204	37.719	110.172	0.444	0.275	0.463	0.280	5.468	1789	5205
490	0.108	99.400	110.584	1.274	99.208	110.363	0.381	0.423	0.473	0.290	52.141	4698	5214
491	0.099	45.260	110.546	1.191	45.043	110.405	0.444	0.275	0.457	0.276	8.584	2136	5216
492	0.107	79.748	110.772	1.256	79.502	110.617	0.466	0.318	0.473	0.289	16.738	3767	5226
493	0.113	41.593	110.953	1.276	41.444	110.723	0.296	0.466	0.479	0.301	87.335	1963	5231
494	0.121	92.277	111.017	1.388	92.012	110.850	0.508	0.360	0.535	0.287	152.721	4349	5237
495	0.123	110.164	111.282	1.323	109.918	111.125	0.487	0.318	0.503	0.311	171.054	5199	5250
496	0.100	113.736	111.270	1.191	113.517	111.125	0.423	0.296	0.429	0.298	175.544	5370	5250
497	0.112	75.415	111.976	1.304	75.205	111.760	0.402	0.423	0.486	0.295	49.140	3565	5280
498	0.121	39.663	112.135	1.353	39.497	111.887	0.318	0.508	0.509	0.302	84.662	1872	5286
499	0.102	98.360	112.120	1.221	98.213	111.887	0.275	0.466	0.469	0.276	86.588	4646	5286
500	0.103	100.310	112.242	1.214	100.097	112.078	0.423	0.339	0.455	0.287	146.439	4732	5295
501	0.097	124.461	112.243	1.196	124.248	112.078	0.423	0.318	0.459	0.270	28.731	5882	5295
502	0.104	48.913	112.488	1.256	48.747	112.268	0.339	0.444	0.483	0.274	65.103	2311	5304
503	0.115	57.349	113.056	1.294	57.108	112.903	0.487	0.296	0.501	0.292	6.118	2709	5334
504	0.093	28.094	114.323	1.172	27.919	114.131	0.360	0.381	0.446	0.265	48.743	1330	5392
505	0.105	81.641	114.359	1.274	81.428	114.173	0.423	0.381	0.484	0.277	136.106	3848	5394
506	0.116	63.731	114.433	1.304	63.500	114.258	0.466	0.360	0.509	0.290	148.447	3002	5398
507	0.138	9.390	114.601	1.513	9.123	114.427	0.529	0.360	0.524	0.336	177.181	439	5406
508	0.116	73.926	114.643	1.316	73.724	114.427	0.381	0.444	0.505	0.291	121.531	3485	5406
509	0.099	116.398	115.371	1.179	116.205	115.210	0.402	0.318	0.428	0.295	156.200	5493	5443
510	0.114	20.718	115.829	1.316	20.489	115.655	0.487	0.339	0.502	0.289	152.572	970	5464
511	0.136	9.206	115.881	1.521	8.911	115.697	0.572	0.360	0.526	0.328	11.774	435	5466
512	0.114	25.880	116.565	1.316	25.633	116.396	0.487	0.339	0.496	0.292	156.107	1217	5499
513	0.103	75.780	117.179	1.291	75.565	117.009	0.466	0.360	0.466	0.281	30.426	3580	5528
514	0.102	107.280	117.494	1.232	107.061	117.327	0.423	0.360	0.450	0.289	142.994	5061	5543
515	0.122	69.618	117.713	1.336	69.469	117.454	0.296	0.508	0.511	0.303	89.395	3287	5549
516	0.118	70.855	118.419	1.311	70.654	118.216	0.402	0.402	0.496	0.303	44.407	3350	5585
517	0.105	55.338	118.438	1.261	55.139	118.237	0.402	0.402	0.487	0.274	131.961	2607	5586
518	0.103	44.638	118.526	1.244	44.471	118.300	0.339	0.444	0.475	0.276	118.025	2105	5589
519	0.114	108.841	118.794	1.329	108.627	118.597	0.423	0.402	0.484	0.300	139.865	5138	5603
520	0.108	30.005	120.404	1.264	29.739	120.269	0.487	0.275	0.482	0.284	178.301	1412	5682
521	0.109	31.197	120.586	1.299	31.030	120.354	0.318	0.487	0.514	0.270	112.056	1468	5686
522	0.101	81.977	120.851	1.214	81.767	120.692	0.444	0.318	0.454	0.282	22.061	3873	5702
523	0.113	123.084	121.978	1.281	122.936	121.730	0.296	0.487	0.478	0.301	87.479	5813	5751
524	0.124	62.929	121.931	1.353	62.696	121.751	0.466	0.360	0.511	0.309	152.621	2966	5752
525	0.116	37.326	122.048	1.316	37.105	121.856	0.444	0.381	0.503	0.295	34.698	1765	5757
526	0.127	33.807	123.472	1.371	33.528	123.317	0.529	0.318	0.521	0.311	8.591	1594	5826
527	0.128	29.386	124.075	1.376	29.189	123.846	0.402	0.444	0.501	0.326	127.189	1383	5851
528	0.084	78.834	124.594	1.107	78.634	124.439	0.381	0.296	0.412	0.260	30.661	3725	5879
529	0.125	33.855	124.773	1.406	33.634	124.524	0.423	0.466	0.540	0.293	51.405	1604	5883
530	0.115	28.599	124.787	1.291	28.384	124.587	0.423	0.402	0.481	0.303	135.315	1345	5886
531	0.109	46.848	125.862	1.288	46.715	125.624	0.275	0.487	0.500	0.278	101.187	2208	5935
532	0.116	69.313	127.206	1.271	69.130	127.021	0.360	0.360	0.387	0.384	168.651	3272	6001
533	0.108	61.217	127.312	1.244	61.002	127.127	0.423	0.360	0.469	0.293	147.897	2886	6006
534	0.121	72.491	128.557	1.304	72.284	128.355	0.423	0.402	0.488	0.316	140.921	3418	6064
535	0.105	16.787	128.622	1.239	16.637	128.397	0.296	0.466	0.467	0.287	80.547	792	6066
536	0.110	25.530	129.777	1.281	25.358	129.561	0.339	0.444	0.467	0.299	105.792	1201	6121
537	0.125	67.776	131.771	1.323	67.606	131.530	0.339	0.466	0.481	0.330	106.761	3198	6214
538	0.120	62.282	132.395	1.383	62.082	132.144	0.339	0.508	0.514	0.297	84.269	2941	6243
539	0.095	46.725	134.727	1.209	46.567	134.493	0.296	0.444	0.436	0.277	89.810	2207	6354
540	0.117	49.139	134.779	1.348	49.001	134.514	0.275	0.529	0.526	0.284	88.965	2320	6355
