 	Area	X	Y	Perim.	BX	BY	Width	Height	Major	Minor	Angle	XStart	YStart
1	0.143	75.925	13.886	1.491	75.628	13.716	0.572	0.360	0.572	0.319	156.759	3576	648
2	0.160	40.671	15.294	1.553	40.471	15.028	0.402	0.529	0.557	0.366	66.292	1926	710
3	0.145	65.182	15.921	1.498	65.003	15.642	0.360	0.550	0.543	0.340	75.903	3083	739
4	0.174	63.752	16.786	1.613	63.564	16.468	0.360	0.614	0.609	0.364	81.051	3015	778
5	0.151	76.626	16.791	1.515	76.454	16.510	0.339	0.593	0.581	0.332	82.503	3619	780
6	0.150	63.631	17.637	1.548	63.479	17.336	0.318	0.593	0.605	0.316	81.060	3007	819
7	0.136	20.853	18.239	1.545	20.680	17.928	0.360	0.572	0.585	0.296	112.539	977	847
8	0.173	96.787	18.503	1.588	96.605	18.203	0.360	0.614	0.600	0.367	87.430	4572	860
9	0.165	55.245	18.715	1.558	54.949	18.521	0.572	0.381	0.585	0.359	13.636	2610	875
10	0.161	95.698	19.156	1.545	95.462	18.923	0.466	0.487	0.570	0.359	134.470	4513	894
11	0.149	41.255	19.813	1.498	41.084	19.537	0.339	0.572	0.577	0.328	81.332	1947	923
12	0.138	49.993	20.008	1.443	49.805	19.727	0.360	0.529	0.534	0.330	70.905	2364	932
13	0.155	62.291	20.501	1.498	62.061	20.256	0.444	0.466	0.542	0.363	43.046	2950	957
14	0.150	54.318	20.997	1.478	54.081	20.764	0.466	0.466	0.555	0.344	46.521	2569	981
15	0.142	90.573	21.086	1.456	90.276	20.934	0.572	0.318	0.563	0.320	173.149	4271	989
16	0.155	83.283	21.478	1.563	83.037	21.209	0.466	0.508	0.579	0.341	51.946	3937	1002
17	0.164	48.960	21.945	1.568	48.768	21.675	0.423	0.572	0.568	0.366	75.148	2312	1024
18	0.162	13.710	22.312	1.545	13.462	22.098	0.529	0.423	0.563	0.367	154.729	640	1044
19	0.111	91.699	22.962	1.336	91.567	22.712	0.275	0.529	0.520	0.272	96.201	4329	1073
20	0.156	111.536	23.175	1.503	111.358	22.902	0.360	0.572	0.559	0.355	98.124	5266	1082
21	0.151	20.006	23.220	1.538	19.812	22.924	0.402	0.572	0.558	0.346	70.392	944	1083
22	0.148	48.803	24.128	1.486	48.535	23.961	0.550	0.339	0.542	0.348	177.607	2298	1132
23	0.152	89.289	24.461	1.521	89.090	24.194	0.402	0.550	0.595	0.326	114.930	4212	1143
24	0.161	80.968	25.274	1.540	80.666	25.104	0.593	0.339	0.593	0.346	0.711	3820	1186
25	0.148	62.179	27.747	1.498	62.018	27.453	0.339	0.572	0.576	0.327	96.659	2934	1297
26	0.136	32.855	27.786	1.426	32.660	27.538	0.360	0.508	0.528	0.328	107.451	1548	1301
27	0.154	82.406	28.900	1.538	82.169	28.638	0.487	0.487	0.588	0.333	136.628	3884	1353
28	0.185	11.681	28.963	1.707	11.388	28.766	0.614	0.402	0.624	0.378	172.194	544	1359
29	0.164	102.276	29.226	1.588	102.108	28.935	0.360	0.593	0.592	0.351	84.273	4830	1367
30	0.145	48.474	29.493	1.438	48.218	29.316	0.508	0.360	0.531	0.347	15.044	2289	1385
31	0.146	24.460	29.703	1.493	24.278	29.443	0.360	0.529	0.564	0.330	109.057	1150	1391
32	0.150	93.067	29.759	1.515	92.752	29.591	0.593	0.339	0.575	0.331	2.929	4396	1398
33	0.141	84.203	29.875	1.456	83.926	29.697	0.529	0.360	0.538	0.333	159.055	3972	1403
34	0.194	60.212	30.486	1.695	59.986	30.184	0.466	0.593	0.646	0.381	120.718	2837	1426
35	0.173	34.088	30.794	1.593	33.846	30.565	0.508	0.487	0.592	0.372	41.799	1611	1444
36	0.156	30.051	31.101	1.515	29.845	30.840	0.402	0.529	0.557	0.358	115.513	1415	1457
37	0.160	58.237	31.936	1.558	57.933	31.750	0.593	0.360	0.584	0.350	175.978	2747	1500
38	0.171	100.100	32.403	1.593	99.822	32.173	0.529	0.466	0.600	0.363	142.262	4721	1520
39	0.136	30.658	32.680	1.456	30.459	32.427	0.402	0.487	0.534	0.324	125.286	1445	1532
40	0.152	106.812	32.697	1.491	106.532	32.491	0.529	0.402	0.542	0.358	21.031	5048	1535
41	0.161	97.753	32.821	1.533	97.494	32.597	0.487	0.466	0.563	0.365	137.355	4611	1540
42	0.185	88.354	32.923	1.665	88.096	32.660	0.529	0.508	0.621	0.378	135.944	4166	1543
43	0.177	89.117	33.387	1.678	88.879	33.105	0.487	0.529	0.597	0.376	129.487	4202	1564
44	0.159	77.877	33.310	1.553	77.597	33.126	0.550	0.360	0.572	0.354	171.333	3675	1565
45	0.159	114.537	33.818	1.538	114.300	33.570	0.487	0.487	0.584	0.346	132.982	5404	1586
46	0.166	85.708	33.934	1.618	85.408	33.740	0.593	0.381	0.581	0.363	171.803	4043	1594
47	0.173	71.356	34.259	1.645	71.099	33.994	0.508	0.550	0.629	0.350	132.055	3363	1606
48	0.164	61.656	34.846	1.570	61.341	34.671	0.593	0.360	0.587	0.356	6.031	2911	1638
49	0.159	51.233	35.421	1.540	50.948	35.264	0.593	0.339	0.593	0.341	3.687	2413	1666
50	0.155	92.367	35.837	1.533	92.096	35.645	0.572	0.381	0.581	0.339	163.016	4356	1684
51	0.161	45.732	36.013	1.591	45.466	35.750	0.508	0.508	0.609	0.336	47.211	2162	1689
52	0.166	39.970	36.112	1.613	39.688	35.920	0.572	0.402	0.609	0.347	158.184	1877	1697
53	0.145	76.629	36.312	1.461	76.454	36.026	0.360	0.550	0.552	0.335	108.401	3617	1702
54	0.136	77.741	36.556	1.461	77.491	36.322	0.466	0.444	0.511	0.339	38.505	3678	1716
55	0.157	112.036	36.941	1.523	111.866	36.661	0.339	0.572	0.579	0.345	93.634	5290	1732
56	0.145	90.461	37.282	1.456	90.170	37.105	0.550	0.339	0.540	0.341	176.750	4270	1753
57	0.146	18.755	37.608	1.515	18.521	37.359	0.444	0.466	0.537	0.345	49.927	889	1765
58	0.161	34.133	38.733	1.568	33.930	38.460	0.402	0.572	0.565	0.363	75.634	1612	1817
59	0.177	63.823	38.817	1.630	63.627	38.502	0.381	0.614	0.608	0.370	75.700	3017	1819
60	0.164	99.281	38.739	1.556	98.975	38.523	0.572	0.423	0.568	0.367	22.994	4693	1820
61	0.164	95.170	39.221	1.575	94.890	39.031	0.593	0.381	0.585	0.358	10.413	4494	1844
62	0.142	74.869	39.398	1.486	74.718	39.116	0.318	0.593	0.572	0.315	92.766	3536	1848
63	0.129	85.742	40.324	1.396	85.577	40.068	0.339	0.508	0.515	0.320	105.679	4045	1893
64	0.138	97.748	40.476	1.418	97.536	40.238	0.423	0.466	0.544	0.323	52.730	4619	1901
65	0.138	94.126	40.795	1.450	93.959	40.513	0.318	0.550	0.548	0.320	80.768	4450	1914
66	0.167	129.190	41.102	1.588	128.905	40.915	0.572	0.381	0.594	0.357	165.481	6095	1933
67	0.152	56.511	41.143	1.515	56.240	40.958	0.529	0.360	0.548	0.354	6.979	2671	1935
68	0.152	82.343	41.223	1.503	82.063	41.042	0.572	0.360	0.572	0.338	15.926	3891	1939
69	0.149	14.488	41.530	1.513	14.224	41.296	0.508	0.466	0.592	0.320	41.854	687	1951
70	0.139	86.692	42.229	1.436	86.424	42.058	0.529	0.360	0.526	0.336	11.280	4093	1987
71	0.181	118.961	42.816	1.623	118.703	42.545	0.508	0.508	0.598	0.386	44.691	5624	2010
72	0.148	120.808	43.214	1.493	120.629	42.947	0.339	0.550	0.557	0.339	99.086	5704	2029
73	0.151	92.317	43.691	1.515	92.075	43.476	0.508	0.423	0.579	0.331	147.804	4351	2054
74	0.154	46.668	43.750	1.528	46.376	43.582	0.572	0.360	0.553	0.354	168.420	2197	2059
75	0.140	92.945	43.790	1.448	92.668	43.603	0.529	0.381	0.559	0.318	151.749	4384	2060
76	0.159	17.512	44.104	1.545	17.208	43.942	0.614	0.339	0.600	0.336	176.730	819	2076
77	0.159	59.037	44.169	1.510	58.759	43.984	0.550	0.360	0.558	0.363	1.473	2784	2078
78	0.143	79.576	45.236	1.436	79.312	45.043	0.529	0.381	0.541	0.337	156.501	3752	2128
79	0.136	86.610	45.262	1.413	86.381	45.064	0.466	0.402	0.529	0.327	144.187	4083	2129
80	0.142	78.783	45.425	1.461	78.550	45.212	0.487	0.423	0.537	0.336	144.623	3715	2136
81	0.154	56.944	45.526	1.491	56.663	45.339	0.550	0.381	0.567	0.346	161.287	2683	2142
82	0.155	92.827	45.710	1.568	92.604	45.445	0.466	0.529	0.616	0.319	127.899	4376	2147
83	0.159	115.674	45.786	1.618	115.485	45.466	0.381	0.614	0.635	0.320	70.680	5467	2148
84	0.152	88.220	46.229	1.515	87.948	46.038	0.572	0.360	0.557	0.347	167.655	4165	2175
85	0.155	48.478	46.686	1.515	48.196	46.503	0.550	0.381	0.583	0.340	157.117	2281	2197
86	0.137	48.783	47.127	1.426	48.514	46.969	0.529	0.339	0.518	0.337	168.525	2297	2219
87	0.156	45.677	47.200	1.528	45.402	47.011	0.550	0.381	0.571	0.348	16.870	2160	2221
88	0.155	121.795	47.560	1.556	121.581	47.308	0.423	0.529	0.571	0.347	119.616	5748	2235
89	0.159	126.430	47.565	1.528	126.153	47.392	0.572	0.360	0.578	0.350	170.496	5965	2239
90	0.167	50.688	48.102	1.583	50.419	47.900	0.529	0.423	0.585	0.363	25.583	2396	2263
91	0.125	73.219	48.952	1.448	73.067	48.683	0.318	0.572	0.545	0.291	98.971	3456	2300
92	0.147	53.718	49.173	1.528	53.530	48.895	0.360	0.572	0.573	0.326	108.828	2533	2310
93	0.161	72.260	49.329	1.588	72.051	49.064	0.423	0.550	0.601	0.341	61.986	3414	2318
94	0.138	32.448	49.334	1.461	32.258	49.086	0.402	0.508	0.523	0.335	56.058	1536	2319
95	0.168	51.766	49.333	1.583	51.477	49.149	0.593	0.360	0.599	0.356	10.615	2443	2322
96	0.138	114.475	49.452	1.438	114.321	49.191	0.318	0.550	0.547	0.322	88.935	5405	2324
97	0.159	127.298	49.430	1.533	127.042	49.191	0.487	0.466	0.580	0.348	42.542	6015	2324
98	0.152	29.011	49.530	1.580	28.787	49.255	0.423	0.550	0.549	0.353	70.212	1372	2327
99	0.164	92.131	49.667	1.610	91.906	49.382	0.466	0.550	0.624	0.335	129.222	4343	2333
100	0.165	67.967	49.821	1.580	67.691	49.615	0.572	0.423	0.600	0.350	25.927	3212	2344
101	0.166	46.782	50.020	1.672	46.503	49.784	0.550	0.444	0.582	0.364	34.747	2216	2352
102	0.151	57.515	50.411	1.515	57.298	50.165	0.444	0.487	0.568	0.338	132.913	2708	2370
103	0.149	122.993	50.506	1.515	122.830	50.229	0.339	0.593	0.579	0.327	80.166	5810	2373
104	0.153	128.459	50.662	1.473	128.185	50.482	0.550	0.360	0.545	0.357	8.715	6066	2385
105	0.133	77.707	50.777	1.426	77.534	50.504	0.318	0.550	0.540	0.314	96.023	3671	2386
106	0.142	64.438	51.103	1.503	64.262	50.821	0.339	0.593	0.554	0.325	94.524	3044	2401
107	0.152	95.109	51.449	1.510	94.869	51.202	0.444	0.466	0.552	0.350	49.305	4494	2419
108	0.152	45.264	52.417	1.515	45.085	52.134	0.360	0.572	0.563	0.343	99.475	2135	2463
109	0.168	129.550	52.395	1.630	129.244	52.218	0.635	0.360	0.622	0.345	171.137	6111	2467
110	0.153	50.379	52.880	1.515	50.144	52.642	0.487	0.444	0.565	0.345	143.018	2371	2487
111	0.152	89.130	52.948	1.515	88.900	52.705	0.466	0.466	0.542	0.358	44.510	4215	2490
112	0.140	25.628	52.981	1.468	25.379	52.790	0.529	0.360	0.546	0.327	157.969	1205	2494
113	0.145	19.312	53.119	1.508	19.050	52.938	0.572	0.360	0.534	0.346	170.976	906	2501
114	0.134	47.963	53.404	1.431	47.731	53.213	0.508	0.381	0.520	0.329	156.946	2258	2514
115	0.157	91.588	53.547	1.568	91.334	53.319	0.508	0.466	0.593	0.338	140.429	4317	2519
116	0.166	99.651	53.619	1.610	99.399	53.361	0.487	0.529	0.617	0.343	128.131	4700	2521
117	0.164	52.614	53.765	1.595	52.430	53.467	0.360	0.593	0.611	0.343	102.090	2480	2526
118	0.129	85.957	53.803	1.413	85.725	53.594	0.466	0.402	0.545	0.300	142.157	4053	2532
119	0.152	38.732	53.978	1.551	38.523	53.721	0.444	0.529	0.570	0.340	53.914	1832	2538
120	0.161	55.694	54.037	1.563	55.478	53.784	0.444	0.529	0.585	0.351	60.069	2631	2541
121	0.178	129.170	54.333	1.720	128.842	54.144	0.635	0.381	0.653	0.347	171.297	6099	2558
122	0.147	46.732	54.901	1.575	46.567	54.610	0.339	0.614	0.606	0.309	101.642	2204	2580
123	0.159	78.055	54.850	1.538	77.809	54.610	0.529	0.444	0.579	0.350	145.174	3681	2580
124	0.129	120.779	54.862	1.388	120.565	54.652	0.444	0.423	0.521	0.314	136.688	5699	2582
125	0.149	111.558	54.974	1.508	111.337	54.695	0.423	0.529	0.557	0.340	60.327	5274	2584
126	0.142	86.176	55.672	1.448	85.979	55.414	0.381	0.529	0.544	0.333	112.872	4067	2618
127	0.138	14.251	55.819	1.366	14.034	55.626	0.444	0.381	0.462	0.381	13.526	670	2628
128	0.148	109.349	55.840	1.498	109.093	55.647	0.508	0.402	0.569	0.331	28.962	5167	2629
129	0.150	48.333	56.483	1.486	48.070	56.303	0.550	0.360	0.561	0.341	165.467	2275	2660
130	0.150	43.861	56.586	1.515	43.624	56.346	0.466	0.466	0.565	0.338	49.799	2072	2662
131	0.150	74.142	56.533	1.498	73.872	56.367	0.550	0.339	0.559	0.342	10.012	3499	2663
132	0.151	54.390	57.247	1.496	54.123	57.023	0.529	0.423	0.553	0.348	30.585	2573	2694
133	0.152	42.892	57.547	1.553	42.693	57.256	0.381	0.550	0.576	0.336	63.808	2032	2705
134	0.141	95.983	57.941	1.503	95.822	57.637	0.339	0.572	0.549	0.326	97.062	4530	2723
135	0.164	53.316	58.042	1.575	53.107	57.764	0.402	0.572	0.593	0.353	110.090	2513	2729
136	0.143	104.641	58.324	1.450	104.352	58.166	0.550	0.318	0.559	0.326	173.023	4936	2748
137	0.069	118.387	58.382	0.962	118.237	58.230	0.296	0.296	0.303	0.290	73.403	5591	2751
138	0.143	96.686	58.585	1.443	96.393	58.420	0.550	0.339	0.540	0.337	2.766	4564	2760
139	0.116	81.675	59.069	1.359	81.513	58.780	0.318	0.529	0.500	0.294	77.559	3861	2777
140	0.134	49.285	59.025	1.450	49.022	58.864	0.550	0.318	0.556	0.306	8.942	2328	2781
141	0.165	128.148	59.757	1.570	127.868	59.563	0.572	0.381	0.580	0.363	13.338	6054	2814
142	0.161	129.268	59.942	1.593	128.968	59.754	0.593	0.360	0.594	0.346	9.364	6108	2823
143	0.144	77.747	60.441	1.478	77.470	60.219	0.508	0.423	0.553	0.331	35.408	3675	2845
144	0.143	125.477	60.518	1.478	125.286	60.262	0.402	0.508	0.558	0.327	59.509	5929	2847
145	0.155	54.381	60.568	1.528	54.081	60.388	0.572	0.360	0.581	0.341	167.132	2563	2853
146	0.158	55.373	60.712	1.551	55.160	60.431	0.423	0.550	0.590	0.341	57.097	2621	2855
147	0.163	111.752	60.640	1.563	111.464	60.452	0.593	0.381	0.577	0.360	8.979	5280	2856
148	0.160	28.044	60.766	1.588	27.750	60.600	0.614	0.360	0.590	0.346	4.981	1319	2863
149	0.174	38.149	61.417	1.613	37.952	61.129	0.402	0.572	0.605	0.366	108.001	1797	2888
150	0.147	120.785	61.396	1.503	120.544	61.172	0.487	0.444	0.566	0.329	138.240	5697	2890
151	0.159	41.174	61.614	1.633	40.936	61.341	0.487	0.529	0.581	0.349	47.964	1945	2898
152	0.146	39.149	61.663	1.508	38.926	61.426	0.487	0.444	0.535	0.348	144.746	1841	2902
153	0.162	106.969	61.957	1.580	106.680	61.743	0.550	0.444	0.594	0.348	149.464	5048	2917
154	0.169	39.702	62.138	1.583	39.518	61.849	0.360	0.593	0.592	0.363	97.912	1872	2922
155	0.155	98.559	62.370	1.540	98.256	62.209	0.614	0.318	0.599	0.329	177.393	4649	2939
156	0.138	64.879	62.643	1.466	64.664	62.399	0.444	0.487	0.575	0.306	130.094	3056	2948
157	0.138	75.688	63.271	1.466	75.480	63.013	0.423	0.508	0.564	0.310	53.057	3582	2977
158	0.145	54.554	63.246	1.408	54.293	63.077	0.508	0.339	0.518	0.356	0.474	2571	2980
159	0.141	118.592	63.264	1.478	118.343	63.077	0.529	0.402	0.560	0.320	28.293	5602	2980
160	0.138	87.743	63.479	1.443	87.503	63.288	0.508	0.381	0.552	0.319	151.128	4135	2990
161	0.165	75.718	63.823	1.575	75.438	63.627	0.572	0.402	0.607	0.347	23.851	3577	3006
162	0.151	127.462	63.857	1.508	127.212	63.648	0.529	0.423	0.549	0.349	155.759	6015	3007
163	0.156	108.528	63.983	1.551	108.310	63.712	0.444	0.529	0.599	0.331	126.749	5119	3010
164	0.145	95.024	63.996	1.453	94.784	63.775	0.508	0.423	0.555	0.333	144.076	4482	3013
165	0.129	43.797	64.107	1.376	43.582	63.902	0.466	0.402	0.515	0.319	145.347	2061	3019
166	0.133	75.228	64.349	1.523	75.078	64.029	0.296	0.614	0.602	0.282	95.639	3551	3025
167	0.159	128.905	64.268	1.570	128.588	64.093	0.593	0.360	0.605	0.336	163.249	6082	3028
168	0.159	59.968	64.555	1.575	59.732	64.304	0.487	0.487	0.613	0.330	137.547	2823	3038
169	0.150	70.396	64.970	1.558	70.231	64.685	0.339	0.614	0.605	0.315	74.399	3325	3056
170	0.155	31.601	64.990	1.515	31.306	64.812	0.572	0.360	0.557	0.355	5.371	1492	3062
171	0.151	65.865	65.227	1.558	65.680	64.918	0.360	0.593	0.574	0.336	97.418	3111	3067
172	0.154	51.970	65.338	1.540	51.668	65.172	0.593	0.339	0.593	0.330	167.572	2447	3079
173	0.141	105.084	65.438	1.538	104.796	65.214	0.529	0.423	0.579	0.310	36.818	4968	3081
174	0.168	113.561	65.545	1.618	113.369	65.257	0.381	0.593	0.604	0.354	105.098	5360	3083
175	0.163	95.699	65.445	1.553	95.398	65.278	0.593	0.339	0.598	0.346	175.961	4515	3084
176	0.143	49.357	65.740	1.471	49.128	65.511	0.466	0.487	0.568	0.321	135.161	2324	3095
177	0.153	51.319	65.795	1.521	51.096	65.532	0.444	0.508	0.576	0.339	124.466	2418	3096
178	0.156	118.420	65.742	1.510	118.131	65.574	0.572	0.339	0.575	0.345	179.617	5590	3098
179	0.147	81.108	66.133	1.486	80.857	65.934	0.508	0.402	0.565	0.330	147.738	3821	3115
180	0.125	103.050	66.235	1.329	102.828	66.061	0.487	0.339	0.489	0.324	169.492	4862	3121
181	0.141	77.929	66.357	1.456	77.766	66.082	0.339	0.550	0.538	0.333	78.469	3682	3122
182	0.151	129.189	66.354	1.510	128.905	66.188	0.572	0.339	0.568	0.338	174.473	6095	3127
183	0.151	58.978	66.651	1.526	58.759	66.400	0.423	0.550	0.581	0.330	118.671	2779	3137
184	0.149	62.963	66.693	1.513	62.759	66.400	0.423	0.550	0.585	0.323	122.600	2969	3137
185	0.135	82.908	66.679	1.413	82.740	66.421	0.339	0.529	0.550	0.312	107.268	3912	3138
186	0.160	29.720	66.942	1.545	29.528	66.654	0.402	0.550	0.588	0.347	118.508	1397	3149
187	0.141	81.298	66.969	1.473	81.068	66.738	0.466	0.444	0.577	0.311	137.581	3833	3153
188	0.137	78.487	67.548	1.418	78.253	67.352	0.487	0.402	0.536	0.324	148.117	3699	3182
189	0.153	55.874	67.818	1.526	55.562	67.606	0.572	0.402	0.573	0.340	23.881	2642	3194
190	0.152	80.409	67.870	1.515	80.137	67.691	0.572	0.360	0.576	0.336	14.327	3799	3198
191	0.154	69.151	68.133	1.570	68.961	67.818	0.360	0.593	0.600	0.326	75.921	3270	3204
192	0.155	73.354	68.321	1.630	73.173	68.030	0.360	0.593	0.573	0.345	96.940	3469	3214
193	0.146	81.672	68.272	1.483	81.407	68.072	0.550	0.402	0.552	0.337	157.280	3850	3216
194	0.146	63.927	68.889	1.486	63.733	68.622	0.402	0.508	0.561	0.332	117.891	3015	3242
195	0.138	58.688	68.899	1.448	58.484	68.665	0.423	0.487	0.547	0.320	55.298	2772	3244
196	0.153	56.021	69.302	1.593	55.816	69.003	0.402	0.572	0.599	0.325	119.457	2639	3260
197	0.135	101.456	69.365	1.431	101.240	69.130	0.444	0.444	0.543	0.316	138.649	4784	3266
198	0.124	116.935	69.663	1.304	116.734	69.448	0.381	0.423	0.418	0.377	103.404	5522	3281
199	0.146	63.093	69.905	1.491	62.907	69.638	0.381	0.550	0.575	0.322	112.421	2974	3290
200	0.162	87.708	70.004	1.551	87.461	69.765	0.466	0.508	0.582	0.354	129.174	4136	3296
201	0.151	78.261	70.150	1.510	78.063	69.871	0.360	0.550	0.534	0.361	82.301	3699	3301
202	0.141	84.632	70.252	1.461	84.434	69.998	0.381	0.529	0.555	0.324	117.905	3995	3307
203	0.156	83.799	70.353	1.623	83.566	70.083	0.444	0.550	0.580	0.342	63.928	3959	3311
204	0.142	108.445	70.298	1.515	108.119	70.125	0.593	0.339	0.566	0.319	10.095	5125	3313
205	0.151	89.408	70.431	1.533	89.196	70.168	0.423	0.529	0.572	0.336	59.502	4226	3315
206	0.145	37.840	70.775	1.461	37.634	70.527	0.423	0.487	0.562	0.328	126.212	1781	3332
207	0.146	53.097	70.734	1.456	52.832	70.548	0.529	0.360	0.536	0.347	15.739	2507	3333
208	0.148	48.309	70.917	1.580	48.112	70.654	0.402	0.550	0.576	0.327	118.002	2277	3338
209	0.147	25.177	71.072	1.473	24.998	70.781	0.360	0.550	0.560	0.335	105.722	1187	3344
210	0.130	45.031	71.137	1.431	44.810	70.908	0.402	0.487	0.549	0.302	121.599	2118	3350
211	0.147	39.083	71.237	1.486	38.798	71.078	0.572	0.339	0.573	0.326	9.189	1843	3358
212	0.148	66.431	71.338	1.486	66.230	71.078	0.402	0.508	0.564	0.335	61.553	3139	3358
213	0.153	128.185	71.260	1.510	127.910	71.078	0.550	0.360	0.555	0.351	5.677	6053	3358
214	0.158	91.764	71.336	1.598	91.461	71.141	0.593	0.381	0.571	0.352	16.245	4336	3361
215	0.177	101.996	71.888	1.642	101.790	71.586	0.402	0.593	0.621	0.363	69.534	4820	3382
216	0.145	99.333	71.869	1.496	99.145	71.607	0.402	0.550	0.567	0.325	61.224	4695	3383
217	0.147	93.528	71.986	1.486	93.239	71.797	0.550	0.360	0.560	0.333	10.905	4423	3392
218	0.161	71.221	72.223	1.558	71.056	71.924	0.339	0.614	0.594	0.345	92.944	3363	3398
219	0.169	19.368	72.309	1.570	19.177	72.030	0.381	0.572	0.575	0.375	93.892	912	3403
220	0.151	76.148	72.522	1.473	75.925	72.284	0.444	0.466	0.555	0.348	48.732	3598	3415
221	0.146	87.609	72.652	1.501	87.334	72.432	0.529	0.423	0.532	0.349	26.571	4142	3422
222	0.134	80.174	72.833	1.431	80.010	72.559	0.339	0.550	0.541	0.314	107.513	3786	3428
223	0.154	30.455	72.866	1.508	30.205	72.644	0.529	0.423	0.550	0.355	152.119	1435	3432
224	0.127	81.546	73.009	1.480	81.386	72.750	0.318	0.572	0.563	0.287	76.987	3852	3437
225	0.159	102.278	73.147	1.563	101.981	72.962	0.593	0.381	0.582	0.348	164.361	4825	3447
226	0.134	41.212	73.403	1.401	40.979	73.216	0.508	0.360	0.520	0.328	158.907	1940	3459
227	0.143	62.982	74.076	1.503	62.780	73.808	0.402	0.529	0.572	0.319	115.594	2970	3487
228	0.121	70.644	74.227	1.383	70.485	73.935	0.318	0.529	0.508	0.303	103.535	3334	3493
229	0.149	95.624	74.180	1.466	95.356	73.956	0.508	0.423	0.542	0.349	30.213	4521	3494
230	0.168	63.659	74.556	1.653	63.458	74.274	0.423	0.593	0.612	0.349	61.928	3011	3509
231	0.151	80.940	74.748	1.510	80.772	74.464	0.339	0.572	0.579	0.331	80.011	3823	3518
232	0.147	89.811	74.898	1.515	89.598	74.655	0.444	0.487	0.570	0.328	50.429	4248	3527
233	0.155	40.805	74.972	1.563	40.534	74.761	0.529	0.444	0.584	0.338	36.833	1928	3532
234	0.136	76.028	75.263	1.461	75.819	75.036	0.402	0.487	0.551	0.314	128.555	3584	3545
235	0.136	123.130	75.387	1.436	122.872	75.163	0.487	0.423	0.541	0.319	37.918	5820	3551
236	0.140	129.102	75.827	1.431	128.820	75.650	0.529	0.360	0.521	0.343	3.526	6097	3574
237	0.154	109.870	75.994	1.648	109.707	75.692	0.381	0.614	0.589	0.332	95.734	5190	3576
238	0.155	25.269	75.955	1.545	24.998	75.756	0.550	0.402	0.575	0.343	27.024	1196	3579
239	0.142	112.370	76.071	1.443	112.162	75.861	0.444	0.444	0.527	0.342	48.497	5309	3584
240	0.154	105.632	76.045	1.540	105.325	75.883	0.593	0.339	0.585	0.335	170.180	4984	3585
241	0.150	80.749	76.465	1.570	80.560	76.158	0.360	0.593	0.590	0.324	70.789	3820	3598
242	0.166	74.541	76.882	1.635	74.358	76.581	0.360	0.635	0.632	0.334	81.598	3520	3618
243	0.157	55.703	77.047	1.570	55.520	76.750	0.381	0.572	0.574	0.348	71.368	2634	3626
244	0.163	113.278	76.964	1.588	112.966	76.793	0.593	0.381	0.608	0.341	159.388	5338	3628
245	0.164	82.482	77.638	1.605	82.169	77.449	0.593	0.381	0.585	0.357	3.238	3897	3659
246	0.142	74.042	77.831	1.521	73.829	77.576	0.444	0.508	0.597	0.302	124.268	3492	3665
247	0.155	23.418	77.919	1.533	23.178	77.682	0.487	0.466	0.582	0.339	44.102	1108	3670
248	0.130	93.450	78.218	1.443	93.282	77.936	0.339	0.550	0.552	0.300	110.002	4409	3682
249	0.166	110.219	78.266	1.610	110.024	77.957	0.402	0.614	0.632	0.334	115.065	5200	3683
250	0.138	97.177	78.320	1.443	96.943	78.105	0.487	0.402	0.531	0.330	149.431	4582	3690
251	0.161	75.408	78.461	1.551	75.163	78.232	0.487	0.466	0.577	0.355	140.523	3555	3696
252	0.122	13.335	78.518	1.353	13.123	78.338	0.444	0.381	0.503	0.308	35.549	631	3701
253	0.147	44.092	78.591	1.486	43.794	78.401	0.550	0.360	0.549	0.341	13.433	2084	3704
254	0.143	54.781	78.703	1.491	54.589	78.444	0.402	0.529	0.567	0.322	60.805	2589	3706
255	0.156	56.418	78.901	1.570	56.261	78.571	0.318	0.635	0.609	0.326	88.152	2666	3712
256	0.179	82.225	78.981	1.635	81.936	78.761	0.572	0.444	0.625	0.365	149.881	3875	3721
257	0.138	29.558	79.154	1.418	29.274	78.994	0.550	0.339	0.535	0.327	6.657	1394	3732
258	0.157	42.085	80.555	1.515	41.889	80.285	0.402	0.529	0.568	0.353	116.001	1981	3793
259	0.136	76.661	80.723	1.456	76.475	80.476	0.381	0.508	0.532	0.325	119.210	3617	3802
260	0.140	97.939	80.978	1.508	97.684	80.772	0.508	0.423	0.572	0.312	147.331	4618	3816
261	0.138	59.772	81.267	1.426	59.521	81.068	0.487	0.381	0.531	0.330	28.588	2826	3830
262	0.138	115.315	81.453	1.418	115.104	81.216	0.423	0.466	0.525	0.335	132.486	5441	3837
263	0.159	49.186	81.578	1.556	48.916	81.365	0.572	0.423	0.593	0.342	152.056	2315	3844
264	0.152	93.903	81.661	1.568	93.662	81.428	0.487	0.508	0.599	0.323	136.325	4428	3847
265	0.140	95.837	82.027	1.486	95.673	81.724	0.339	0.572	0.573	0.311	107.458	4523	3861
266	0.147	53.157	82.030	1.491	52.896	81.830	0.529	0.381	0.558	0.336	158.937	2505	3866
267	0.167	98.126	82.511	1.568	97.854	82.275	0.529	0.466	0.593	0.358	35.999	4637	3887
268	0.155	53.908	83.059	1.486	53.636	82.868	0.529	0.381	0.556	0.354	160.435	2539	3915
269	0.143	54.507	83.604	1.486	54.314	83.333	0.381	0.529	0.572	0.319	63.681	2578	3937
270	0.150	123.795	83.837	1.570	123.634	83.502	0.339	0.614	0.587	0.326	93.587	5847	3945
271	0.156	33.362	83.800	1.545	33.105	83.587	0.529	0.423	0.572	0.347	151.087	1566	3949
272	0.151	58.683	83.909	1.515	58.399	83.735	0.593	0.339	0.578	0.331	172.164	2765	3956
273	0.144	45.082	84.067	1.468	44.916	83.799	0.339	0.550	0.538	0.341	93.103	2128	3959
274	0.128	80.922	84.227	1.413	80.708	84.011	0.423	0.444	0.540	0.302	135.161	3815	3969
275	0.140	80.397	84.226	1.510	80.074	84.074	0.593	0.318	0.585	0.305	169.051	3792	3972
276	0.151	36.826	84.470	1.521	36.576	84.264	0.508	0.423	0.557	0.344	34.703	1739	3981
277	0.144	127.753	84.689	1.461	127.487	84.518	0.572	0.339	0.543	0.337	4.431	6031	3993
278	0.146	49.333	84.803	1.478	49.043	84.603	0.529	0.402	0.538	0.345	153.935	2327	3997
279	0.141	15.061	84.831	1.438	14.796	84.667	0.529	0.339	0.532	0.338	13.279	708	4000
280	0.155	114.772	84.862	1.533	114.469	84.688	0.593	0.360	0.584	0.339	6.904	5420	4001
281	0.147	115.589	85.346	1.486	115.401	85.069	0.360	0.550	0.557	0.337	106.271	5458	4019
282	0.167	79.102	85.614	1.605	78.909	85.323	0.402	0.593	0.600	0.355	71.423	3737	4031
283	0.146	95.336	85.597	1.478	95.123	85.344	0.402	0.529	0.555	0.334	115.745	4499	4032
284	0.157	17.052	85.622	1.570	16.785	85.408	0.529	0.423	0.567	0.353	29.509	814	4035
285	0.147	43.635	85.631	1.473	43.349	85.450	0.550	0.360	0.549	0.341	14.799	2062	4037
286	0.126	40.273	85.771	1.401	40.090	85.513	0.360	0.508	0.544	0.295	116.545	1898	4040
287	0.138	68.488	85.963	1.413	68.284	85.725	0.402	0.466	0.534	0.330	125.240	3230	4050
288	0.142	111.068	86.221	1.448	110.829	86.021	0.466	0.423	0.535	0.339	143.799	5240	4064
289	0.143	57.175	86.346	1.443	56.960	86.127	0.444	0.444	0.546	0.334	44.385	2701	4069
290	0.175	50.466	86.683	1.613	50.292	86.360	0.360	0.614	0.604	0.369	92.236	2382	4080
291	0.152	95.785	86.653	1.491	95.568	86.402	0.423	0.508	0.565	0.342	128.070	4520	4082
292	0.155	11.314	86.791	1.588	11.028	86.614	0.593	0.360	0.590	0.336	168.697	526	4092
293	0.164	12.254	86.926	1.563	11.959	86.741	0.614	0.360	0.599	0.347	167.663	571	4098
294	0.151	100.970	87.263	1.503	100.732	87.037	0.487	0.444	0.572	0.336	37.547	4774	4112
295	0.133	63.974	87.694	1.401	63.754	87.482	0.444	0.423	0.511	0.332	143.981	3014	4133
296	0.139	62.479	87.724	1.426	62.230	87.566	0.508	0.339	0.520	0.340	8.501	2947	4137
297	0.148	38.763	88.033	1.545	38.566	87.757	0.402	0.550	0.584	0.323	117.528	1827	4146
298	0.163	104.245	88.231	1.648	103.971	88.011	0.572	0.444	0.623	0.333	31.606	4933	4158
299	0.151	78.397	88.386	1.486	78.105	88.223	0.572	0.339	0.575	0.336	5.101	3701	4168
300	0.160	90.758	89.102	1.551	90.509	88.858	0.487	0.487	0.574	0.356	39.125	4295	4198
301	0.159	108.450	89.453	1.510	108.183	89.281	0.550	0.360	0.554	0.366	0.202	5118	4218
302	0.147	11.804	89.498	1.540	11.515	89.344	0.593	0.318	0.582	0.322	175.907	550	4221
303	0.141	61.630	90.171	1.443	61.383	89.958	0.466	0.423	0.534	0.336	141.009	2905	4250
304	0.147	19.751	90.750	1.515	19.558	90.509	0.381	0.550	0.543	0.345	102.803	927	4276
305	0.150	60.364	90.792	1.503	60.071	90.593	0.550	0.381	0.576	0.331	25.269	2853	4280
306	0.159	18.659	91.461	1.580	18.415	91.207	0.487	0.508	0.606	0.334	46.740	885	4309
307	0.155	46.947	91.635	1.503	46.736	91.377	0.423	0.508	0.558	0.354	59.440	2219	4317
308	0.145	37.270	91.738	1.528	37.105	91.419	0.339	0.593	0.580	0.319	80.482	1761	4319
309	0.154	78.386	92.221	1.533	78.105	92.033	0.593	0.360	0.578	0.339	8.554	3705	4348
310	0.165	126.078	92.394	1.575	125.878	92.096	0.402	0.572	0.572	0.368	102.046	5954	4351
311	0.149	78.951	92.831	1.515	78.740	92.562	0.402	0.529	0.552	0.344	118.223	3728	4373
312	0.134	100.422	93.081	1.456	100.267	92.816	0.318	0.572	0.559	0.306	79.721	4743	4385
313	0.150	20.484	93.022	1.491	20.214	92.837	0.550	0.381	0.562	0.339	164.601	960	4386
314	0.155	48.301	93.259	1.558	48.133	92.964	0.339	0.614	0.604	0.327	101.958	2279	4392
315	0.134	75.515	93.363	1.424	75.269	93.176	0.529	0.381	0.539	0.316	153.491	3559	4402
316	0.148	102.084	93.499	1.515	101.896	93.218	0.360	0.572	0.584	0.323	105.737	4818	4404
317	0.151	64.698	93.527	1.491	64.474	93.282	0.466	0.466	0.567	0.338	132.416	3050	4407
318	0.143	44.043	93.602	1.498	43.857	93.324	0.360	0.550	0.571	0.319	69.681	2084	4409
319	0.156	101.303	94.157	1.563	101.113	93.874	0.381	0.593	0.590	0.338	107.944	4782	4435
320	0.151	106.076	94.301	1.545	105.897	94.001	0.360	0.572	0.573	0.336	90.834	5009	4441
321	0.140	44.944	94.475	1.486	44.768	94.213	0.360	0.550	0.560	0.318	66.074	2124	4451
322	0.150	44.424	94.626	1.503	44.260	94.340	0.339	0.593	0.579	0.330	98.642	2096	4457
323	0.138	37.950	94.644	1.453	37.698	94.424	0.487	0.444	0.536	0.328	141.935	1789	4461
324	0.180	111.699	94.907	1.725	111.358	94.700	0.635	0.402	0.599	0.383	178.379	5273	4474
325	0.138	73.240	94.925	1.443	72.983	94.763	0.550	0.339	0.539	0.327	177.725	3454	4477
326	0.137	45.143	95.097	1.388	44.937	94.869	0.423	0.444	0.520	0.335	131.839	2126	4482
327	0.173	98.471	95.379	1.613	98.298	95.081	0.381	0.593	0.610	0.361	103.045	4646	4492
328	0.136	12.189	95.460	1.491	11.917	95.292	0.529	0.339	0.516	0.335	8.848	568	4502
329	0.135	99.325	96.651	1.418	99.081	96.435	0.487	0.402	0.529	0.326	32.140	4695	4556
330	0.194	127.794	96.993	1.720	127.487	96.774	0.635	0.423	0.649	0.381	161.529	6030	4572
331	0.146	17.876	97.371	1.515	17.590	97.197	0.593	0.339	0.573	0.324	2.761	843	4592
332	0.141	77.475	97.515	1.438	77.301	97.261	0.339	0.529	0.546	0.329	107.399	3655	4595
333	0.144	118.002	97.579	1.443	117.750	97.388	0.508	0.381	0.517	0.356	17.452	5575	4601
334	0.147	57.228	97.661	1.456	56.960	97.494	0.550	0.339	0.548	0.342	5.712	2702	4606
335	0.159	67.250	97.798	1.563	66.950	97.600	0.593	0.381	0.586	0.344	16.076	3182	4611
336	0.164	108.398	97.902	1.545	108.119	97.705	0.550	0.402	0.572	0.366	20.433	5118	4616
337	0.155	62.896	97.950	1.551	62.611	97.726	0.550	0.423	0.594	0.333	27.209	2978	4617
338	0.152	120.159	98.229	1.586	119.973	97.917	0.381	0.593	0.558	0.348	82.272	5676	4626
339	0.151	45.622	98.241	1.521	45.402	97.980	0.423	0.529	0.600	0.321	121.457	2148	4629
340	0.153	64.194	98.329	1.515	63.902	98.150	0.572	0.360	0.571	0.342	14.803	3031	4637
341	0.147	52.384	98.651	1.491	52.112	98.446	0.529	0.402	0.559	0.334	32.532	2475	4651
342	0.148	60.548	99.922	1.523	60.388	99.610	0.318	0.593	0.594	0.318	79.982	2863	4706
343	0.151	43.096	100.034	1.498	42.799	99.864	0.572	0.339	0.582	0.331	11.608	2034	4718
344	0.167	50.559	100.090	1.588	50.292	99.886	0.550	0.423	0.583	0.365	26.716	2389	4719
345	0.154	37.643	100.471	1.545	37.465	100.182	0.360	0.572	0.575	0.341	101.017	1776	4733
346	0.138	108.234	100.571	1.486	107.971	100.394	0.572	0.339	0.588	0.299	159.904	5103	4743
347	0.141	120.221	101.214	1.503	120.057	100.923	0.339	0.572	0.558	0.322	102.010	5674	4768
348	0.187	128.394	101.698	1.767	128.080	101.515	0.656	0.381	0.658	0.362	0.462	6061	4796
349	0.157	60.349	102.095	1.575	60.177	101.812	0.360	0.593	0.595	0.335	79.108	2851	4810
350	0.153	49.211	102.330	1.570	49.022	102.023	0.360	0.593	0.604	0.322	74.463	2326	4820
351	0.162	93.683	102.922	1.563	93.408	102.743	0.572	0.381	0.560	0.368	175.981	4418	4854
352	0.139	56.081	103.395	1.461	55.816	103.188	0.508	0.402	0.555	0.319	147.968	2643	4875
353	0.160	103.479	103.477	1.538	103.230	103.230	0.487	0.487	0.564	0.361	44.734	4891	4877
354	0.142	49.337	103.499	1.461	49.086	103.293	0.508	0.402	0.560	0.322	147.303	2322	4880
355	0.172	56.580	103.760	1.600	56.303	103.547	0.550	0.423	0.597	0.366	27.527	2675	4892
356	0.155	119.489	104.167	1.503	119.253	103.928	0.466	0.466	0.571	0.346	45.433	5646	4910
357	0.163	60.224	104.428	1.563	60.029	104.161	0.402	0.572	0.583	0.355	69.336	2846	4921
358	0.149	12.502	104.678	1.491	12.213	104.479	0.550	0.381	0.560	0.338	18.168	594	4936
359	0.153	111.813	105.007	1.515	111.506	104.838	0.572	0.360	0.564	0.345	2.752	5280	4953
360	0.154	96.472	105.270	1.508	96.266	105.008	0.423	0.529	0.558	0.352	118.112	4552	4961
361	0.157	51.222	105.259	1.521	50.969	105.029	0.508	0.444	0.569	0.352	139.459	2412	4962
362	0.157	123.629	105.354	1.570	123.465	105.071	0.339	0.572	0.588	0.340	84.593	5838	4964
363	0.142	111.346	105.792	1.480	111.188	105.495	0.318	0.572	0.570	0.318	86.686	5260	4984
364	0.133	106.637	105.884	1.401	106.384	105.706	0.508	0.360	0.492	0.344	3.746	5037	4994
365	0.143	39.706	106.147	1.426	39.434	105.982	0.529	0.339	0.534	0.341	173.228	1870	5007
366	0.154	84.084	106.367	1.508	83.862	106.087	0.423	0.529	0.543	0.361	62.568	3973	5012
367	0.139	19.737	106.605	1.473	19.473	106.426	0.572	0.339	0.539	0.329	170.845	927	5028
368	0.153	123.841	106.691	1.551	123.550	106.511	0.572	0.381	0.564	0.346	10.404	5849	5032
369	0.142	24.585	107.463	1.503	24.363	107.209	0.423	0.508	0.572	0.315	57.109	1163	5065
370	0.162	112.848	107.410	1.528	112.564	107.230	0.572	0.360	0.574	0.360	175.439	5325	5066
371	0.142	125.310	107.506	1.448	125.095	107.252	0.423	0.487	0.544	0.334	123.959	5915	5067
372	0.145	101.886	107.802	1.515	101.600	107.633	0.550	0.360	0.563	0.327	165.297	4807	5085
373	0.144	59.430	108.228	1.486	59.246	107.950	0.381	0.529	0.577	0.318	119.377	2801	5100
374	0.164	63.174	108.299	1.586	62.950	108.014	0.466	0.550	0.611	0.343	127.427	2977	5103
375	0.155	120.600	108.439	1.551	120.354	108.204	0.508	0.466	0.600	0.328	41.039	5704	5112
376	0.152	125.244	108.896	1.545	124.947	108.733	0.614	0.339	0.606	0.320	9.178	5913	5137
377	0.177	56.413	109.085	1.672	56.240	108.776	0.360	0.656	0.649	0.348	93.227	2662	5139
378	0.182	122.658	109.122	1.653	122.407	108.860	0.508	0.529	0.610	0.380	45.578	5798	5143
379	0.138	15.941	109.272	1.448	15.727	109.008	0.402	0.508	0.521	0.337	60.061	757	5150
380	0.158	14.664	109.260	1.568	14.393	109.051	0.550	0.444	0.579	0.348	28.929	693	5152
381	0.140	99.584	109.712	1.441	99.335	109.516	0.508	0.402	0.553	0.322	149.075	4696	5174
382	0.144	95.166	109.710	1.521	94.890	109.538	0.572	0.360	0.591	0.311	24.203	4495	5175
383	0.169	11.570	109.873	1.718	11.261	109.622	0.572	0.487	0.529	0.408	167.760	548	5179
384	0.165	50.989	110.454	1.588	50.694	110.278	0.614	0.360	0.606	0.347	172.303	2400	5210
385	0.145	102.655	110.692	1.503	102.447	110.426	0.402	0.529	0.567	0.326	63.981	4853	5217
386	0.147	23.317	110.718	1.508	23.008	110.532	0.572	0.381	0.579	0.324	155.449	1096	5222
387	0.147	66.973	110.919	1.551	66.802	110.596	0.360	0.593	0.574	0.325	106.881	3161	5225
388	0.146	79.361	110.898	1.528	79.163	110.617	0.402	0.529	0.584	0.318	124.120	3740	5226
389	0.147	70.066	111.371	1.480	69.786	111.210	0.550	0.339	0.565	0.332	164.653	3298	5254
390	0.153	71.022	111.520	1.575	70.845	111.210	0.360	0.593	0.597	0.327	79.077	3356	5254
391	0.144	29.070	111.444	1.456	28.808	111.273	0.550	0.339	0.546	0.337	170.686	1365	5257
392	0.150	103.864	111.642	1.508	103.632	111.400	0.466	0.487	0.574	0.333	131.391	4901	5263
393	0.156	56.711	111.804	1.515	56.409	111.633	0.572	0.360	0.561	0.354	0.719	2676	5274
394	0.170	61.433	111.894	1.635	61.150	111.675	0.572	0.423	0.592	0.366	21.032	2906	5276
395	0.138	87.982	111.852	1.443	87.694	111.675	0.529	0.360	0.520	0.338	15.085	4156	5276
396	0.150	91.239	111.898	1.521	90.932	111.718	0.572	0.360	0.573	0.334	13.563	4312	5278
397	0.153	14.326	112.190	1.491	14.055	111.993	0.529	0.402	0.562	0.347	153.264	670	5291
398	0.136	20.507	112.363	1.448	20.278	112.120	0.444	0.466	0.556	0.311	49.332	972	5297
399	0.135	71.203	112.519	1.426	71.014	112.268	0.360	0.508	0.519	0.331	109.606	3360	5304
400	0.158	28.729	112.804	1.563	28.512	112.522	0.423	0.550	0.608	0.330	55.578	1362	5316
401	0.151	95.128	113.375	1.521	94.911	113.115	0.444	0.508	0.574	0.336	129.207	4489	5344
402	0.153	98.864	113.464	1.521	98.658	113.199	0.423	0.529	0.575	0.338	123.075	4664	5348
403	0.154	50.021	113.403	1.528	49.720	113.220	0.572	0.360	0.566	0.347	6.148	2363	5349
404	0.138	13.186	113.526	1.468	12.890	113.348	0.550	0.339	0.560	0.313	18.740	623	5355
405	0.162	117.651	114.165	1.551	117.454	113.898	0.402	0.572	0.562	0.367	106.578	5553	5381
406	0.147	36.547	114.237	1.503	36.364	113.961	0.360	0.572	0.579	0.324	72.885	1727	5384
407	0.142	93.056	114.514	1.468	92.901	114.215	0.318	0.572	0.565	0.321	85.338	4394	5396
408	0.144	90.672	114.448	1.461	90.403	114.279	0.550	0.360	0.542	0.338	166.745	4275	5399
409	0.149	89.700	114.498	1.533	89.387	114.321	0.593	0.360	0.567	0.335	11.453	4237	5401
410	0.152	99.097	115.150	1.486	98.848	114.935	0.487	0.423	0.555	0.349	146.737	4675	5430
411	0.125	87.178	115.280	1.396	87.016	115.020	0.318	0.529	0.538	0.297	79.093	4117	5434
412	0.152	83.138	116.036	1.510	82.973	115.739	0.339	0.572	0.569	0.341	91.396	3924	5468
413	0.167	75.108	116.172	1.630	74.824	115.993	0.614	0.360	0.595	0.356	177.053	3541	5480
414	0.175	82.088	116.276	1.653	81.788	116.078	0.614	0.402	0.604	0.368	13.223	3877	5484
415	0.159	70.348	116.675	1.538	70.125	116.417	0.466	0.508	0.579	0.351	125.551	3317	5500
416	0.147	101.573	116.657	1.521	101.282	116.438	0.529	0.423	0.551	0.339	31.638	4801	5501
417	0.134	90.748	116.759	1.418	90.551	116.501	0.381	0.508	0.545	0.312	61.930	4291	5504
418	0.143	39.877	116.781	1.503	39.624	116.565	0.508	0.423	0.564	0.324	32.278	1891	5507
419	0.140	99.925	116.958	1.461	99.737	116.713	0.381	0.529	0.526	0.338	68.746	4722	5514
420	0.163	111.241	117.975	1.563	110.998	117.729	0.487	0.487	0.587	0.353	132.666	5249	5562
421	0.142	52.907	117.958	1.443	52.642	117.792	0.550	0.339	0.535	0.338	174.795	2492	5565
422	0.147	43.235	118.340	1.480	43.074	118.068	0.318	0.572	0.578	0.324	93.748	2039	5578
423	0.153	77.101	118.276	1.533	76.814	118.089	0.572	0.381	0.588	0.331	21.847	3643	5579
424	0.140	100.380	118.323	1.461	100.118	118.131	0.529	0.381	0.553	0.322	27.229	4743	5581
425	0.140	40.239	118.931	1.431	40.026	118.703	0.444	0.444	0.525	0.340	129.339	1894	5608
426	0.164	70.809	119.297	1.690	70.570	118.999	0.423	0.572	0.581	0.359	78.006	3345	5622
427	0.172	71.389	119.258	1.613	71.099	119.062	0.593	0.381	0.606	0.362	171.320	3368	5625
428	0.162	124.148	119.361	1.570	123.867	119.190	0.593	0.360	0.579	0.357	11.539	5863	5631
429	0.133	83.312	119.602	1.438	83.058	119.422	0.529	0.339	0.546	0.310	159.231	3929	5642
430	0.134	27.004	119.761	1.406	26.776	119.549	0.466	0.423	0.544	0.315	139.025	1267	5648
431	0.137	33.306	120.126	1.453	33.084	119.909	0.508	0.423	0.536	0.325	145.514	1566	5665
432	0.146	114.046	120.548	1.491	113.856	120.290	0.381	0.550	0.552	0.337	74.398	5387	5683
433	0.143	91.080	120.618	1.503	90.763	120.460	0.593	0.339	0.566	0.321	0.178	4299	5691
434	0.146	59.491	120.991	1.505	59.330	120.692	0.318	0.572	0.579	0.320	92.584	2809	5702
435	0.152	71.006	120.904	1.496	70.739	120.692	0.508	0.444	0.531	0.365	36.101	3355	5702
436	0.151	106.201	121.146	1.515	105.960	120.925	0.466	0.466	0.563	0.342	130.462	5007	5713
437	0.152	94.632	121.197	1.491	94.361	121.010	0.550	0.381	0.559	0.346	21.165	4470	5717
438	0.168	79.074	121.256	1.575	78.782	121.052	0.593	0.381	0.573	0.374	4.215	3736	5719
439	0.155	98.760	121.626	1.528	98.594	121.327	0.339	0.593	0.575	0.342	83.877	4665	5732
440	0.162	23.020	121.689	1.575	22.754	121.476	0.529	0.444	0.601	0.343	32.897	1091	5739
441	0.143	61.879	121.835	1.486	61.701	121.560	0.339	0.550	0.552	0.329	78.362	2925	5743
442	0.156	126.816	121.791	1.540	126.534	121.624	0.572	0.360	0.570	0.349	175.406	5983	5746
443	0.143	28.124	122.043	1.456	27.940	121.793	0.381	0.508	0.556	0.327	116.678	1320	5754
444	0.154	110.961	122.047	1.538	110.680	121.835	0.550	0.423	0.581	0.337	30.616	5243	5756
445	0.158	83.003	122.405	1.545	82.740	122.195	0.529	0.423	0.571	0.352	30.848	3923	5773
446	0.153	83.699	122.501	1.526	83.481	122.238	0.466	0.508	0.583	0.334	132.207	3946	5775
447	0.155	85.195	122.515	1.538	84.942	122.259	0.466	0.487	0.558	0.352	49.745	4028	5776
448	0.169	32.626	122.558	1.575	32.364	122.343	0.572	0.402	0.576	0.374	161.775	1536	5780
449	0.162	71.652	122.599	1.588	71.353	122.386	0.572	0.402	0.609	0.339	26.218	3388	5782
450	0.151	108.072	123.417	1.503	107.802	123.232	0.550	0.381	0.558	0.345	160.895	5098	5822
451	0.137	92.457	123.499	1.436	92.223	123.275	0.487	0.423	0.561	0.311	144.014	4362	5824
452	0.147	81.176	123.951	1.471	80.962	123.677	0.423	0.529	0.551	0.341	120.944	3830	5843
453	0.149	82.578	124.099	1.498	82.402	123.825	0.360	0.550	0.552	0.343	77.540	3900	5850
454	0.141	110.418	124.222	1.473	110.236	123.973	0.381	0.529	0.554	0.324	61.212	5218	5857
455	0.152	92.372	124.216	1.528	92.117	124.016	0.508	0.423	0.556	0.348	30.731	4363	5859
456	0.141	101.922	124.880	1.503	101.748	124.608	0.360	0.572	0.559	0.322	75.744	4815	5887
457	0.144	102.702	126.191	1.473	102.531	125.899	0.360	0.550	0.554	0.330	106.475	4847	5948
458	0.167	82.687	126.861	1.577	82.402	126.682	0.572	0.360	0.596	0.356	166.835	3899	5985
459	0.143	36.222	127.101	1.503	36.026	126.831	0.381	0.550	0.572	0.319	66.918	1711	5992
460	0.145	18.291	127.191	1.498	18.119	126.894	0.339	0.572	0.572	0.323	84.775	865	5995
461	0.169	39.857	127.559	1.672	39.666	127.275	0.360	0.614	0.612	0.352	102.044	1878	6013
462	0.118	70.476	128.243	1.283	70.294	128.058	0.360	0.360	0.391	0.385	142.944	3326	6050
463	0.144	37.458	128.465	1.521	37.274	128.164	0.381	0.572	0.586	0.313	112.914	1764	6055
464	0.146	84.497	129.169	1.508	84.286	128.905	0.402	0.529	0.579	0.320	117.039	3986	6090
465	0.129	102.630	129.167	1.371	102.468	128.905	0.339	0.508	0.504	0.326	79.129	4849	6090
466	0.160	123.047	129.443	1.568	122.830	129.159	0.444	0.550	0.589	0.346	118.706	5807	6102
467	0.158	73.587	130.129	1.635	73.406	129.815	0.360	0.614	0.600	0.335	85.357	3476	6133
468	0.162	76.295	130.212	1.545	76.073	129.963	0.444	0.508	0.585	0.352	127.817	3595	6140
469	0.163	79.867	130.359	1.588	79.671	130.069	0.402	0.572	0.597	0.348	114.245	3770	6145
470	0.161	87.882	130.494	1.553	87.694	130.196	0.360	0.572	0.568	0.360	81.057	4153	6151
471	0.173	116.963	131.535	1.660	116.776	131.212	0.381	0.614	0.612	0.360	81.325	5527	6199
472	0.189	118.013	131.859	1.672	117.814	131.551	0.402	0.614	0.622	0.386	97.444	5572	6215
473	0.148	112.298	132.009	1.515	112.120	131.720	0.360	0.550	0.537	0.351	94.528	5300	6223
474	0.160	79.364	132.035	1.515	79.142	131.784	0.444	0.487	0.572	0.357	52.285	3751	6226
475	0.151	110.817	132.212	1.535	110.659	131.911	0.318	0.593	0.597	0.323	95.358	5233	6232
476	0.165	97.827	132.420	1.570	97.642	132.144	0.381	0.572	0.577	0.365	84.591	4619	6243
477	0.154	101.874	132.583	1.575	101.706	132.292	0.360	0.593	0.579	0.338	89.124	4811	6250
478	0.163	72.636	132.733	1.595	72.369	132.567	0.572	0.360	0.575	0.361	5.646	3425	6263
479	0.117	85.566	133.980	1.391	85.429	133.689	0.275	0.550	0.539	0.277	87.528	4041	6316
