 	Area	X	Y	Perim.	BX	BY	Width	Height	Major	Minor	Angle	XStart	YStart
1	0.116	53.920	21.812	1.323	53.679	21.675	0.508	0.296	0.494	0.300	7.087	2541	1024
2	0.147	97.108	23.860	1.503	96.901	23.601	0.402	0.529	0.582	0.322	119.736	4581	1115
3	0.112	75.956	24.568	1.359	75.713	24.405	0.508	0.339	0.511	0.279	21.473	3589	1153
4	0.138	40.816	26.137	1.436	40.576	25.908	0.466	0.444	0.533	0.331	44.873	1930	1224
5	0.120	49.076	26.705	1.371	48.895	26.458	0.360	0.487	0.517	0.296	61.707	2320	1250
6	0.154	112.976	26.920	1.486	112.797	26.649	0.360	0.550	0.535	0.366	88.625	5334	1259
7	0.142	90.617	27.278	1.456	90.445	27.009	0.360	0.529	0.534	0.339	102.500	4278	1276
8	0.132	82.432	28.323	1.383	82.169	28.152	0.508	0.339	0.516	0.326	13.858	3892	1330
9	0.125	122.297	29.551	1.341	122.047	29.379	0.487	0.339	0.489	0.326	173.067	5775	1388
10	0.134	23.032	29.880	1.473	22.860	29.591	0.339	0.572	0.573	0.299	70.622	1090	1398
11	0.113	122.596	30.204	1.286	122.364	30.036	0.444	0.339	0.443	0.326	162.874	5787	1419
12	0.116	54.089	30.314	1.346	53.869	30.078	0.402	0.444	0.523	0.283	54.037	2557	1421
13	0.112	46.485	30.425	1.359	46.270	30.184	0.381	0.466	0.502	0.283	60.502	2197	1426
14	0.140	93.728	30.853	1.448	93.493	30.628	0.487	0.423	0.552	0.323	142.595	4422	1447
15	0.223	122.160	32.274	1.767	121.899	32.004	0.550	0.550	0.581	0.488	133.944	5765	1512
16	0.132	13.692	32.353	1.378	13.462	32.173	0.466	0.360	0.512	0.327	27.050	645	1520
17	0.111	56.339	33.203	1.346	56.134	32.978	0.402	0.444	0.533	0.265	50.117	2666	1558
18	0.164	105.753	33.298	1.628	105.537	33.020	0.423	0.593	0.632	0.330	117.578	4990	1560
19	0.155	100.981	33.723	1.533	100.774	33.464	0.423	0.529	0.599	0.329	124.250	4762	1581
20	0.130	122.181	33.714	1.401	121.962	33.507	0.466	0.402	0.506	0.327	143.484	5766	1583
21	0.145	63.552	34.813	1.486	63.394	34.523	0.318	0.593	0.581	0.317	86.041	3002	1631
22	0.145	97.982	34.830	1.473	97.769	34.586	0.444	0.466	0.554	0.334	135.208	4620	1634
23	0.130	23.498	35.489	1.401	23.241	35.285	0.487	0.381	0.550	0.301	32.535	1113	1667
24	0.134	46.457	35.936	1.413	46.292	35.666	0.339	0.529	0.528	0.322	98.170	2191	1685
25	0.147	34.243	36.986	1.486	34.015	36.745	0.444	0.466	0.555	0.337	44.472	1624	1736
26	0.142	45.653	37.397	1.461	45.487	37.126	0.339	0.572	0.544	0.331	98.024	2154	1754
27	0.151	52.759	38.331	1.498	52.599	38.058	0.339	0.572	0.566	0.339	89.114	2489	1798
28	0.168	96.860	38.616	1.605	96.647	38.333	0.423	0.572	0.619	0.345	117.855	4570	1811
29	0.133	67.289	38.848	1.426	67.014	38.693	0.550	0.318	0.540	0.313	10.805	3176	1828
30	0.126	37.780	39.210	1.341	37.528	39.052	0.508	0.318	0.511	0.314	178.745	1780	1845
31	0.065	41.076	39.416	0.950	40.958	39.264	0.275	0.296	0.309	0.266	114.812	1936	1855
32	0.144	90.486	40.001	1.448	90.255	39.772	0.444	0.466	0.537	0.341	135.838	4270	1879
33	0.119	64.592	40.013	1.341	64.347	39.814	0.444	0.381	0.490	0.308	37.077	3052	1881
34	0.122	64.900	40.619	1.426	64.706	40.365	0.381	0.487	0.544	0.286	62.399	3068	1907
35	0.116	121.390	42.563	1.269	121.179	42.397	0.444	0.339	0.461	0.320	157.064	5727	2003
36	0.152	56.874	42.646	1.508	56.642	42.418	0.487	0.466	0.580	0.333	45.670	2689	2004
37	0.136	97.728	43.324	1.436	97.472	43.116	0.529	0.381	0.554	0.312	155.430	4611	2037
38	0.144	101.335	43.470	1.461	101.113	43.244	0.444	0.466	0.559	0.328	133.839	4779	2043
39	0.158	25.054	43.458	1.583	24.786	43.265	0.550	0.402	0.582	0.346	26.805	1183	2044
40	0.136	21.067	43.648	1.443	20.807	43.434	0.487	0.402	0.545	0.318	34.458	998	2052
41	0.134	81.456	43.925	1.456	81.195	43.752	0.508	0.381	0.545	0.313	149.830	3836	2067
42	0.185	125.977	44.184	1.672	125.666	43.984	0.614	0.402	0.622	0.379	166.788	5944	2078
43	0.154	12.945	44.872	1.491	12.679	44.683	0.529	0.381	0.531	0.369	8.214	608	2111
44	0.168	89.621	44.946	1.580	89.344	44.746	0.572	0.402	0.599	0.356	157.788	4225	2114
45	0.130	52.049	44.985	1.408	51.774	44.831	0.529	0.318	0.555	0.298	167.476	2451	2118
46	0.182	12.026	45.098	1.695	11.726	44.916	0.614	0.381	0.621	0.374	9.122	562	2122
47	0.153	26.665	45.494	1.568	26.374	45.276	0.550	0.423	0.560	0.348	29.975	1263	2139
48	0.137	32.789	45.982	1.431	32.512	45.805	0.529	0.339	0.528	0.331	4.473	1545	2164
49	0.126	102.394	46.127	1.359	102.214	45.889	0.360	0.487	0.505	0.317	62.964	4839	2168
50	0.136	34.718	46.134	1.456	34.438	45.953	0.550	0.339	0.561	0.309	15.259	1641	2171
51	0.149	26.361	46.228	1.478	26.120	46.016	0.508	0.423	0.551	0.344	34.531	1249	2174
52	0.129	120.242	46.547	1.371	119.994	46.376	0.508	0.339	0.519	0.317	162.442	5673	2191
53	0.126	68.166	46.628	1.353	67.924	46.461	0.487	0.339	0.492	0.327	19.517	3219	2195
54	0.122	59.157	46.815	1.383	58.886	46.672	0.550	0.296	0.533	0.292	174.432	2786	2205
55	0.129	58.932	47.150	1.359	58.695	46.969	0.487	0.360	0.514	0.320	157.367	2776	2219
56	0.159	53.022	47.260	1.570	52.705	47.096	0.614	0.339	0.600	0.338	176.123	2499	2225
57	0.153	33.267	47.297	1.545	32.978	47.117	0.572	0.360	0.588	0.331	14.850	1572	2226
58	0.112	74.466	47.370	1.304	74.210	47.223	0.487	0.318	0.470	0.302	6.808	3515	2231
59	0.118	71.643	47.582	1.411	71.395	47.434	0.508	0.318	0.495	0.304	3.056	3379	2241
60	0.131	69.110	47.986	1.396	68.855	47.816	0.508	0.339	0.522	0.320	16.244	3267	2259
61	0.154	30.693	48.155	1.540	30.416	47.985	0.572	0.360	0.577	0.340	9.453	1447	2267
62	0.167	99.941	48.591	1.593	99.758	48.302	0.381	0.614	0.573	0.371	84.343	4720	2282
63	0.133	58.103	48.571	1.418	57.827	48.366	0.508	0.381	0.533	0.318	28.135	2748	2285
64	0.181	57.289	48.635	1.640	57.002	48.408	0.593	0.444	0.610	0.378	153.548	2700	2287
65	0.116	55.451	48.920	1.341	55.224	48.747	0.466	0.360	0.506	0.293	154.213	2612	2303
66	0.131	52.905	49.586	1.431	52.642	49.403	0.508	0.381	0.555	0.300	152.702	2492	2334
67	0.145	34.307	49.682	1.456	34.036	49.509	0.550	0.339	0.567	0.325	14.550	1621	2339
68	0.165	86.408	49.723	1.583	86.127	49.551	0.593	0.360	0.595	0.354	173.828	4073	2341
69	0.177	19.194	50.226	1.665	18.902	50.017	0.614	0.423	0.631	0.358	21.464	909	2363
70	0.143	98.256	50.372	1.445	98.002	50.207	0.508	0.339	0.531	0.344	13.239	4638	2372
71	0.143	53.291	50.496	1.468	53.001	50.334	0.572	0.318	0.565	0.323	3.371	2513	2378
72	0.135	74.100	50.728	1.438	73.850	50.546	0.487	0.381	0.528	0.326	24.000	3503	2388
73	0.169	107.726	50.798	1.570	107.442	50.610	0.572	0.381	0.593	0.363	160.979	5080	2391
74	0.112	111.423	50.941	1.299	111.167	50.779	0.487	0.318	0.483	0.296	172.560	5260	2399
75	0.138	76.405	51.585	1.478	76.115	51.393	0.550	0.381	0.547	0.320	18.663	3615	2428
76	0.144	74.251	51.893	1.443	73.978	51.710	0.508	0.381	0.541	0.340	154.000	3500	2443
77	0.146	75.592	51.862	1.515	75.311	51.710	0.572	0.318	0.584	0.318	1.821	3565	2443
78	0.149	35.697	51.976	1.526	35.412	51.774	0.550	0.402	0.570	0.333	26.975	1688	2446
79	0.129	34.725	52.007	1.441	34.480	51.795	0.487	0.402	0.548	0.300	33.410	1646	2447
80	0.151	12.373	52.238	1.515	12.086	52.070	0.572	0.360	0.570	0.338	5.872	581	2460
81	0.143	27.683	52.478	1.593	27.474	52.155	0.423	0.572	0.581	0.313	57.068	1312	2464
82	0.133	101.066	52.513	1.436	100.859	52.260	0.423	0.487	0.542	0.312	126.762	4768	2469
83	0.151	26.253	52.676	1.503	25.993	52.493	0.529	0.381	0.542	0.356	20.269	1237	2480
84	0.126	70.088	52.914	1.426	69.808	52.768	0.572	0.296	0.544	0.296	2.340	3307	2493
85	0.148	102.627	53.153	1.491	102.426	52.896	0.402	0.529	0.570	0.331	118.031	4843	2499
86	0.148	49.357	53.360	1.478	49.107	53.150	0.508	0.423	0.571	0.330	147.134	2324	2511
87	0.127	55.872	53.463	1.443	55.711	53.192	0.339	0.550	0.552	0.293	105.313	2636	2513
88	0.154	89.520	53.367	1.545	89.218	53.192	0.593	0.360	0.598	0.327	15.345	4230	2513
89	0.125	102.223	53.839	1.443	102.066	53.530	0.318	0.572	0.562	0.282	77.000	4831	2529
90	0.131	116.422	53.760	1.473	116.163	53.552	0.508	0.402	0.540	0.309	152.548	5490	2530
91	0.144	15.552	53.741	1.421	15.304	53.573	0.508	0.339	0.536	0.342	10.759	732	2531
92	0.105	50.313	53.765	1.202	50.123	53.594	0.402	0.360	0.437	0.307	39.935	2375	2532
93	0.123	75.860	54.116	1.353	75.607	53.954	0.508	0.318	0.507	0.309	171.376	3579	2549
94	0.151	78.889	54.263	1.508	78.655	54.017	0.466	0.487	0.586	0.327	130.889	3720	2552
95	0.158	92.429	54.476	1.540	92.266	54.187	0.339	0.593	0.593	0.339	90.325	4364	2560
96	0.145	69.565	54.520	1.503	69.300	54.335	0.572	0.360	0.562	0.329	169.247	3282	2567
97	0.155	23.930	54.775	1.521	23.664	54.546	0.508	0.444	0.544	0.364	33.093	1136	2577
98	0.148	55.551	54.942	1.491	55.287	54.737	0.508	0.423	0.575	0.328	147.031	2616	2586
99	0.180	66.744	55.044	1.678	66.421	54.843	0.635	0.381	0.628	0.364	7.181	3154	2591
100	0.121	88.678	55.085	1.341	88.413	54.906	0.487	0.339	0.478	0.321	171.314	4186	2594
101	0.129	33.533	55.449	1.381	33.295	55.245	0.466	0.402	0.526	0.313	35.076	1586	2610
102	0.141	101.677	55.863	1.461	101.494	55.605	0.360	0.550	0.553	0.324	105.483	4799	2627
103	0.133	48.036	55.800	1.431	47.752	55.626	0.550	0.339	0.540	0.313	16.426	2271	2628
104	0.132	27.453	56.027	1.406	27.242	55.795	0.423	0.466	0.536	0.314	46.482	1300	2636
105	0.132	25.547	56.045	1.401	25.273	55.859	0.508	0.360	0.525	0.321	21.712	1209	2639
106	0.134	45.918	56.116	1.443	45.720	55.859	0.381	0.508	0.555	0.308	62.579	2170	2639
107	0.144	16.074	56.141	1.473	15.812	55.965	0.550	0.360	0.551	0.333	19.354	757	2644
108	0.137	44.782	56.186	1.431	44.514	56.007	0.529	0.360	0.533	0.326	16.152	2117	2646
109	0.153	24.897	56.330	1.521	24.638	56.134	0.529	0.402	0.569	0.343	22.323	1177	2652
110	0.136	117.245	56.352	1.431	116.988	56.176	0.508	0.360	0.549	0.316	156.371	5530	2654
111	0.134	65.032	56.491	1.421	64.770	56.324	0.529	0.318	0.545	0.313	9.834	3071	2661
112	0.163	106.522	56.612	1.545	106.299	56.367	0.444	0.508	0.584	0.356	124.451	5023	2663
113	0.141	83.299	56.718	1.461	83.058	56.515	0.487	0.402	0.539	0.333	31.808	3936	2670
114	0.145	112.666	57.012	1.443	112.437	56.790	0.466	0.423	0.541	0.342	140.592	5316	2683
115	0.132	67.499	57.205	1.438	67.225	57.044	0.529	0.339	0.546	0.307	171.728	3185	2695
116	0.105	107.459	57.610	1.281	107.315	57.362	0.275	0.508	0.507	0.263	98.154	5074	2710
117	0.120	28.419	57.648	1.359	28.194	57.446	0.444	0.402	0.497	0.307	34.968	1345	2714
118	0.135	89.434	57.641	1.413	89.175	57.468	0.529	0.339	0.531	0.324	10.160	4225	2715
119	0.151	124.927	57.771	1.551	124.651	57.573	0.593	0.381	0.560	0.345	168.137	5900	2720
120	0.142	100.726	57.944	1.508	100.499	57.700	0.466	0.487	0.587	0.307	49.057	4763	2726
121	0.146	74.281	58.049	1.491	74.041	57.827	0.487	0.444	0.566	0.329	141.366	3502	2732
122	0.138	103.800	58.237	1.429	103.590	57.997	0.423	0.508	0.509	0.345	116.747	4899	2740
123	0.089	127.652	58.231	1.094	127.487	58.060	0.339	0.339	0.349	0.324	134.283	6028	2743
124	0.164	23.783	58.606	1.551	23.516	58.399	0.550	0.423	0.573	0.363	28.437	1124	2759
125	0.129	116.017	58.603	1.413	115.782	58.399	0.487	0.381	0.513	0.322	153.635	5472	2759
126	0.151	87.502	59.041	1.545	87.228	58.864	0.593	0.360	0.595	0.324	16.477	4135	2781
127	0.154	30.788	59.433	1.623	30.522	59.224	0.550	0.402	0.572	0.342	21.485	1453	2798
128	0.135	58.358	59.578	1.426	58.187	59.309	0.339	0.529	0.551	0.311	106.729	2751	2802
129	0.122	36.258	59.749	1.388	36.026	59.521	0.423	0.444	0.530	0.294	47.290	1715	2812
130	0.138	15.445	60.114	1.473	15.198	59.880	0.466	0.444	0.541	0.324	35.515	735	2829
131	0.126	90.946	60.600	1.394	90.720	60.388	0.444	0.423	0.524	0.307	36.896	4300	2853
132	0.149	49.613	60.806	1.473	49.424	60.516	0.360	0.550	0.558	0.341	75.913	2345	2859
133	0.134	89.283	60.921	1.533	88.985	60.727	0.550	0.381	0.569	0.301	28.229	4221	2869
134	0.126	91.065	61.135	1.418	90.847	60.896	0.423	0.466	0.543	0.296	52.743	4304	2877
135	0.131	60.858	61.162	1.436	60.600	60.960	0.487	0.423	0.550	0.303	144.548	2868	2880
136	0.130	50.685	61.669	1.418	50.504	61.404	0.381	0.508	0.545	0.305	120.713	2388	2901
137	0.146	104.562	61.782	1.496	104.373	61.510	0.402	0.529	0.547	0.339	116.799	4935	2906
138	0.122	100.646	62.180	1.406	100.478	61.912	0.339	0.550	0.534	0.292	77.724	4756	2925
139	0.145	48.210	62.210	1.468	48.048	61.934	0.339	0.550	0.556	0.331	94.046	2275	2926
140	0.138	56.613	62.207	1.431	56.430	61.955	0.360	0.529	0.539	0.327	107.893	2669	2927
141	0.136	78.629	62.207	1.426	78.359	62.040	0.529	0.339	0.541	0.320	9.350	3713	2931
142	0.117	98.202	62.690	1.371	98.044	62.399	0.318	0.529	0.513	0.290	81.738	4638	2948
143	0.145	112.238	62.877	1.486	112.014	62.653	0.466	0.444	0.548	0.337	140.241	5295	2960
144	0.141	48.950	63.108	1.473	48.768	62.823	0.360	0.550	0.571	0.314	67.526	2314	2968
145	0.157	12.554	63.135	1.558	12.256	62.971	0.593	0.339	0.599	0.333	10.499	591	2975
146	0.175	112.627	63.565	1.623	112.353	63.331	0.550	0.466	0.605	0.369	145.469	5313	2992
147	0.154	20.842	63.709	1.521	20.595	63.500	0.508	0.423	0.577	0.339	31.941	987	3000
148	0.187	30.202	63.795	1.727	29.887	63.606	0.614	0.402	0.622	0.383	17.504	1424	3005
149	0.119	49.661	63.914	1.366	49.509	63.627	0.296	0.529	0.524	0.289	80.193	2347	3006
150	0.151	50.984	64.062	1.510	50.800	63.775	0.360	0.550	0.579	0.331	70.698	2409	3013
151	0.108	60.201	64.060	1.286	60.008	63.860	0.360	0.444	0.494	0.277	126.685	2837	3017
152	0.164	40.845	64.169	1.538	40.598	63.923	0.487	0.487	0.575	0.362	42.612	1935	3020
153	0.141	100.183	64.493	1.540	100.012	64.177	0.318	0.614	0.590	0.304	84.713	4732	3032
154	0.127	19.535	64.427	1.466	19.283	64.198	0.487	0.444	0.547	0.296	38.160	930	3033
155	0.126	53.197	64.758	1.353	53.044	64.516	0.318	0.508	0.500	0.320	94.401	2509	3048
156	0.147	46.390	65.300	1.491	46.143	65.066	0.487	0.444	0.555	0.336	39.154	2194	3074
157	0.128	81.900	65.229	1.473	81.619	65.066	0.529	0.339	0.547	0.297	161.804	3857	3074
158	0.138	56.272	65.352	1.461	56.070	65.109	0.402	0.508	0.551	0.320	57.448	2659	3076
159	0.129	37.673	65.664	1.406	37.402	65.468	0.508	0.381	0.530	0.310	28.027	1782	3093
160	0.094	128.805	65.910	1.124	128.609	65.744	0.381	0.318	0.373	0.321	18.328	6083	3106
161	0.134	92.695	66.438	1.473	92.477	66.167	0.402	0.508	0.557	0.306	54.950	4385	3126
162	0.162	108.938	66.460	1.563	108.691	66.230	0.487	0.487	0.595	0.346	136.480	5136	3129
163	0.145	111.355	66.511	1.436	111.125	66.294	0.466	0.444	0.531	0.347	137.471	5254	3132
164	0.116	105.748	66.915	1.334	105.558	66.675	0.381	0.466	0.524	0.282	122.433	4990	3150
165	0.126	103.161	67.020	1.413	102.997	66.738	0.339	0.529	0.526	0.305	100.772	4872	3153
166	0.148	39.954	67.094	1.538	39.730	66.802	0.423	0.529	0.570	0.330	58.094	1891	3156
167	0.143	89.000	67.041	1.473	88.773	66.802	0.444	0.466	0.571	0.319	46.392	4208	3156
168	0.162	127.960	67.211	1.600	127.783	66.887	0.360	0.614	0.599	0.344	78.188	6045	3160
169	0.142	72.460	67.138	1.443	72.242	66.908	0.444	0.444	0.535	0.339	137.802	3414	3161
170	0.148	81.355	67.239	1.461	81.090	67.056	0.550	0.360	0.537	0.351	176.042	3842	3168
171	0.149	14.562	67.251	1.540	14.288	67.077	0.550	0.360	0.584	0.325	19.586	690	3169
172	0.133	81.927	67.241	1.443	81.661	67.077	0.550	0.339	0.527	0.321	3.705	3867	3169
173	0.125	84.058	67.385	1.378	83.820	67.204	0.466	0.360	0.519	0.308	29.064	3973	3175
174	0.117	24.627	67.690	1.346	24.405	67.479	0.444	0.402	0.505	0.296	40.638	1167	3188
175	0.147	82.620	67.779	1.450	82.360	67.606	0.529	0.339	0.544	0.343	7.354	3899	3194
176	0.153	28.402	67.874	1.533	28.130	67.649	0.508	0.444	0.570	0.342	37.087	1344	3196
177	0.156	27.300	68.028	1.553	27.072	67.755	0.444	0.487	0.528	0.376	52.193	1294	3201
178	0.126	96.634	68.082	1.413	96.478	67.839	0.339	0.529	0.533	0.302	73.892	4564	3205
179	0.106	75.612	68.113	1.269	75.459	67.882	0.318	0.466	0.475	0.283	106.121	3569	3207
180	0.166	63.745	68.428	1.568	63.500	68.199	0.508	0.466	0.584	0.362	139.520	3002	3222
181	0.133	127.976	68.623	1.418	127.741	68.411	0.444	0.423	0.515	0.329	143.285	6041	3232
182	0.094	61.851	68.677	1.172	61.659	68.517	0.381	0.360	0.433	0.275	143.228	2915	3237
183	0.135	24.775	68.893	1.431	24.574	68.665	0.423	0.466	0.539	0.320	51.481	1172	3244
184	0.146	44.228	68.910	1.456	44.006	68.665	0.423	0.466	0.524	0.354	58.030	2089	3244
185	0.107	96.143	68.941	1.264	95.991	68.728	0.318	0.444	0.465	0.292	68.110	4540	3247
186	0.126	103.771	69.125	1.353	103.611	68.876	0.339	0.487	0.510	0.316	107.462	4897	3254
187	0.125	75.545	69.357	1.401	75.374	69.067	0.339	0.529	0.513	0.310	72.808	3570	3263
188	0.105	124.487	69.469	1.311	124.227	69.342	0.529	0.275	0.521	0.258	4.744	5878	3276
189	0.134	82.498	69.776	1.413	82.211	69.617	0.550	0.318	0.545	0.314	11.033	3895	3289
190	0.137	37.056	69.958	1.491	36.830	69.681	0.423	0.508	0.555	0.314	54.844	1755	3292
191	0.150	54.065	69.960	1.480	53.890	69.681	0.339	0.550	0.560	0.341	87.942	2552	3292
192	0.134	111.992	69.848	1.473	111.696	69.681	0.550	0.360	0.543	0.313	154.859	5286	3292
193	0.140	98.262	70.399	1.456	98.108	70.104	0.318	0.572	0.560	0.319	86.684	4640	3312
194	0.117	32.432	70.346	1.311	32.216	70.168	0.444	0.360	0.493	0.302	30.857	1532	3315
195	0.125	89.010	70.449	1.401	88.815	70.189	0.381	0.487	0.532	0.299	58.680	4208	3316
196	0.121	103.191	70.518	1.366	103.039	70.252	0.318	0.508	0.516	0.297	100.615	4872	3319
197	0.161	76.059	70.626	1.556	75.840	70.337	0.466	0.529	0.586	0.349	131.689	3588	3323
198	0.172	45.921	70.867	1.683	45.699	70.612	0.466	0.529	0.586	0.373	51.429	2170	3336
199	0.122	54.521	71.086	1.341	54.356	70.845	0.318	0.508	0.508	0.307	78.452	2574	3347
200	0.137	90.732	71.173	1.431	90.509	70.930	0.423	0.466	0.544	0.321	53.068	4288	3351
201	0.118	83.808	71.234	1.351	83.587	71.056	0.487	0.381	0.517	0.291	35.065	3959	3357
202	0.166	102.039	71.427	1.618	101.854	71.141	0.381	0.614	0.608	0.348	101.145	4817	3361
203	0.127	127.539	71.389	1.336	127.381	71.141	0.318	0.487	0.503	0.322	94.484	6022	3361
204	0.140	111.517	71.357	1.473	111.252	71.162	0.508	0.402	0.563	0.316	148.991	5258	3362
205	0.137	48.413	71.475	1.486	48.218	71.226	0.381	0.508	0.537	0.325	60.771	2288	3365
206	0.141	15.085	71.448	1.436	14.838	71.247	0.487	0.402	0.538	0.333	31.259	715	3366
207	0.143	114.919	71.754	1.473	114.660	71.564	0.529	0.381	0.548	0.332	160.887	5423	3381
208	0.152	55.440	71.918	1.533	55.266	71.628	0.360	0.572	0.575	0.336	105.254	2615	3384
209	0.132	25.512	72.115	1.401	25.294	71.924	0.444	0.423	0.501	0.336	38.332	1204	3398
210	0.164	48.894	72.305	1.575	48.683	72.051	0.444	0.529	0.571	0.365	57.550	2311	3404
211	0.138	52.853	72.316	1.461	52.684	72.051	0.339	0.572	0.535	0.329	92.417	2495	3404
212	0.133	118.635	72.209	1.353	118.385	72.051	0.508	0.318	0.515	0.329	177.607	5599	3404
213	0.115	97.717	72.446	1.403	97.578	72.178	0.275	0.550	0.559	0.261	86.765	4614	3410
214	0.151	103.179	72.707	1.523	102.997	72.432	0.381	0.529	0.587	0.326	115.211	4867	3422
215	0.126	64.352	72.856	1.371	64.156	72.623	0.423	0.423	0.501	0.321	141.686	3033	3431
216	0.128	65.738	72.825	1.376	65.511	72.623	0.466	0.402	0.524	0.311	143.826	3097	3431
217	0.145	69.884	72.889	1.491	69.617	72.686	0.487	0.444	0.559	0.330	136.776	3290	3434
218	0.135	104.411	72.992	1.503	104.225	72.686	0.381	0.550	0.533	0.322	106.819	4929	3434
219	0.131	49.696	72.994	1.433	49.551	72.729	0.296	0.550	0.559	0.299	82.664	2345	3436
220	0.183	24.433	73.081	1.678	24.194	72.813	0.487	0.550	0.632	0.369	53.209	1153	3440
221	0.164	100.941	73.324	1.605	100.753	73.004	0.381	0.614	0.613	0.341	106.525	4766	3449
222	0.117	99.526	73.742	1.341	99.356	73.491	0.339	0.487	0.506	0.295	108.636	4699	3472
223	0.131	80.713	74.343	1.408	80.454	74.189	0.529	0.318	0.532	0.313	3.061	3808	3505
224	0.114	15.422	74.577	1.258	15.261	74.380	0.318	0.402	0.427	0.340	90.140	724	3514
225	0.150	101.213	74.733	1.503	101.007	74.486	0.402	0.529	0.558	0.341	119.260	4775	3519
226	0.131	67.864	74.730	1.376	67.628	74.528	0.444	0.423	0.524	0.318	140.345	3200	3521
227	0.110	98.344	74.787	1.359	98.171	74.549	0.339	0.466	0.497	0.282	110.942	4643	3522
228	0.136	78.057	74.851	1.438	77.766	74.697	0.550	0.318	0.552	0.314	175.789	3683	3529
229	0.155	44.627	75.365	1.533	44.450	75.057	0.360	0.593	0.579	0.341	75.941	2108	3546
230	0.150	111.831	75.417	1.498	111.570	75.226	0.529	0.381	0.570	0.335	155.067	5274	3554
231	0.139	77.629	75.476	1.473	77.343	75.311	0.572	0.339	0.573	0.310	165.010	3659	3558
232	0.122	68.194	75.691	1.334	67.987	75.480	0.444	0.402	0.514	0.303	139.930	3214	3566
233	0.135	71.536	75.725	1.453	71.332	75.480	0.444	0.487	0.529	0.324	130.638	3374	3566
234	0.124	84.030	75.786	1.383	83.778	75.607	0.487	0.360	0.528	0.299	25.452	3973	3572
235	0.109	75.973	75.802	1.258	75.756	75.650	0.444	0.296	0.472	0.294	165.729	3583	3574
236	0.147	25.466	76.016	1.461	25.210	75.798	0.487	0.423	0.540	0.346	35.821	1205	3581
237	0.156	39.872	76.109	1.528	39.688	75.819	0.360	0.572	0.577	0.345	72.964	1887	3582
238	0.172	119.481	76.063	1.618	119.190	75.861	0.572	0.402	0.601	0.365	21.719	5643	3584
239	0.129	38.551	76.281	1.401	38.354	76.052	0.402	0.466	0.525	0.314	55.713	1824	3593
240	0.147	29.914	76.309	1.533	29.676	76.073	0.466	0.487	0.583	0.322	47.187	1414	3594
241	0.135	76.865	76.363	1.436	76.623	76.158	0.508	0.402	0.548	0.315	146.488	3623	3598
242	0.141	39.204	76.420	1.486	39.010	76.179	0.402	0.508	0.549	0.328	60.958	1853	3599
243	0.153	90.783	76.479	1.521	90.572	76.221	0.423	0.529	0.584	0.333	57.992	4290	3601
244	0.150	48.920	76.505	1.491	48.726	76.242	0.402	0.529	0.552	0.346	65.953	2313	3602
245	0.147	14.600	76.565	1.456	14.330	76.390	0.529	0.360	0.539	0.346	7.272	689	3609
246	0.114	53.885	76.626	1.323	53.742	76.390	0.296	0.508	0.507	0.287	79.329	2544	3609
247	0.116	101.099	76.710	1.329	100.902	76.496	0.423	0.402	0.518	0.284	138.284	4767	3614
248	0.118	99.025	76.836	1.346	98.848	76.581	0.381	0.466	0.503	0.299	128.396	4672	3618
249	0.132	97.220	77.174	1.431	97.007	76.941	0.444	0.444	0.552	0.304	137.922	4584	3635
250	0.116	69.546	77.311	1.336	69.278	77.174	0.508	0.296	0.515	0.286	4.023	3282	3646
251	0.125	49.239	77.850	1.431	49.001	77.639	0.423	0.444	0.440	0.362	61.305	2326	3668
252	0.127	26.298	78.030	1.426	26.035	77.872	0.529	0.339	0.544	0.298	18.019	1242	3679
253	0.138	124.639	78.161	1.545	124.375	77.978	0.550	0.360	0.536	0.328	3.367	5880	3684
254	0.164	29.382	78.411	1.545	29.146	78.168	0.466	0.487	0.583	0.357	51.325	1389	3693
255	0.121	96.481	78.988	1.394	96.266	78.761	0.444	0.444	0.541	0.286	133.985	4551	3721
256	0.141	36.841	79.266	1.515	36.661	78.994	0.360	0.550	0.572	0.313	68.306	1744	3732
257	0.117	45.845	79.360	1.401	45.699	79.100	0.318	0.529	0.512	0.292	79.239	2165	3737
258	0.124	67.884	79.280	1.388	67.628	79.121	0.529	0.339	0.532	0.297	164.137	3198	3738
259	0.112	58.912	79.387	1.359	58.716	79.163	0.402	0.444	0.532	0.267	130.861	2774	3740
260	0.114	57.074	79.675	1.329	56.917	79.438	0.318	0.487	0.509	0.286	108.852	2692	3753
261	0.142	15.839	79.980	1.453	15.600	79.756	0.466	0.444	0.522	0.346	139.058	745	3768
262	0.125	104.386	79.936	1.431	104.119	79.777	0.572	0.318	0.532	0.300	171.288	4925	3769
263	0.152	62.059	80.126	1.521	61.786	79.925	0.508	0.444	0.588	0.329	144.980	2922	3776
264	0.136	107.459	80.108	1.475	107.167	79.968	0.593	0.275	0.606	0.285	3.109	5072	3778
265	0.159	36.410	80.294	1.528	36.216	80.031	0.381	0.550	0.569	0.357	70.746	1720	3781
266	0.155	80.622	80.418	1.528	80.349	80.243	0.550	0.360	0.566	0.350	10.318	3807	3791
267	0.127	91.569	80.474	1.383	91.377	80.243	0.381	0.466	0.532	0.305	55.765	4328	3791
268	0.122	88.078	80.461	1.353	87.820	80.285	0.487	0.339	0.517	0.300	23.271	4162	3793
269	0.124	100.007	80.487	1.371	99.758	80.306	0.487	0.360	0.521	0.304	159.221	4722	3794
270	0.151	24.779	80.659	1.498	24.511	80.476	0.550	0.360	0.552	0.349	13.010	1170	3802
271	0.134	92.217	80.757	1.431	92.012	80.497	0.402	0.487	0.541	0.315	51.342	4362	3803
272	0.169	116.353	81.049	1.598	116.099	80.772	0.487	0.529	0.595	0.361	50.026	5501	3816
273	0.154	79.992	80.959	1.528	79.714	80.793	0.593	0.339	0.587	0.334	7.173	3774	3817
274	0.123	105.341	81.093	1.323	105.092	80.920	0.466	0.339	0.481	0.325	21.453	4976	3823
275	0.148	67.844	81.597	1.515	67.670	81.301	0.339	0.593	0.595	0.316	105.605	3202	3841
276	0.138	74.931	81.607	1.473	74.740	81.344	0.360	0.529	0.542	0.323	104.455	3536	3843
277	0.119	42.119	81.754	1.406	41.952	81.492	0.339	0.508	0.525	0.288	69.496	1991	3850
278	0.172	59.991	81.795	1.610	59.754	81.534	0.466	0.550	0.592	0.369	129.378	2828	3852
279	0.094	10.632	82.329	1.142	10.456	82.148	0.381	0.339	0.372	0.322	1.184	502	3881
280	0.135	115.304	82.345	1.396	115.062	82.148	0.466	0.381	0.510	0.337	28.548	5449	3881
281	0.170	119.620	82.404	1.683	119.380	82.148	0.487	0.529	0.602	0.359	49.010	5653	3881
282	0.137	126.586	82.777	1.401	126.407	82.508	0.360	0.508	0.524	0.332	70.383	5981	3898
283	0.147	118.036	82.788	1.491	117.835	82.529	0.402	0.508	0.545	0.342	57.687	5578	3899
284	0.138	90.883	82.923	1.431	90.636	82.698	0.466	0.423	0.549	0.319	40.259	4296	3907
285	0.168	81.781	82.956	1.558	81.492	82.762	0.572	0.381	0.590	0.363	165.964	3859	3910
286	0.131	60.521	83.040	1.413	60.304	82.825	0.444	0.423	0.525	0.319	139.904	2850	3913
287	0.134	101.039	82.988	1.426	100.753	82.825	0.550	0.318	0.554	0.307	175.972	4770	3913
288	0.132	74.780	83.066	1.388	74.549	82.868	0.466	0.402	0.529	0.318	145.755	3524	3915
289	0.115	62.394	83.445	1.329	62.188	83.227	0.423	0.402	0.507	0.288	141.878	2939	3932
290	0.151	98.506	83.606	1.558	98.234	83.418	0.593	0.360	0.601	0.319	162.307	4645	3941
291	0.151	46.693	83.949	1.486	46.503	83.672	0.381	0.529	0.543	0.354	75.456	2206	3953
292	0.151	26.019	84.272	1.496	25.802	84.032	0.444	0.508	0.564	0.341	52.767	1231	3970
293	0.142	59.809	84.341	1.466	59.563	84.116	0.487	0.444	0.571	0.316	138.310	2817	3974
294	0.128	60.698	84.800	1.346	60.494	84.582	0.423	0.423	0.511	0.318	137.855	2860	3996
295	0.135	71.011	84.870	1.413	70.760	84.688	0.508	0.360	0.543	0.316	156.063	3346	4001
296	0.125	81.570	85.103	1.388	81.344	84.878	0.444	0.423	0.535	0.298	38.979	3860	4010
297	0.147	72.821	85.327	1.503	72.559	85.132	0.550	0.381	0.570	0.329	155.010	3431	4022
298	0.168	102.373	85.480	1.678	102.172	85.196	0.381	0.572	0.577	0.371	89.636	4835	4025
299	0.151	82.471	85.747	1.515	82.275	85.471	0.381	0.550	0.579	0.332	68.313	3897	4038
300	0.112	60.450	85.726	1.286	60.240	85.534	0.444	0.360	0.489	0.292	147.369	2849	4041
301	0.067	127.458	85.794	0.932	127.318	85.662	0.296	0.275	0.316	0.271	30.449	6018	4047
302	0.119	31.385	86.204	1.341	31.200	85.958	0.360	0.466	0.494	0.306	59.413	1484	4061
303	0.155	56.333	86.518	1.521	56.113	86.254	0.444	0.508	0.563	0.351	126.097	2655	4075
304	0.123	32.893	86.590	1.364	32.702	86.339	0.381	0.487	0.528	0.297	61.950	1555	4079
305	0.137	77.423	86.924	1.450	77.258	86.635	0.318	0.550	0.556	0.314	93.915	3656	4093
306	0.145	109.337	87.053	1.558	109.178	86.720	0.339	0.614	0.586	0.314	89.430	5164	4097
307	0.131	37.910	87.010	1.426	37.719	86.762	0.381	0.487	0.523	0.318	62.428	1791	4099
308	0.135	34.984	87.215	1.448	34.819	86.953	0.339	0.550	0.543	0.316	76.272	1652	4108
309	0.122	82.065	87.554	1.364	81.852	87.334	0.444	0.423	0.502	0.310	134.160	3871	4126
310	0.132	65.047	87.844	1.421	64.876	87.588	0.318	0.529	0.533	0.315	87.134	3073	4138
311	0.136	82.996	87.830	1.436	82.740	87.630	0.508	0.402	0.557	0.311	147.476	3914	4140
312	0.140	88.933	88.165	1.418	88.731	87.926	0.402	0.487	0.513	0.347	61.693	4203	4154
313	0.109	100.427	88.192	1.329	100.288	87.948	0.296	0.508	0.482	0.288	79.775	4743	4155
314	0.135	122.662	88.369	1.443	122.470	88.096	0.360	0.529	0.542	0.318	70.780	5795	4162
315	0.149	111.030	88.438	1.551	110.850	88.159	0.360	0.593	0.591	0.321	74.702	5245	4165
316	0.087	127.947	88.378	1.094	127.762	88.244	0.381	0.296	0.388	0.287	173.393	6039	4169
317	0.140	66.589	88.790	1.443	66.336	88.604	0.508	0.381	0.544	0.327	155.806	3138	4186
318	0.126	103.093	88.875	1.456	102.934	88.604	0.318	0.550	0.554	0.289	85.421	4869	4186
319	0.157	114.596	88.902	1.558	114.406	88.604	0.381	0.572	0.592	0.337	75.667	5414	4186
320	0.138	126.783	88.900	1.473	126.513	88.710	0.529	0.381	0.536	0.329	19.526	5994	4191
321	0.144	96.129	89.281	1.503	95.906	89.069	0.466	0.423	0.538	0.340	145.076	4531	4208
322	0.160	111.951	89.384	1.588	111.760	89.069	0.360	0.614	0.591	0.345	88.250	5288	4208
323	0.124	85.334	89.356	1.334	85.090	89.175	0.487	0.360	0.484	0.326	12.060	4033	4213
324	0.135	92.870	89.339	1.456	92.604	89.175	0.529	0.339	0.526	0.327	171.651	4378	4213
325	0.134	59.321	89.993	1.418	59.076	89.789	0.466	0.423	0.553	0.307	137.075	2793	4242
326	0.135	81.549	90.141	1.448	81.365	89.874	0.360	0.550	0.561	0.306	67.296	3854	4246
327	0.144	116.720	90.182	1.486	116.501	89.916	0.402	0.508	0.551	0.334	59.265	5518	4248
328	0.168	85.224	90.355	1.593	84.984	90.106	0.466	0.529	0.588	0.363	133.511	4019	4257
329	0.137	52.201	90.524	1.515	51.964	90.318	0.529	0.381	0.547	0.319	154.885	2460	4267
330	0.141	87.791	91.180	1.456	87.524	91.017	0.550	0.339	0.544	0.330	5.730	4143	4300
331	0.124	43.125	91.417	1.346	42.884	91.228	0.466	0.381	0.523	0.301	145.387	2030	4310
332	0.161	106.510	91.604	1.565	106.341	91.313	0.339	0.593	0.602	0.341	89.619	5030	4314
333	0.161	53.912	91.747	1.551	53.658	91.504	0.487	0.487	0.583	0.352	132.997	2538	4323
334	0.138	94.264	91.852	1.431	94.022	91.652	0.466	0.423	0.544	0.322	142.432	4445	4330
335	0.134	77.835	91.872	1.396	77.576	91.715	0.529	0.318	0.526	0.326	4.486	3673	4333
336	0.116	101.707	92.139	1.323	101.558	91.884	0.296	0.508	0.523	0.282	107.113	4800	4341
337	0.098	67.162	92.063	1.239	66.929	91.906	0.444	0.318	0.456	0.274	23.551	3177	4342
338	0.108	10.252	92.497	1.256	10.012	92.329	0.466	0.318	0.432	0.317	6.140	482	4362
339	0.135	77.775	92.584	1.453	77.555	92.350	0.444	0.487	0.556	0.309	52.233	3678	4363
340	0.128	88.502	92.657	1.401	88.223	92.477	0.529	0.339	0.546	0.298	16.768	4186	4369
341	0.104	98.177	92.698	1.299	98.002	92.477	0.360	0.444	0.508	0.262	124.629	4632	4369
342	0.129	70.780	92.670	1.378	70.527	92.498	0.508	0.318	0.520	0.316	9.545	3344	4370
343	0.130	90.420	92.768	1.424	90.170	92.562	0.508	0.402	0.547	0.303	145.787	4264	4373
344	0.169	69.917	92.769	1.588	69.617	92.583	0.614	0.360	0.599	0.360	178.093	3299	4374
345	0.129	103.469	92.958	1.418	103.293	92.689	0.339	0.529	0.524	0.314	105.671	4886	4379
346	0.148	68.716	93.219	1.498	68.474	93.028	0.508	0.402	0.547	0.344	25.702	3246	4395
347	0.171	44.932	93.376	1.595	44.746	93.091	0.360	0.593	0.609	0.358	102.209	2118	4398
348	0.114	87.068	93.284	1.306	86.826	93.133	0.487	0.296	0.501	0.290	2.959	4114	4400
349	0.178	44.127	93.529	1.678	43.921	93.218	0.423	0.614	0.644	0.351	111.718	2079	4404
350	0.137	72.607	93.431	1.426	72.348	93.282	0.550	0.318	0.542	0.321	4.483	3424	4407
351	0.143	33.914	93.983	1.503	33.740	93.705	0.360	0.550	0.554	0.330	107.969	1596	4427
352	0.125	77.488	93.939	1.383	77.258	93.747	0.466	0.381	0.521	0.306	33.740	3664	4429
353	0.138	63.015	93.952	1.473	62.738	93.790	0.572	0.339	0.559	0.313	173.419	2970	4431
354	0.125	91.183	94.049	1.346	90.974	93.832	0.444	0.402	0.507	0.313	140.739	4301	4433
355	0.142	118.796	94.085	1.491	118.554	93.832	0.444	0.487	0.538	0.337	46.442	5619	4433
356	0.167	85.412	94.379	1.551	85.154	94.149	0.508	0.466	0.588	0.362	144.541	4028	4448
357	0.150	115.887	94.426	1.491	115.655	94.170	0.444	0.487	0.569	0.335	48.077	5480	4449
358	0.116	58.660	94.671	1.346	58.441	94.467	0.444	0.402	0.503	0.295	37.886	2774	4463
359	0.139	68.790	94.733	1.473	68.538	94.530	0.508	0.402	0.563	0.314	28.038	3254	4466
360	0.155	80.577	94.984	1.510	80.306	94.806	0.550	0.360	0.553	0.357	178.702	3804	4479
361	0.144	97.833	95.412	1.461	97.600	95.186	0.444	0.466	0.552	0.333	133.209	4615	4497
362	0.138	26.164	95.500	1.528	25.993	95.208	0.339	0.572	0.559	0.315	77.735	1240	4498
363	0.132	87.446	95.543	1.418	87.270	95.292	0.360	0.529	0.527	0.318	76.237	4131	4502
364	0.112	48.755	95.726	1.276	48.599	95.504	0.318	0.444	0.472	0.303	68.379	2303	4512
365	0.151	76.412	95.843	1.486	76.136	95.673	0.572	0.339	0.570	0.337	3.306	3606	4520
366	0.125	81.799	96.464	1.421	81.534	96.308	0.529	0.318	0.554	0.287	18.306	3865	4550
367	0.102	64.037	96.751	1.269	63.902	96.499	0.275	0.508	0.497	0.262	90.819	3024	4559
368	0.148	33.646	96.951	1.558	33.486	96.647	0.339	0.593	0.578	0.326	94.590	1587	4566
369	0.129	98.851	96.919	1.394	98.616	96.710	0.487	0.402	0.528	0.310	144.242	4663	4569
370	0.134	106.643	97.211	1.443	106.468	96.922	0.339	0.550	0.545	0.313	74.779	5038	4579
371	0.119	95.624	97.166	1.316	95.419	96.964	0.444	0.381	0.493	0.307	143.652	4510	4581
372	0.153	48.607	98.115	1.491	48.408	97.854	0.402	0.529	0.553	0.352	65.124	2298	4623
373	0.143	23.888	98.199	1.508	23.707	97.896	0.360	0.572	0.553	0.329	100.916	1128	4625
374	0.121	70.326	98.128	1.329	70.104	97.938	0.444	0.381	0.501	0.308	147.629	3314	4627
375	0.131	106.167	98.430	1.371	106.003	98.171	0.339	0.508	0.522	0.320	104.105	5012	4638
376	0.151	53.662	98.646	1.575	53.446	98.340	0.402	0.572	0.603	0.320	65.010	2539	4646
377	0.155	58.609	98.659	1.558	58.441	98.362	0.339	0.614	0.599	0.331	91.281	2767	4647
378	0.141	39.231	98.712	1.486	39.052	98.425	0.360	0.550	0.564	0.319	109.532	1850	4650
379	0.147	82.053	98.636	1.513	81.767	98.425	0.529	0.444	0.582	0.320	140.803	3869	4650
380	0.121	75.464	98.778	1.353	75.205	98.616	0.508	0.318	0.506	0.304	6.425	3567	4659
381	0.136	53.137	99.269	1.496	52.938	98.996	0.402	0.508	0.534	0.323	59.413	2513	4677
382	0.109	111.300	99.263	1.239	111.125	99.060	0.360	0.402	0.448	0.309	57.708	5257	4680
383	0.121	82.710	99.488	1.383	82.423	99.335	0.529	0.318	0.514	0.298	164.703	3901	4693
384	0.155	94.654	99.587	1.510	94.382	99.399	0.529	0.381	0.561	0.353	157.653	4464	4696
385	0.162	126.152	99.655	1.570	125.857	99.483	0.614	0.339	0.604	0.341	3.926	5957	4700
386	0.130	49.989	99.785	1.359	49.784	99.547	0.381	0.466	0.490	0.338	61.782	2361	4703
387	0.149	27.099	99.922	1.503	26.924	99.653	0.360	0.550	0.564	0.337	99.998	1276	4708
388	0.128	80.281	100.116	1.371	80.095	99.864	0.360	0.487	0.514	0.316	67.072	3793	4718
389	0.133	34.364	100.610	1.401	34.205	100.330	0.339	0.529	0.532	0.318	105.611	1620	4740
390	0.112	112.483	101.061	1.269	112.289	100.838	0.360	0.423	0.444	0.323	51.316	5319	4764
391	0.176	47.293	101.404	1.630	47.096	101.092	0.381	0.614	0.614	0.365	79.634	2233	4776
392	0.165	110.967	101.592	1.593	110.723	101.325	0.487	0.508	0.601	0.349	50.659	5246	4787
393	0.134	119.380	101.825	1.456	119.126	101.621	0.487	0.402	0.541	0.315	29.827	5646	4801
394	0.152	93.413	101.899	1.498	93.133	101.727	0.550	0.360	0.571	0.339	167.628	4407	4806
395	0.168	51.593	102.354	1.570	51.372	102.108	0.444	0.508	0.588	0.364	54.039	2438	4824
396	0.159	31.988	102.434	1.605	31.792	102.150	0.381	0.614	0.610	0.332	107.659	1506	4826
397	0.129	89.478	102.412	1.406	89.239	102.214	0.487	0.402	0.542	0.302	148.709	4219	4829
398	0.150	33.448	102.513	1.515	33.274	102.235	0.339	0.593	0.587	0.326	98.384	1576	4830
399	0.120	81.020	102.654	1.341	80.857	102.404	0.318	0.508	0.516	0.296	103.453	3823	4838
400	0.120	91.454	102.767	1.388	91.207	102.595	0.529	0.339	0.530	0.287	161.274	4313	4847
401	0.124	99.756	102.935	1.323	99.526	102.764	0.466	0.339	0.473	0.333	176.997	4709	4855
402	0.141	34.102	103.283	1.515	33.951	102.976	0.339	0.593	0.588	0.306	102.284	1607	4865
403	0.120	82.410	103.550	1.334	82.211	103.336	0.402	0.444	0.503	0.303	49.897	3895	4882
404	0.144	116.617	103.616	1.478	116.353	103.420	0.529	0.402	0.572	0.320	28.698	5510	4886
405	0.127	63.467	103.641	1.371	63.225	103.463	0.487	0.360	0.522	0.311	154.189	2990	4888
406	0.112	54.355	103.666	1.274	54.123	103.484	0.444	0.360	0.484	0.296	29.902	2570	4889
407	0.139	83.367	104.259	1.473	83.079	104.098	0.572	0.339	0.561	0.316	172.064	3932	4918
408	0.168	80.486	104.417	1.575	80.285	104.119	0.402	0.572	0.589	0.364	68.609	3805	4919
409	0.125	37.532	104.397	1.341	37.359	104.161	0.360	0.466	0.503	0.317	112.112	1768	4921
410	0.118	116.762	104.362	1.316	116.544	104.182	0.444	0.381	0.494	0.304	38.917	5515	4922
411	0.108	113.958	104.384	1.251	113.728	104.225	0.466	0.296	0.481	0.284	9.902	5385	4924
412	0.177	36.635	104.585	1.690	36.428	104.288	0.423	0.572	0.596	0.379	113.676	1725	4927
413	0.121	82.726	104.532	1.346	82.550	104.309	0.360	0.487	0.494	0.310	62.950	3909	4928
414	0.144	66.368	104.891	1.473	66.082	104.712	0.550	0.360	0.560	0.327	9.478	3137	4947
415	0.135	85.146	105.549	1.436	84.900	105.368	0.529	0.360	0.536	0.321	162.807	4016	4978
416	0.159	78.736	105.631	1.580	78.465	105.389	0.508	0.466	0.588	0.343	37.816	3726	4979
417	0.134	110.328	105.882	1.450	110.151	105.622	0.339	0.529	0.557	0.307	71.805	5214	4990
418	0.113	80.672	105.993	1.323	80.518	105.749	0.296	0.508	0.495	0.292	87.774	3810	4996
419	0.138	92.683	105.970	1.443	92.414	105.812	0.550	0.339	0.549	0.321	169.211	4370	4999
420	0.134	18.300	106.116	1.418	18.098	105.876	0.444	0.444	0.531	0.322	138.420	857	5002
421	0.137	97.743	106.022	1.421	97.472	105.876	0.550	0.296	0.560	0.310	2.449	4611	5002
422	0.151	61.078	106.330	1.538	60.770	106.151	0.593	0.360	0.566	0.341	177.577	2883	5015
423	0.134	38.235	106.434	1.448	38.037	106.193	0.402	0.508	0.549	0.310	121.253	1800	5017
424	0.145	66.190	106.371	1.413	65.934	106.193	0.508	0.360	0.512	0.361	6.608	3123	5017
425	0.126	96.407	106.405	1.413	96.118	106.257	0.572	0.296	0.556	0.289	8.007	4554	5020
426	0.134	92.562	106.610	1.456	92.266	106.447	0.550	0.339	0.537	0.319	169.564	4368	5029
427	0.161	42.644	107.025	1.563	42.376	106.807	0.529	0.444	0.600	0.342	146.137	2004	5046
428	0.151	65.560	106.992	1.551	65.236	106.807	0.614	0.360	0.588	0.326	6.937	3102	5046
429	0.139	75.051	107.049	1.436	74.845	106.807	0.402	0.487	0.526	0.337	60.111	3546	5046
430	0.149	22.053	107.257	1.491	21.802	107.040	0.487	0.444	0.567	0.335	142.560	1033	5057
431	0.141	64.588	107.260	1.468	64.304	107.103	0.572	0.318	0.559	0.321	177.173	3045	5060
432	0.131	60.066	107.665	1.431	59.838	107.421	0.423	0.466	0.537	0.311	51.087	2841	5075
433	0.237	50.892	107.849	2.056	50.525	107.548	0.656	0.572	0.686	0.439	47.590	2406	5081
434	0.135	58.221	107.843	1.448	57.954	107.633	0.508	0.402	0.544	0.316	30.593	2754	5085
435	0.125	75.480	107.901	1.401	75.290	107.675	0.402	0.466	0.514	0.311	52.895	3567	5087
436	0.130	52.660	108.272	1.438	52.409	108.077	0.466	0.381	0.504	0.328	25.317	2493	5106
437	0.154	55.458	108.258	1.510	55.182	108.077	0.550	0.360	0.554	0.353	14.689	2621	5106
438	0.125	45.370	108.502	1.388	45.127	108.289	0.466	0.402	0.528	0.301	36.205	2148	5116
439	0.123	66.971	108.470	1.376	66.717	108.289	0.508	0.360	0.547	0.286	26.928	3167	5116
440	0.135	110.729	108.572	1.381	110.490	108.373	0.487	0.402	0.506	0.341	150.319	5224	5120
441	0.143	108.400	108.704	1.491	108.140	108.522	0.550	0.381	0.564	0.324	159.786	5112	5127
442	0.148	68.484	108.766	1.486	68.199	108.585	0.550	0.360	0.552	0.341	171.699	3231	5130
443	0.138	45.637	108.793	1.466	45.381	108.606	0.550	0.381	0.562	0.312	27.307	2157	5131
444	0.133	89.503	109.330	1.418	89.239	109.157	0.550	0.339	0.538	0.314	170.229	4224	5157
445	0.159	83.241	109.608	1.551	82.994	109.368	0.508	0.466	0.590	0.342	143.180	3924	5167
446	0.121	86.897	109.512	1.353	86.614	109.368	0.529	0.296	0.524	0.295	173.236	4101	5167
447	0.137	90.228	109.525	1.421	89.958	109.368	0.529	0.318	0.545	0.319	175.095	4258	5167
448	0.159	70.915	109.583	1.545	70.612	109.389	0.572	0.381	0.576	0.352	13.465	3353	5168
449	0.144	40.370	109.890	1.503	40.196	109.622	0.360	0.572	0.566	0.325	103.576	1902	5179
450	0.119	101.014	109.848	1.346	100.774	109.664	0.466	0.360	0.496	0.306	25.112	4774	5181
451	0.151	124.493	110.118	1.526	124.248	109.876	0.487	0.466	0.573	0.335	41.613	5886	5191
452	0.169	53.306	110.089	1.613	53.001	109.918	0.614	0.360	0.611	0.352	4.827	2512	5193
453	0.143	107.326	110.277	1.443	107.146	110.024	0.360	0.529	0.544	0.336	71.382	5070	5198
454	0.134	104.208	110.279	1.401	103.950	110.109	0.529	0.339	0.533	0.320	11.496	4922	5202
455	0.117	105.628	110.335	1.346	105.389	110.172	0.508	0.318	0.488	0.306	4.624	4987	5205
456	0.142	42.411	110.575	1.443	42.228	110.300	0.360	0.529	0.525	0.344	103.218	2003	5211
457	0.176	18.899	110.604	1.623	18.648	110.342	0.529	0.487	0.598	0.375	138.430	889	5213
458	0.151	89.513	110.564	1.533	89.218	110.405	0.593	0.339	0.583	0.330	179.709	4222	5216
459	0.135	62.925	110.759	1.473	62.717	110.511	0.444	0.466	0.553	0.312	125.296	2966	5221
460	0.135	91.738	110.824	1.396	91.482	110.659	0.508	0.339	0.526	0.328	12.462	4332	5228
461	0.146	45.957	110.956	1.486	45.678	110.786	0.572	0.339	0.552	0.337	7.507	2167	5234
462	0.142	76.587	111.232	1.496	76.390	110.998	0.402	0.508	0.547	0.332	58.888	3618	5244
463	0.161	61.915	111.233	1.570	61.637	111.040	0.550	0.402	0.593	0.345	25.965	2925	5246
464	0.116	68.965	111.375	1.348	68.834	111.125	0.275	0.529	0.531	0.278	89.043	3256	5250
465	0.149	77.052	111.364	1.515	76.835	111.125	0.444	0.487	0.550	0.344	46.251	3643	5250
466	0.112	56.803	111.383	1.329	56.536	111.210	0.487	0.339	0.502	0.283	25.184	2685	5254
467	0.137	24.207	111.823	1.453	23.961	111.612	0.508	0.402	0.529	0.330	147.186	1137	5273
468	0.156	100.604	112.281	1.538	100.309	112.056	0.550	0.423	0.584	0.340	33.438	4756	5294
469	0.134	48.177	112.293	1.491	47.921	112.120	0.550	0.360	0.551	0.308	21.132	2278	5297
470	0.152	58.169	112.844	1.521	57.933	112.607	0.487	0.466	0.561	0.345	142.938	2739	5320
471	0.147	71.878	112.874	1.510	71.692	112.607	0.381	0.529	0.578	0.323	65.917	3396	5320
472	0.150	50.369	112.914	1.593	50.102	112.691	0.529	0.444	0.589	0.324	143.502	2367	5324
473	0.103	111.464	113.100	1.299	111.316	112.840	0.296	0.508	0.482	0.272	92.305	5264	5331
474	0.143	126.074	113.482	1.443	125.857	113.242	0.423	0.466	0.536	0.340	53.322	5956	5350
475	0.131	36.582	113.670	1.388	36.386	113.432	0.402	0.466	0.539	0.309	125.483	1722	5359
476	0.121	82.576	113.689	1.406	82.338	113.496	0.487	0.381	0.518	0.298	32.924	3905	5362
477	0.175	58.284	114.020	1.605	58.081	113.728	0.423	0.572	0.561	0.397	76.963	2751	5373
478	0.156	74.748	114.625	1.570	74.549	114.321	0.381	0.572	0.593	0.336	70.311	3532	5401
479	0.118	61.653	114.722	1.329	61.468	114.490	0.381	0.444	0.512	0.294	125.200	2907	5409
480	0.135	47.152	115.024	1.426	46.884	114.872	0.550	0.318	0.545	0.316	176.248	2220	5427
481	0.138	50.921	115.254	1.443	50.673	115.062	0.508	0.381	0.546	0.322	25.821	2409	5436
482	0.101	43.370	115.279	1.214	43.159	115.126	0.444	0.318	0.454	0.284	17.334	2048	5439
483	0.141	53.993	115.560	1.461	53.700	115.380	0.550	0.360	0.541	0.331	165.497	2545	5451
484	0.123	59.082	115.607	1.378	58.801	115.464	0.529	0.296	0.524	0.299	3.419	2789	5455
485	0.154	48.254	115.871	1.521	48.027	115.655	0.487	0.466	0.558	0.351	44.786	2279	5464
486	0.177	66.573	116.065	1.642	66.273	115.888	0.635	0.360	0.635	0.355	6.362	3141	5475
487	0.132	109.294	116.329	1.436	109.072	116.078	0.423	0.466	0.525	0.319	47.018	5168	5484
488	0.109	39.733	116.516	1.239	39.497	116.353	0.444	0.318	0.447	0.310	170.583	1873	5497
489	0.145	79.859	116.597	1.478	79.608	116.353	0.466	0.466	0.545	0.338	45.462	3777	5497
490	0.129	67.912	116.559	1.376	67.649	116.374	0.508	0.360	0.539	0.305	24.965	3210	5498
491	0.117	75.753	116.740	1.383	75.565	116.501	0.381	0.466	0.508	0.293	56.343	3585	5504
492	0.135	77.073	116.723	1.401	76.814	116.544	0.508	0.360	0.526	0.326	20.011	3642	5506
493	0.130	111.770	116.954	1.443	111.485	116.798	0.550	0.318	0.555	0.298	171.147	5275	5518
494	0.125	70.372	117.078	1.396	70.104	116.925	0.508	0.318	0.521	0.306	163.478	3313	5524
495	0.121	68.611	117.226	1.346	68.347	117.052	0.508	0.339	0.512	0.300	16.295	3248	5530
496	0.145	107.235	117.362	1.521	106.976	117.158	0.529	0.402	0.557	0.332	27.996	5069	5535
497	0.138	47.824	117.383	1.456	47.583	117.179	0.487	0.402	0.547	0.322	32.200	2267	5536
498	0.138	31.382	117.514	1.413	31.136	117.327	0.487	0.381	0.523	0.336	155.274	1474	5543
499	0.156	73.217	117.624	1.528	72.940	117.433	0.550	0.381	0.558	0.357	12.491	3458	5548
500	0.120	80.049	117.861	1.299	79.820	117.687	0.444	0.360	0.475	0.322	22.387	3782	5560
501	0.169	18.325	118.048	1.600	18.034	117.856	0.572	0.402	0.558	0.387	173.737	863	5568
502	0.134	80.576	118.202	1.431	80.285	118.025	0.550	0.339	0.564	0.303	16.835	3810	5576
503	0.132	120.793	118.361	1.426	120.629	118.110	0.339	0.529	0.547	0.307	105.424	5701	5580
504	0.138	111.287	118.407	1.461	110.998	118.216	0.550	0.360	0.544	0.322	15.556	5260	5585
505	0.127	36.721	118.600	1.383	36.555	118.343	0.339	0.508	0.521	0.311	78.750	1732	5591
506	0.116	125.195	118.913	1.316	124.968	118.724	0.444	0.381	0.493	0.301	145.951	5910	5609
507	0.145	25.428	119.088	1.503	25.252	118.808	0.360	0.550	0.552	0.335	107.820	1196	5613
508	0.120	92.258	119.114	1.334	92.012	118.914	0.466	0.381	0.505	0.302	33.071	4361	5618
509	0.122	88.332	119.346	1.321	88.117	119.147	0.444	0.402	0.496	0.314	36.802	4176	5629
510	0.128	93.042	119.581	1.383	92.816	119.401	0.466	0.381	0.520	0.314	32.030	4394	5641
511	0.100	53.676	119.804	1.276	53.530	119.592	0.296	0.423	0.416	0.308	82.508	2531	5650
512	0.111	71.297	119.825	1.286	71.078	119.655	0.444	0.360	0.476	0.296	33.835	3367	5653
513	0.128	95.209	120.415	1.371	94.975	120.206	0.444	0.402	0.513	0.318	38.468	4500	5679
514	0.125	90.096	120.664	1.406	89.810	120.481	0.529	0.360	0.515	0.308	19.853	4259	5692
515	0.138	45.863	120.748	1.413	45.593	120.586	0.529	0.339	0.531	0.332	3.451	2163	5697
516	0.139	43.488	120.885	1.418	43.286	120.650	0.402	0.487	0.547	0.323	123.496	2047	5700
517	0.166	115.955	120.886	1.580	115.697	120.650	0.508	0.487	0.589	0.359	137.103	5471	5700
518	0.117	72.628	120.959	1.346	72.432	120.756	0.423	0.423	0.499	0.300	43.640	3432	5705
519	0.138	92.264	121.143	1.394	92.033	120.946	0.487	0.402	0.503	0.351	34.767	4357	5714
520	0.138	58.876	121.641	1.456	58.589	121.476	0.550	0.339	0.554	0.318	164.445	2775	5739
521	0.133	107.361	121.801	1.436	107.103	121.624	0.529	0.360	0.530	0.319	14.865	5073	5746
522	0.118	124.870	121.838	1.321	124.651	121.645	0.466	0.381	0.484	0.310	154.322	5894	5747
523	0.120	43.887	121.981	1.316	43.646	121.793	0.466	0.360	0.501	0.305	27.141	2076	5754
524	0.121	91.309	122.217	1.351	91.059	122.005	0.466	0.402	0.506	0.303	38.519	4317	5764
525	0.145	100.712	122.230	1.526	100.415	122.005	0.550	0.423	0.564	0.327	32.351	4762	5764
526	0.147	60.560	122.527	1.468	60.283	122.364	0.550	0.339	0.569	0.329	165.980	2851	5781
527	0.129	97.061	122.849	1.376	96.816	122.640	0.466	0.402	0.521	0.316	33.974	4588	5794
528	0.138	82.074	123.221	1.426	81.788	123.063	0.550	0.318	0.543	0.323	179.516	3874	5814
529	0.115	72.475	123.749	1.329	72.305	123.529	0.360	0.466	0.521	0.281	58.373	3425	5836
530	0.141	58.298	123.982	1.473	58.039	123.804	0.529	0.339	0.546	0.328	10.971	2755	5849
531	0.123	102.861	124.390	1.371	102.637	124.164	0.423	0.423	0.523	0.300	40.411	4866	5866
532	0.122	68.146	124.449	1.401	67.860	124.270	0.529	0.339	0.532	0.293	22.076	3222	5871
533	0.141	40.119	124.500	1.478	39.878	124.291	0.529	0.402	0.554	0.324	150.138	1887	5872
534	0.118	37.599	124.509	1.306	37.359	124.354	0.487	0.296	0.492	0.305	2.343	1772	5875
535	0.133	34.553	125.079	1.406	34.311	124.883	0.508	0.381	0.532	0.318	27.513	1634	5900
536	0.140	93.106	125.341	1.466	92.879	125.116	0.466	0.466	0.557	0.319	46.803	4400	5911
537	0.142	56.121	125.553	1.478	55.838	125.370	0.550	0.360	0.536	0.337	15.798	2651	5923
538	0.142	105.382	125.694	1.461	105.092	125.518	0.550	0.360	0.545	0.331	11.101	4979	5930
539	0.186	54.691	125.884	1.683	54.420	125.645	0.572	0.487	0.641	0.370	37.598	2586	5936
540	0.150	107.987	126.151	1.491	107.738	125.942	0.508	0.423	0.562	0.339	33.263	5102	5950
541	0.099	41.883	126.269	1.226	41.741	126.026	0.296	0.466	0.466	0.269	106.757	1976	5954
542	0.126	51.223	126.325	1.401	50.927	126.174	0.550	0.318	0.524	0.307	175.336	2416	5961
543	0.120	81.132	126.438	1.353	80.899	126.259	0.487	0.339	0.505	0.302	162.215	3829	5965
544	0.158	41.144	126.865	1.538	40.894	126.619	0.487	0.487	0.586	0.343	135.566	1937	5982
545	0.152	54.168	126.956	1.491	53.912	126.746	0.529	0.402	0.569	0.341	154.018	2552	5988
546	0.134	42.104	127.017	1.388	41.910	126.788	0.423	0.444	0.494	0.346	125.450	1983	5990
547	0.131	56.697	127.066	1.426	56.409	126.915	0.550	0.318	0.555	0.300	166.953	2670	5996
548	0.110	89.172	127.268	1.304	88.985	127.021	0.360	0.466	0.493	0.285	57.423	4215	6001
549	0.159	78.205	127.572	1.533	77.999	127.296	0.423	0.529	0.584	0.346	120.828	3690	6014
550	0.121	58.814	127.576	1.323	58.568	127.423	0.487	0.318	0.478	0.323	179.083	2773	6020
551	0.126	107.624	127.714	1.413	107.421	127.487	0.402	0.466	0.512	0.314	53.087	5090	6023
552	0.129	95.388	128.877	1.388	95.144	128.651	0.444	0.423	0.518	0.316	44.421	4508	6078
553	0.130	90.765	128.923	1.401	90.509	128.757	0.508	0.339	0.522	0.317	163.250	4281	6083
554	0.109	103.690	129.025	1.264	103.463	128.863	0.444	0.318	0.470	0.296	18.034	4901	6088
555	0.153	27.322	129.494	1.515	27.136	129.201	0.381	0.550	0.559	0.349	107.991	1288	6104
556	0.134	67.881	129.579	1.388	67.649	129.371	0.466	0.402	0.522	0.327	32.879	3210	6112
557	0.151	65.823	129.644	1.503	65.574	129.392	0.466	0.466	0.567	0.338	44.217	3114	6113
558	0.156	93.143	129.658	1.503	92.943	129.392	0.402	0.529	0.562	0.353	65.706	4400	6113
559	0.124	46.113	130.743	1.383	45.953	130.492	0.318	0.529	0.523	0.301	95.824	2175	6165
560	0.145	26.066	130.944	1.466	25.887	130.683	0.360	0.529	0.516	0.357	94.162	1228	6174
561	0.159	37.006	131.847	1.586	36.809	131.551	0.381	0.614	0.588	0.344	103.894	1746	6215
562	0.157	45.158	132.156	1.515	44.979	131.868	0.360	0.572	0.561	0.356	100.717	2131	6230
563	0.139	52.406	132.516	1.468	52.260	132.228	0.318	0.572	0.563	0.314	92.228	2472	6247
564	0.111	44.737	133.006	1.294	44.577	132.757	0.296	0.487	0.492	0.288	93.965	2112	6272
565	0.109	41.721	133.213	1.269	41.571	132.969	0.296	0.487	0.480	0.290	98.921	1968	6282
566	0.135	58.597	133.316	1.418	58.399	133.075	0.381	0.508	0.532	0.324	120.283	2763	6287
567	0.127	74.365	133.848	1.366	74.210	133.583	0.318	0.508	0.519	0.311	79.108	3511	6311
568	0.088	61.774	134.158	1.154	61.637	133.922	0.275	0.444	0.421	0.265	82.356	2919	6327
569	0.146	44.794	134.172	1.426	44.556	133.985	0.487	0.381	0.504	0.368	162.761	2109	6330
570	0.060	60.083	134.165	0.967	59.944	134.027	0.296	0.296	0.329	0.230	48.417	2838	6332
571	0.087	38.960	134.405	1.214	38.820	134.154	0.275	0.487	0.469	0.237	78.727	1842	6338
572	0.063	64.033	134.300	0.920	63.881	134.154	0.296	0.275	0.308	0.261	13.299	3026	6338
573	0.103	44.563	134.716	1.256	44.323	134.578	0.508	0.275	0.488	0.269	176.502	2101	6358
