 	Area	X	Y	Perim.	BX	BY	Width	Height	Major	Minor	Angle	XStart	YStart
1	0.150	60.885	12.449	1.498	60.706	12.171	0.360	0.550	0.546	0.350	95.411	2875	575
2	0.157	34.837	12.467	1.528	34.650	12.192	0.381	0.550	0.575	0.347	108.728	1641	576
3	0.186	49.821	12.900	1.665	49.615	12.594	0.423	0.614	0.616	0.384	101.345	2350	595
4	0.161	82.284	12.912	1.600	82.106	12.594	0.360	0.614	0.594	0.346	102.042	3881	595
5	0.168	45.496	13.096	1.595	45.339	12.785	0.339	0.614	0.617	0.346	94.065	2145	604
6	0.154	98.313	13.122	1.556	98.044	12.869	0.508	0.487	0.609	0.321	41.947	4650	608
7	0.175	114.502	13.330	1.623	114.300	13.018	0.423	0.593	0.589	0.378	76.378	5408	615
8	0.172	43.717	14.424	1.533	43.455	14.203	0.508	0.444	0.516	0.425	27.837	2063	671
9	0.186	42.607	14.429	1.762	42.312	14.224	0.656	0.402	0.618	0.383	168.871	2007	672
10	0.179	26.204	14.803	1.653	25.993	14.499	0.423	0.593	0.606	0.376	107.427	1235	685
11	0.176	37.037	15.447	1.610	36.809	15.176	0.466	0.550	0.595	0.376	54.011	1753	717
12	0.159	100.588	16.314	1.605	100.415	15.981	0.360	0.614	0.598	0.338	99.542	4751	755
13	0.147	72.247	16.502	1.486	72.072	16.214	0.339	0.572	0.571	0.327	82.867	3412	766
14	0.168	49.762	17.055	1.570	49.572	16.764	0.381	0.572	0.563	0.379	86.830	2352	792
15	0.060	44.941	17.245	0.937	44.789	17.103	0.318	0.275	0.322	0.239	155.078	2120	808
16	0.149	77.364	17.786	1.461	77.152	17.547	0.444	0.466	0.539	0.352	131.743	3648	829
17	0.149	112.782	19.733	1.443	112.586	19.473	0.381	0.508	0.501	0.378	102.501	5328	920
18	0.184	83.181	19.862	1.672	82.994	19.558	0.381	0.635	0.634	0.369	99.915	3925	924
19	0.176	79.317	20.245	1.605	79.100	19.960	0.423	0.572	0.604	0.371	65.429	3748	943
20	0.164	65.468	20.305	1.553	65.299	20.002	0.339	0.593	0.597	0.349	87.678	3093	945
21	0.166	92.853	20.281	1.540	92.668	20.002	0.381	0.550	0.565	0.373	97.669	4383	945
22	0.167	115.225	20.393	1.540	115.041	20.108	0.381	0.550	0.561	0.378	86.196	5440	950
23	0.173	116.560	20.652	1.540	116.353	20.384	0.402	0.529	0.551	0.400	96.978	5502	963
24	0.166	66.987	21.146	1.563	66.738	20.913	0.529	0.444	0.593	0.357	146.896	3156	988
25	0.168	101.518	21.396	1.586	101.261	21.146	0.508	0.508	0.572	0.373	135.964	4792	999
26	0.146	35.941	21.500	1.478	35.729	21.251	0.423	0.508	0.550	0.337	59.011	1698	1004
27	0.127	86.471	21.593	1.364	86.254	21.357	0.423	0.444	0.517	0.314	130.691	4082	1009
28	0.186	65.849	22.443	1.630	65.596	22.204	0.508	0.487	0.595	0.398	140.969	3103	1049
29	0.162	86.899	23.091	1.545	86.720	22.818	0.381	0.572	0.571	0.362	99.962	4101	1078
30	0.163	58.044	23.156	1.545	57.848	22.860	0.381	0.572	0.553	0.375	84.757	2744	1080
31	0.176	34.955	23.248	1.586	34.692	23.008	0.529	0.487	0.574	0.390	35.799	1655	1087
32	0.136	106.187	23.333	1.418	105.939	23.135	0.487	0.381	0.499	0.347	158.972	5013	1093
33	0.166	80.499	23.578	1.563	80.285	23.304	0.423	0.550	0.560	0.378	116.657	3799	1101
34	0.171	30.884	23.843	1.593	30.607	23.622	0.529	0.466	0.578	0.377	141.301	1454	1116
35	0.149	29.261	24.037	1.466	28.977	23.855	0.550	0.381	0.535	0.355	10.000	1380	1127
36	0.159	84.524	24.670	1.526	84.286	24.426	0.487	0.487	0.561	0.362	46.479	3996	1154
37	0.169	78.374	24.853	1.575	78.168	24.574	0.402	0.572	0.552	0.391	86.775	3700	1161
38	0.169	95.851	25.028	1.558	95.610	24.807	0.487	0.444	0.523	0.412	145.550	4522	1172
39	0.168	54.977	25.508	1.563	54.695	25.294	0.529	0.444	0.573	0.373	146.321	2590	1195
40	0.181	97.914	26.449	1.648	97.621	26.247	0.593	0.423	0.592	0.388	161.824	4618	1240
41	0.158	62.073	26.465	1.528	61.807	26.268	0.529	0.402	0.572	0.351	152.815	2922	1241
42	0.162	117.336	27.191	1.521	117.115	26.945	0.444	0.508	0.556	0.371	52.132	5545	1273
43	0.168	73.414	27.843	1.523	73.216	27.580	0.381	0.529	0.545	0.393	85.596	3466	1303
44	0.156	34.442	27.983	1.528	34.248	27.707	0.381	0.550	0.586	0.339	111.603	1622	1309
45	0.161	98.653	27.946	1.510	98.383	27.771	0.550	0.360	0.559	0.367	0.230	4656	1312
46	0.158	99.912	28.321	1.540	99.632	28.130	0.550	0.381	0.575	0.349	15.445	4723	1329
47	0.188	26.486	28.618	1.727	26.289	28.279	0.381	0.656	0.652	0.368	82.927	1252	1336
48	0.160	23.198	28.605	1.533	22.945	28.384	0.508	0.444	0.573	0.355	145.668	1089	1341
49	0.107	122.913	29.476	1.304	122.682	29.295	0.444	0.381	0.471	0.288	151.564	5805	1384
50	0.169	64.764	30.300	1.586	64.537	30.014	0.466	0.550	0.606	0.355	126.494	3053	1418
51	0.175	73.075	30.629	1.598	72.813	30.374	0.508	0.508	0.604	0.369	48.171	3453	1435
52	0.161	54.516	30.747	1.545	54.250	30.544	0.508	0.423	0.558	0.367	151.256	2568	1443
53	0.159	60.429	30.887	1.508	60.198	30.649	0.508	0.444	0.573	0.352	141.806	2847	1448
54	0.180	35.195	31.127	1.672	34.862	30.946	0.656	0.360	0.636	0.360	5.265	1659	1462
55	0.159	59.834	31.467	1.551	59.563	31.242	0.529	0.444	0.569	0.355	142.441	2822	1476
56	0.159	96.709	31.821	1.535	96.435	31.644	0.550	0.360	0.561	0.361	173.456	4561	1495
57	0.162	37.176	31.904	1.551	36.957	31.665	0.466	0.508	0.589	0.351	49.547	1757	1496
58	0.179	69.283	31.852	1.630	68.982	31.665	0.614	0.381	0.608	0.375	170.006	3263	1496
59	0.179	25.457	32.250	1.575	25.231	31.983	0.444	0.529	0.562	0.406	61.038	1203	1511
60	0.178	24.018	32.317	1.623	23.749	32.046	0.508	0.508	0.603	0.375	46.344	1138	1514
61	0.182	116.151	32.413	1.695	115.909	32.131	0.487	0.572	0.655	0.354	53.441	5490	1518
62	0.140	30.791	32.353	1.473	30.522	32.173	0.572	0.339	0.547	0.327	5.144	1453	1520
63	0.175	96.259	32.628	1.593	95.991	32.406	0.550	0.444	0.590	0.378	150.216	4539	1531
64	0.183	93.636	32.779	1.642	93.324	32.597	0.614	0.381	0.612	0.381	5.255	4420	1540
65	0.172	12.701	32.873	1.603	12.425	32.618	0.550	0.487	0.568	0.386	30.386	602	1541
66	0.135	80.034	32.895	1.436	79.820	32.660	0.466	0.444	0.564	0.305	137.021	3772	1543
67	0.150	19.833	33.012	1.493	19.664	32.745	0.339	0.550	0.556	0.343	84.234	934	1547
68	0.129	72.405	33.130	1.424	72.221	32.851	0.402	0.508	0.546	0.301	123.435	3415	1552
69	0.145	28.778	33.465	1.456	28.596	33.210	0.360	0.529	0.539	0.343	75.772	1359	1569
70	0.147	24.019	33.531	1.491	23.834	33.253	0.360	0.572	0.553	0.337	80.423	1136	1571
71	0.163	51.294	33.771	1.558	51.012	33.570	0.572	0.381	0.578	0.359	165.494	2418	1586
72	0.172	83.153	33.959	1.580	82.868	33.740	0.550	0.444	0.588	0.372	149.472	3922	1594
73	0.157	33.480	34.321	1.551	33.210	34.057	0.487	0.487	0.574	0.348	48.176	1584	1609
74	0.165	63.718	34.293	1.533	63.458	34.100	0.550	0.402	0.550	0.382	165.250	3002	1611
75	0.154	47.123	35.040	1.515	46.863	34.840	0.550	0.381	0.562	0.348	156.928	2219	1646
76	0.149	37.634	35.023	1.515	37.359	34.862	0.593	0.339	0.584	0.324	13.717	1775	1647
77	0.154	78.899	35.539	1.491	78.613	35.348	0.550	0.381	0.554	0.354	160.173	3721	1670
78	0.166	81.484	35.682	1.563	81.216	35.475	0.572	0.402	0.571	0.371	168.515	3843	1676
79	0.142	66.233	36.370	1.461	66.040	36.110	0.381	0.508	0.516	0.351	72.527	3129	1706
80	0.163	14.432	36.529	1.556	14.203	36.280	0.466	0.508	0.578	0.359	49.939	684	1714
81	0.165	69.823	36.484	1.545	69.554	36.280	0.529	0.423	0.574	0.367	154.456	3291	1714
82	0.187	59.002	36.574	1.660	58.716	36.364	0.593	0.423	0.593	0.402	11.437	2784	1718
83	0.172	124.242	36.753	1.570	124.058	36.470	0.381	0.572	0.569	0.384	92.995	5867	1723
84	0.153	77.607	36.954	1.558	77.364	36.703	0.487	0.466	0.580	0.335	138.764	3656	1734
85	0.133	58.899	37.235	1.401	58.653	37.063	0.508	0.360	0.530	0.318	24.323	2780	1751
86	0.148	48.053	37.349	1.528	47.773	37.169	0.550	0.360	0.558	0.337	13.374	2274	1756
87	0.155	29.402	37.596	1.540	29.125	37.402	0.550	0.381	0.568	0.348	15.295	1389	1767
88	0.133	94.612	37.617	1.406	94.382	37.402	0.444	0.444	0.538	0.314	137.377	4463	1767
89	0.167	105.511	37.722	1.565	105.220	37.550	0.572	0.360	0.597	0.357	11.249	4981	1774
90	0.173	49.474	38.076	1.583	49.191	37.888	0.572	0.381	0.574	0.385	3.497	2332	1790
91	0.154	44.264	38.256	1.508	44.027	38.037	0.487	0.466	0.559	0.350	39.539	2093	1797
92	0.147	113.966	38.757	1.461	113.750	38.523	0.423	0.487	0.537	0.348	56.202	5385	1820
93	0.163	72.802	39.139	1.540	72.517	38.968	0.572	0.360	0.576	0.359	170.336	3430	1841
94	0.154	23.451	39.931	1.468	23.199	39.751	0.529	0.360	0.541	0.363	170.025	1101	1878
95	0.160	38.016	40.452	1.508	37.740	40.238	0.529	0.423	0.558	0.365	30.979	1797	1901
96	0.168	88.595	41.451	1.553	88.328	41.254	0.550	0.381	0.577	0.370	16.386	4184	1949
97	0.162	84.504	41.801	1.533	84.243	41.571	0.508	0.444	0.575	0.358	35.892	3995	1964
98	0.159	75.311	41.826	1.588	75.015	41.635	0.593	0.360	0.586	0.346	6.003	3557	1967
99	0.165	65.742	42.357	1.570	65.532	42.079	0.402	0.550	0.563	0.374	65.748	3110	1988
100	0.180	19.411	42.382	1.648	19.135	42.164	0.572	0.444	0.619	0.369	151.295	906	1992
101	0.144	115.692	42.536	1.468	115.528	42.249	0.318	0.572	0.555	0.330	90.194	5466	1996
102	0.172	52.183	42.629	1.575	51.901	42.439	0.593	0.381	0.589	0.371	179.186	2460	2005
103	0.173	76.483	42.856	1.635	76.158	42.651	0.614	0.402	0.599	0.368	5.561	3615	2015
104	0.162	92.599	42.919	1.540	92.308	42.757	0.593	0.339	0.600	0.344	175.798	4365	2020
105	0.158	77.802	43.560	1.515	77.534	43.349	0.508	0.423	0.546	0.367	30.539	3676	2048
106	0.159	117.537	43.809	1.486	117.306	43.582	0.444	0.466	0.528	0.385	129.091	5546	2059
107	0.140	91.506	43.873	1.433	91.250	43.709	0.508	0.339	0.536	0.332	7.980	4325	2065
108	0.168	104.804	44.278	1.545	104.542	44.048	0.508	0.444	0.569	0.375	35.563	4953	2081
109	0.170	73.029	44.287	1.600	72.771	44.090	0.529	0.402	0.575	0.376	22.957	3447	2083
110	0.168	124.476	44.406	1.540	124.206	44.217	0.550	0.381	0.551	0.387	175.345	5874	2089
111	0.170	75.767	44.525	1.623	75.480	44.281	0.550	0.466	0.613	0.352	33.379	3586	2092
112	0.157	77.401	45.409	1.510	77.216	45.127	0.360	0.550	0.548	0.365	88.472	3657	2132
113	0.172	17.006	45.443	1.600	16.806	45.148	0.381	0.593	0.581	0.376	95.738	802	2133
114	0.159	19.754	45.675	1.528	19.537	45.424	0.423	0.508	0.569	0.357	58.491	934	2146
115	0.175	83.195	46.095	1.580	82.931	45.868	0.529	0.466	0.597	0.374	36.000	3931	2167
116	0.174	102.726	46.318	1.600	102.426	46.122	0.593	0.381	0.595	0.372	1.981	4851	2179
117	0.182	23.031	46.467	1.655	22.712	46.292	0.635	0.360	0.640	0.363	0.671	1083	2187
118	0.163	92.334	46.519	1.588	92.033	46.334	0.593	0.381	0.579	0.358	9.887	4363	2189
119	0.071	73.429	46.539	1.029	73.300	46.355	0.254	0.360	0.382	0.237	108.727	3466	2190
120	0.172	101.178	46.988	1.570	100.902	46.778	0.550	0.402	0.561	0.390	169.731	4775	2210
121	0.146	61.724	47.217	1.491	61.532	46.969	0.402	0.529	0.548	0.339	59.827	2918	2219
122	0.157	22.298	47.420	1.528	22.034	47.244	0.550	0.360	0.553	0.361	1.724	1050	2232
123	0.158	23.959	47.457	1.545	23.686	47.286	0.572	0.360	0.570	0.352	176.316	1125	2234
124	0.166	96.514	47.503	1.648	96.202	47.286	0.593	0.423	0.625	0.338	32.542	4559	2234
125	0.152	26.386	47.615	1.456	26.120	47.434	0.529	0.360	0.530	0.366	172.294	1241	2241
126	0.172	102.787	47.625	1.613	102.489	47.434	0.572	0.402	0.592	0.369	18.633	4856	2241
127	0.151	71.353	47.912	1.521	71.141	47.646	0.423	0.508	0.562	0.342	123.089	3364	2251
128	0.177	66.918	48.041	1.610	66.675	47.794	0.508	0.508	0.599	0.377	40.826	3164	2258
129	0.152	24.543	48.294	1.486	24.278	48.112	0.550	0.360	0.569	0.340	162.127	1151	2273
130	0.161	30.965	48.449	1.533	30.755	48.218	0.444	0.508	0.568	0.361	52.770	1462	2278
131	0.163	11.598	48.433	1.558	11.303	48.239	0.593	0.360	0.575	0.361	1.052	546	2279
132	0.167	82.729	48.587	1.551	82.486	48.345	0.487	0.487	0.571	0.373	41.509	3912	2284
133	0.165	90.781	48.800	1.540	90.509	48.599	0.550	0.381	0.546	0.385	3.234	4287	2296
134	0.161	56.420	49.161	1.545	56.176	48.958	0.529	0.423	0.558	0.367	27.847	2664	2313
135	0.157	102.665	49.446	1.515	102.383	49.255	0.550	0.381	0.560	0.357	12.353	4848	2327
136	0.159	15.958	49.558	1.535	15.769	49.297	0.381	0.529	0.560	0.362	76.605	752	2329
137	0.168	45.909	49.539	1.540	45.656	49.318	0.508	0.423	0.556	0.386	152.829	2163	2330
138	0.172	82.424	49.658	1.605	82.148	49.424	0.529	0.466	0.586	0.374	38.575	3895	2335
139	0.179	92.672	49.689	1.630	92.371	49.488	0.593	0.402	0.597	0.382	5.929	4380	2338
140	0.162	86.763	50.164	1.540	86.466	49.996	0.593	0.339	0.595	0.347	1.723	4095	2362
141	0.164	105.394	50.310	1.575	105.092	50.144	0.593	0.381	0.558	0.374	178.435	4973	2369
142	0.162	28.882	50.551	1.568	28.660	50.292	0.466	0.529	0.587	0.352	50.385	1369	2376
143	0.158	115.919	50.546	1.551	115.634	50.334	0.529	0.444	0.576	0.349	141.157	5467	2378
144	0.183	37.957	50.647	1.648	37.719	50.398	0.487	0.529	0.605	0.385	47.182	1794	2381
145	0.176	64.646	50.699	1.593	64.431	50.419	0.444	0.550	0.572	0.391	66.315	3053	2382
146	0.172	43.929	50.856	1.613	43.624	50.673	0.593	0.381	0.598	0.366	7.675	2075	2394
147	0.147	66.337	51.842	1.521	66.082	51.583	0.466	0.487	0.586	0.320	48.820	3137	2437
148	0.138	126.995	52.190	1.426	126.725	52.028	0.550	0.318	0.552	0.320	172.803	5993	2458
149	0.165	69.166	52.941	1.538	68.940	52.705	0.487	0.487	0.558	0.377	48.322	3267	2490
150	0.155	60.611	53.036	1.515	60.431	52.768	0.381	0.550	0.569	0.347	74.726	2863	2493
151	0.151	52.171	53.028	1.521	51.943	52.811	0.487	0.466	0.561	0.344	40.079	2465	2495
152	0.182	23.748	53.203	1.618	23.453	53.001	0.593	0.402	0.598	0.388	7.028	1122	2504
153	0.135	79.789	53.488	1.413	79.544	53.319	0.529	0.339	0.516	0.334	178.421	3764	2519
154	0.155	99.719	53.734	1.515	99.441	53.552	0.550	0.381	0.549	0.361	15.529	4709	2530
155	0.146	111.436	54.293	1.418	111.252	54.038	0.381	0.508	0.512	0.362	76.196	5265	2553
156	0.156	50.446	54.520	1.533	50.186	54.314	0.529	0.423	0.563	0.352	30.393	2384	2566
157	0.147	81.174	54.806	1.515	80.899	54.652	0.593	0.339	0.572	0.326	2.480	3827	2582
158	0.146	98.979	54.921	1.456	98.721	54.737	0.529	0.360	0.534	0.348	7.918	4679	2586
159	0.163	55.306	55.515	1.553	55.118	55.224	0.360	0.572	0.576	0.360	90.809	2612	2609
160	0.172	86.403	55.483	1.613	86.106	55.308	0.614	0.360	0.610	0.360	177.072	4075	2613
161	0.168	16.753	55.615	1.610	16.468	55.414	0.614	0.402	0.594	0.359	164.937	783	2618
162	0.145	103.617	55.681	1.478	103.357	55.478	0.550	0.381	0.566	0.326	155.470	4887	2621
163	0.172	37.794	56.232	1.580	37.528	55.986	0.508	0.487	0.591	0.370	42.736	1787	2645
164	0.148	50.644	56.629	1.478	50.398	56.388	0.466	0.466	0.558	0.338	46.937	2394	2664
165	0.179	26.084	56.605	1.672	25.760	56.409	0.635	0.381	0.628	0.362	164.820	1228	2665
166	0.182	31.779	56.917	1.660	31.581	56.621	0.402	0.614	0.625	0.371	74.175	1501	2675
167	0.168	48.611	57.160	1.618	48.324	56.938	0.572	0.423	0.608	0.351	25.711	2304	2690
168	0.156	96.622	57.275	1.510	96.330	57.108	0.572	0.339	0.577	0.344	2.348	4561	2698
169	0.162	55.006	57.594	1.545	54.779	57.362	0.487	0.466	0.545	0.379	38.383	2600	2710
170	0.136	84.568	57.555	1.426	84.307	57.383	0.529	0.339	0.532	0.325	175.042	3991	2711
171	0.163	18.937	57.646	1.528	18.690	57.425	0.508	0.423	0.553	0.376	151.612	886	2713
172	0.155	54.317	58.046	1.540	54.123	57.764	0.381	0.550	0.578	0.342	71.540	2566	2729
173	0.184	100.891	58.075	1.655	100.584	57.891	0.614	0.381	0.620	0.377	169.559	4757	2735
174	0.160	111.992	58.581	1.533	111.760	58.335	0.466	0.487	0.573	0.355	130.026	5284	2756
175	0.150	98.268	58.699	1.486	98.002	58.505	0.529	0.381	0.562	0.339	21.749	4645	2764
176	0.127	42.601	58.819	1.401	42.397	58.589	0.423	0.444	0.488	0.332	53.864	2012	2768
177	0.163	52.315	58.904	1.563	52.070	58.695	0.529	0.444	0.568	0.365	37.476	2470	2773
178	0.157	20.383	59.546	1.510	20.130	59.351	0.529	0.381	0.567	0.353	158.431	952	2804
179	0.174	48.603	59.806	1.618	48.324	59.584	0.550	0.444	0.571	0.388	24.220	2299	2815
180	0.136	101.477	59.911	1.431	101.282	59.648	0.360	0.529	0.533	0.325	73.374	4795	2818
181	0.170	88.573	59.917	1.600	88.286	59.732	0.593	0.381	0.591	0.367	171.083	4176	2822
182	0.146	27.426	59.958	1.456	27.178	59.775	0.508	0.381	0.554	0.336	27.540	1293	2824
183	0.153	28.162	60.158	1.496	27.919	59.902	0.466	0.487	0.550	0.354	46.157	1333	2830
184	0.161	102.359	60.542	1.528	102.087	60.346	0.529	0.402	0.578	0.355	153.507	4827	2851
185	0.161	50.783	61.635	1.551	50.546	61.404	0.487	0.487	0.578	0.354	49.363	2400	2901
186	0.172	109.597	61.804	1.595	109.305	61.616	0.593	0.360	0.603	0.364	0.246	5173	2911
187	0.178	41.795	62.084	1.642	41.466	61.912	0.635	0.360	0.620	0.365	176.350	1968	2925
188	0.147	92.521	63.207	1.456	92.244	63.034	0.529	0.360	0.528	0.354	178.939	4367	2978
189	0.155	61.810	63.512	1.523	61.553	63.331	0.529	0.381	0.560	0.353	159.531	2908	2992
190	0.160	82.878	63.943	1.540	82.614	63.733	0.508	0.423	0.571	0.357	151.391	3909	3011
191	0.177	21.694	64.283	1.563	21.400	64.093	0.572	0.402	0.563	0.400	8.797	1020	3028
192	0.157	86.619	64.491	1.493	86.360	64.304	0.508	0.381	0.548	0.365	158.044	4083	3038
193	0.158	45.938	65.423	1.538	45.656	65.214	0.572	0.402	0.577	0.348	23.353	2172	3081
194	0.172	44.473	65.495	1.588	44.260	65.236	0.444	0.529	0.584	0.376	58.756	2102	3082
195	0.147	108.139	65.886	1.480	107.908	65.680	0.444	0.423	0.454	0.412	137.553	5106	3103
196	0.058	107.722	65.887	0.957	107.611	65.722	0.212	0.360	0.363	0.202	98.086	5085	3105
197	0.174	46.273	66.190	1.605	46.016	65.976	0.550	0.444	0.584	0.380	29.681	2186	3117
198	0.133	55.501	67.142	1.418	55.266	66.950	0.487	0.402	0.539	0.314	31.322	2622	3163
199	0.172	43.110	67.242	1.588	42.884	67.014	0.487	0.487	0.587	0.374	45.194	2036	3166
200	0.174	67.711	68.303	1.570	67.437	68.114	0.572	0.381	0.573	0.386	177.612	3192	3218
201	0.155	103.818	68.595	1.540	103.526	68.411	0.550	0.381	0.568	0.348	18.694	4904	3232
202	0.176	28.410	68.941	1.653	28.194	68.665	0.444	0.572	0.581	0.385	63.339	1348	3244
203	0.165	85.696	69.469	1.583	85.365	69.300	0.614	0.339	0.608	0.346	178.246	4043	3274
204	0.190	62.670	70.196	1.690	62.357	69.998	0.635	0.402	0.609	0.397	176.170	2957	3307
205	0.155	67.804	70.570	1.498	67.564	70.379	0.508	0.402	0.534	0.368	22.771	3200	3325
206	0.162	42.112	71.163	1.540	41.825	70.972	0.572	0.360	0.581	0.355	173.516	1985	3353
207	0.167	61.776	71.289	1.553	61.489	71.120	0.572	0.360	0.580	0.366	1.382	2912	3360
208	0.157	92.871	72.264	1.563	92.604	72.051	0.550	0.423	0.581	0.344	154.549	4380	3404
209	0.166	43.656	72.646	1.551	43.413	72.411	0.487	0.487	0.582	0.363	134.397	2054	3421
210	0.177	88.401	72.680	1.600	88.138	72.454	0.529	0.444	0.578	0.390	150.207	4168	3423
211	0.181	81.825	73.083	1.618	81.534	72.877	0.593	0.402	0.593	0.390	178.002	3864	3443
212	0.166	53.530	74.017	1.570	53.234	73.829	0.593	0.360	0.593	0.357	170.699	2523	3488
213	0.151	110.861	74.118	1.478	110.617	73.893	0.466	0.466	0.535	0.358	131.396	5232	3491
214	0.181	70.549	74.647	1.623	70.231	74.443	0.614	0.402	0.618	0.374	19.629	3332	3517
215	0.170	54.345	74.759	1.595	54.144	74.486	0.402	0.550	0.587	0.369	115.968	2561	3519
216	0.171	55.512	74.804	1.575	55.308	74.507	0.402	0.572	0.575	0.378	107.737	2620	3520
217	0.155	50.747	75.218	1.498	50.567	74.951	0.360	0.550	0.568	0.346	104.528	2392	3541
218	0.153	90.120	75.429	1.503	89.852	75.226	0.529	0.402	0.534	0.366	17.375	4258	3554
219	0.171	93.827	75.615	1.588	93.557	75.396	0.550	0.423	0.592	0.367	155.874	4425	3562
220	0.159	62.177	75.985	1.533	61.912	75.777	0.550	0.402	0.577	0.350	159.553	2932	3580
221	0.147	51.844	76.117	1.483	51.604	75.883	0.487	0.466	0.549	0.342	138.460	2443	3585
222	0.194	16.797	76.159	1.672	16.489	75.967	0.635	0.381	0.634	0.389	7.639	788	3589
223	0.129	91.188	76.735	1.438	90.890	76.581	0.572	0.296	0.563	0.291	175.177	4304	3618
224	0.161	28.557	77.168	1.575	28.363	76.877	0.381	0.593	0.573	0.357	78.463	1349	3632
225	0.185	85.370	77.455	1.648	85.069	77.258	0.614	0.402	0.611	0.386	166.819	4025	3650
226	0.156	84.150	78.071	1.486	83.884	77.872	0.529	0.381	0.540	0.368	169.865	3973	3679
227	0.168	64.045	78.402	1.570	63.754	78.211	0.572	0.381	0.581	0.368	179.598	3023	3695
228	0.183	100.981	79.485	1.655	100.690	79.269	0.550	0.444	0.598	0.389	151.198	4763	3745
229	0.166	91.761	79.475	1.563	91.461	79.290	0.593	0.381	0.581	0.364	174.171	4330	3746
230	0.167	37.052	79.776	1.605	36.809	79.523	0.487	0.508	0.613	0.346	52.048	1751	3757
231	0.144	66.869	79.909	1.473	66.612	79.735	0.550	0.360	0.549	0.334	167.011	3150	3767
232	0.147	106.993	80.233	1.486	106.807	79.989	0.381	0.529	0.556	0.338	64.934	5054	3779
233	0.162	85.089	80.216	1.551	84.815	80.010	0.572	0.402	0.553	0.373	18.836	4019	3780
234	0.164	53.602	80.503	1.545	53.404	80.222	0.381	0.572	0.571	0.367	98.451	2529	3790
235	0.172	64.980	80.527	1.580	64.728	80.285	0.529	0.466	0.577	0.379	140.986	3063	3793
236	0.150	49.358	80.827	1.510	49.170	80.560	0.381	0.529	0.555	0.344	107.351	2326	3806
237	0.169	42.706	81.008	1.588	42.460	80.751	0.466	0.508	0.579	0.372	125.646	2013	3815
238	0.166	55.439	81.167	1.533	55.245	80.899	0.423	0.529	0.518	0.408	91.310	2616	3822
239	0.160	14.624	81.420	1.551	14.351	81.216	0.572	0.402	0.558	0.366	18.969	690	3837
240	0.164	98.221	81.961	1.551	98.002	81.682	0.466	0.508	0.573	0.363	133.448	4633	3859
241	0.158	105.957	82.160	1.515	105.685	81.957	0.529	0.402	0.537	0.374	21.557	5006	3872
242	0.163	45.811	82.334	1.575	45.614	82.042	0.381	0.572	0.581	0.356	103.083	2162	3876
243	0.152	39.724	82.898	1.498	39.539	82.614	0.360	0.550	0.550	0.353	93.074	1876	3903
244	0.145	78.392	82.791	1.468	78.126	82.635	0.550	0.339	0.542	0.340	179.033	3696	3904
245	0.173	56.254	83.093	1.583	56.070	82.804	0.381	0.572	0.578	0.382	99.221	2654	3912
246	0.148	67.783	83.352	1.491	67.543	83.122	0.487	0.444	0.564	0.335	143.242	3195	3927
247	0.175	92.160	83.425	1.610	91.884	83.206	0.550	0.466	0.601	0.370	35.484	4354	3931
248	0.178	106.118	84.746	1.618	105.833	84.540	0.572	0.423	0.605	0.376	22.556	5013	3994
249	0.152	40.442	84.878	1.463	40.259	84.624	0.360	0.508	0.530	0.366	95.649	1907	3998
250	0.173	58.587	85.128	1.563	58.378	84.857	0.423	0.550	0.569	0.387	115.820	2762	4009
251	0.184	104.968	85.288	1.743	104.712	85.026	0.529	0.572	0.648	0.361	47.080	4963	4017
252	0.158	49.710	85.690	1.503	49.488	85.429	0.423	0.508	0.528	0.380	115.782	2345	4036
253	0.135	30.495	85.829	1.468	30.184	85.683	0.593	0.296	0.582	0.296	175.196	1433	4048
254	0.177	72.709	85.976	1.625	72.517	85.683	0.381	0.593	0.614	0.366	75.043	3435	4048
255	0.186	123.238	85.890	1.635	122.915	85.683	0.614	0.402	0.604	0.392	169.538	5816	4048
256	0.169	92.514	86.880	1.575	92.223	86.678	0.572	0.402	0.581	0.370	20.118	4373	4095
257	0.172	28.630	87.045	1.618	28.342	86.847	0.593	0.402	0.610	0.358	160.875	1342	4103
258	0.178	11.364	87.133	1.588	11.091	86.910	0.550	0.423	0.558	0.407	4.917	535	4106
259	0.160	39.695	87.214	1.503	39.476	86.974	0.444	0.487	0.507	0.403	127.572	1871	4109
260	0.164	127.982	87.312	1.558	127.698	87.143	0.593	0.360	0.589	0.354	8.441	6041	4117
261	0.148	54.586	87.832	1.431	54.377	87.588	0.423	0.466	0.510	0.369	123.194	2574	4138
262	0.170	76.715	87.940	1.575	76.475	87.715	0.487	0.487	0.567	0.383	43.351	3623	4144
263	0.146	41.847	88.500	1.468	41.656	88.244	0.381	0.508	0.556	0.335	118.200	1971	4169
264	0.167	113.594	88.732	1.565	113.305	88.561	0.572	0.360	0.577	0.369	176.283	5359	4184
265	0.150	35.587	89.539	1.521	35.391	89.260	0.423	0.529	0.571	0.333	120.704	1677	4217
266	0.171	12.881	89.569	1.642	12.615	89.366	0.550	0.402	0.575	0.379	15.288	608	4222
267	0.150	84.259	90.172	1.528	83.947	90.001	0.593	0.339	0.580	0.330	7.576	3982	4252
268	0.133	15.774	90.357	1.359	15.579	90.128	0.381	0.466	0.485	0.349	115.304	741	4258
269	0.148	38.795	90.722	1.478	38.566	90.488	0.487	0.444	0.541	0.348	141.131	1825	4275
270	0.167	95.482	90.700	1.545	95.186	90.509	0.572	0.381	0.578	0.368	13.551	4511	4276
271	0.142	101.384	90.799	1.431	101.134	90.593	0.487	0.402	0.516	0.351	151.702	4785	4280
272	0.179	124.958	91.051	1.613	124.651	90.868	0.593	0.381	0.589	0.387	4.990	5900	4293
273	0.043	79.264	91.233	0.860	79.121	91.122	0.296	0.212	0.322	0.170	18.927	3749	4305
274	0.174	35.852	91.707	1.610	35.624	91.419	0.487	0.529	0.610	0.364	133.056	1687	4319
275	0.132	36.135	92.361	1.371	35.941	92.139	0.423	0.423	0.473	0.355	140.039	1700	4353
276	0.153	84.957	92.804	1.515	84.667	92.625	0.572	0.360	0.574	0.340	15.732	4014	4376
277	0.136	19.388	93.003	1.388	19.156	92.816	0.466	0.402	0.497	0.348	30.321	914	4385
278	0.142	48.879	93.506	1.413	48.620	93.324	0.508	0.360	0.527	0.344	163.096	2303	4409
279	0.143	57.319	93.573	1.431	57.086	93.366	0.487	0.402	0.517	0.353	148.463	2702	4411
280	0.129	60.732	93.757	1.383	60.516	93.557	0.444	0.402	0.518	0.317	145.635	2860	4420
281	0.172	119.921	93.842	1.580	119.634	93.620	0.550	0.444	0.560	0.390	30.754	5665	4423
282	0.162	57.454	94.198	1.533	57.171	94.001	0.550	0.402	0.560	0.369	160.523	2707	4441
283	0.178	96.869	94.721	1.628	96.605	94.467	0.550	0.487	0.622	0.364	142.364	4569	4463
284	0.147	99.246	94.682	1.478	98.996	94.467	0.487	0.444	0.538	0.348	144.616	4683	4463
285	0.155	54.166	94.724	1.521	53.890	94.530	0.572	0.381	0.577	0.342	161.192	2550	4466
286	0.173	66.581	94.762	1.588	66.358	94.530	0.487	0.487	0.569	0.388	48.291	3144	4466
287	0.150	127.930	94.945	1.498	127.656	94.763	0.550	0.360	0.573	0.334	167.870	6042	4477
288	0.149	22.752	95.517	1.461	22.564	95.271	0.402	0.508	0.544	0.348	64.052	1074	4501
289	0.188	66.067	95.719	1.653	65.828	95.440	0.487	0.550	0.628	0.381	128.154	3114	4509
290	0.156	62.084	95.772	1.538	61.828	95.546	0.550	0.423	0.603	0.330	149.032	2924	4514
291	0.150	67.978	96.017	1.486	67.776	95.758	0.402	0.508	0.532	0.358	59.972	3215	4524
292	0.153	83.150	96.006	1.518	82.868	95.843	0.550	0.339	0.568	0.343	10.592	3927	4528
293	0.194	47.505	96.275	1.678	47.223	96.033	0.550	0.487	0.619	0.400	35.480	2246	4537
294	0.173	21.965	96.483	1.607	21.780	96.181	0.360	0.593	0.597	0.370	88.692	1037	4544
295	0.150	99.312	96.497	1.478	99.081	96.245	0.444	0.487	0.544	0.350	53.743	4693	4547
296	0.157	57.179	96.606	1.558	56.896	96.435	0.593	0.360	0.567	0.353	172.177	2692	4556
297	0.177	123.369	96.834	1.635	123.105	96.562	0.508	0.508	0.609	0.371	45.420	5832	4562
298	0.163	78.859	96.756	1.528	78.571	96.584	0.572	0.360	0.570	0.364	175.098	3718	4563
299	0.160	73.253	96.890	1.533	73.025	96.647	0.466	0.487	0.562	0.364	45.293	3464	4566
300	0.149	18.462	96.951	1.478	18.224	96.689	0.444	0.487	0.550	0.346	51.336	876	4568
301	0.164	45.736	97.587	1.521	45.487	97.367	0.508	0.444	0.553	0.379	36.898	2161	4600
302	0.163	26.123	98.283	1.551	25.908	98.002	0.444	0.529	0.556	0.373	127.126	1228	4630
303	0.171	62.021	98.909	1.586	61.764	98.679	0.550	0.466	0.582	0.374	146.440	2922	4662
304	0.193	75.570	99.014	1.690	75.269	98.806	0.614	0.423	0.628	0.392	169.838	3566	4668
305	0.153	51.930	99.291	1.478	51.710	99.039	0.444	0.487	0.552	0.354	129.248	2448	4679
306	0.145	63.643	99.329	1.478	63.436	99.081	0.423	0.508	0.569	0.324	124.135	3001	4681
307	0.160	56.011	99.386	1.528	55.753	99.187	0.529	0.402	0.572	0.357	156.770	2636	4686
308	0.159	38.875	99.547	1.570	38.672	99.272	0.423	0.529	0.588	0.344	123.095	1827	4690
309	0.138	94.060	99.529	1.456	93.811	99.314	0.487	0.402	0.530	0.331	29.561	4449	4692
310	0.170	56.666	99.713	1.575	56.388	99.505	0.572	0.402	0.584	0.371	160.872	2669	4701
311	0.158	22.097	99.830	1.528	21.908	99.547	0.360	0.572	0.559	0.360	91.725	1043	4703
312	0.161	29.034	99.819	1.540	28.766	99.632	0.550	0.381	0.573	0.357	161.284	1362	4707
313	0.172	47.984	100.395	1.642	47.794	100.097	0.381	0.593	0.616	0.357	98.821	2262	4729
314	0.151	61.803	100.924	1.486	61.574	100.690	0.466	0.444	0.546	0.352	138.830	2911	4757
315	0.161	57.820	100.954	1.551	57.552	100.732	0.529	0.444	0.580	0.354	145.499	2723	4759
316	0.165	106.523	101.027	1.551	106.278	100.817	0.529	0.444	0.551	0.381	28.530	5030	4763
317	0.129	120.697	101.563	1.376	120.460	101.346	0.444	0.423	0.492	0.334	39.341	5704	4788
318	0.170	89.564	101.714	1.575	89.302	101.494	0.529	0.444	0.587	0.369	32.393	4232	4795
319	0.186	79.532	102.899	1.707	79.206	102.701	0.635	0.402	0.623	0.381	13.060	3758	4852
320	0.127	117.944	102.959	1.396	117.771	102.722	0.360	0.487	0.542	0.298	62.289	5573	4853
321	0.139	52.075	103.025	1.431	51.795	102.849	0.529	0.360	0.542	0.327	161.672	2453	4859
322	0.172	27.582	103.253	1.623	27.347	102.997	0.487	0.508	0.598	0.366	133.310	1296	4866
323	0.152	68.596	103.318	1.540	68.411	103.018	0.360	0.572	0.546	0.355	96.929	3240	4867
324	0.167	43.448	103.620	1.593	43.222	103.336	0.466	0.529	0.608	0.350	129.932	2045	4882
325	0.152	16.433	103.749	1.515	16.150	103.568	0.550	0.381	0.546	0.354	163.256	767	4893
326	0.186	16.400	104.217	1.655	16.087	104.034	0.614	0.381	0.610	0.389	2.423	769	4915
327	0.170	70.623	104.374	1.600	70.422	104.098	0.402	0.572	0.581	0.372	69.143	3340	4918
328	0.178	90.467	104.559	1.642	90.170	104.352	0.593	0.402	0.604	0.375	19.057	4277	4930
329	0.152	75.560	104.734	1.491	75.290	104.542	0.550	0.381	0.571	0.340	23.357	3570	4939
330	0.165	25.636	104.858	1.588	25.358	104.669	0.593	0.381	0.582	0.361	172.238	1203	4945
331	0.148	125.485	105.258	1.473	125.243	105.050	0.487	0.423	0.557	0.339	32.422	5930	4963
332	0.164	36.879	106.450	1.623	36.682	106.130	0.402	0.614	0.593	0.353	107.500	1739	5014
333	0.157	110.058	106.559	1.521	109.813	106.341	0.508	0.444	0.535	0.373	147.400	5192	5024
334	0.168	26.678	106.924	1.625	26.395	106.722	0.572	0.402	0.589	0.363	157.358	1248	5042
335	0.170	48.862	107.291	1.593	48.641	107.019	0.487	0.508	0.588	0.368	135.426	2300	5056
336	0.147	47.605	107.476	1.461	47.392	107.230	0.423	0.487	0.550	0.339	124.938	2243	5066
337	0.178	109.832	107.915	1.600	109.538	107.717	0.593	0.381	0.581	0.390	175.830	5185	5089
338	0.181	12.773	108.102	1.648	12.467	107.908	0.593	0.402	0.590	0.391	178.924	599	5098
339	0.147	63.882	108.418	1.450	63.627	108.246	0.529	0.339	0.537	0.349	176.363	3012	5114
340	0.167	112.369	108.956	1.575	112.099	108.754	0.550	0.402	0.554	0.384	172.800	5304	5138
341	0.092	127.834	109.032	1.094	127.656	108.860	0.339	0.339	0.364	0.322	42.445	6038	5143
342	0.165	48.881	109.790	1.558	48.578	109.601	0.593	0.360	0.595	0.353	175.939	2307	5178
343	0.154	30.709	110.327	1.521	30.459	110.109	0.529	0.423	0.566	0.346	151.928	1444	5202
344	0.171	33.453	110.417	1.618	33.253	110.130	0.402	0.593	0.615	0.353	110.216	1575	5203
345	0.159	43.202	110.739	1.580	42.947	110.490	0.529	0.466	0.597	0.339	138.498	2034	5220
346	0.050	73.096	111.014	0.939	72.898	110.934	0.402	0.148	0.417	0.153	178.221	3449	5241
347	0.177	60.985	111.256	1.623	60.685	111.040	0.593	0.423	0.600	0.375	23.631	2883	5246
348	0.173	56.632	111.380	1.600	56.324	111.188	0.593	0.381	0.599	0.368	167.575	2669	5253
349	0.187	125.638	111.494	1.745	125.286	111.316	0.677	0.360	0.665	0.359	174.613	5931	5259
350	0.132	39.545	111.629	1.418	39.264	111.464	0.529	0.360	0.556	0.302	155.662	1858	5266
351	0.183	24.365	111.998	1.665	24.109	111.718	0.487	0.550	0.612	0.381	55.419	1152	5278
352	0.180	33.578	112.444	1.630	33.295	112.226	0.550	0.444	0.572	0.400	148.738	1579	5302
353	0.156	72.032	113.205	1.528	71.818	112.945	0.402	0.529	0.545	0.365	72.661	3403	5336
354	0.192	121.032	113.853	1.707	120.840	113.538	0.402	0.656	0.634	0.386	92.434	5716	5364
355	0.138	125.053	113.860	1.413	124.799	113.686	0.529	0.339	0.532	0.329	163.569	5900	5371
356	0.164	85.961	114.204	1.575	85.662	114.025	0.614	0.360	0.594	0.351	7.415	4057	5387
357	0.173	28.371	114.385	1.583	28.088	114.194	0.572	0.381	0.599	0.369	15.915	1338	5395
358	0.192	76.379	114.516	1.635	76.136	114.258	0.466	0.550	0.532	0.460	100.258	3606	5398
359	0.159	72.283	114.921	1.545	72.051	114.702	0.487	0.466	0.566	0.357	45.483	3414	5419
360	0.170	97.787	114.973	1.575	97.515	114.766	0.550	0.402	0.556	0.390	163.732	4614	5422
361	0.144	87.178	115.071	1.443	86.910	114.893	0.529	0.360	0.521	0.351	7.090	4116	5428
362	0.179	50.944	115.236	1.685	50.652	115.041	0.635	0.381	0.629	0.362	174.613	2401	5435
363	0.156	19.266	115.348	1.521	18.986	115.147	0.529	0.423	0.558	0.356	153.153	903	5440
364	0.171	118.986	115.424	1.605	118.703	115.231	0.572	0.381	0.579	0.376	0.806	5617	5444
365	0.168	46.050	115.682	1.580	45.805	115.422	0.508	0.487	0.580	0.368	139.570	2169	5453
366	0.188	75.339	115.744	1.667	75.036	115.549	0.614	0.381	0.618	0.388	10.882	3555	5459
367	0.150	73.551	115.886	1.493	73.279	115.718	0.550	0.339	0.569	0.335	14.191	3473	5467
368	0.136	124.111	116.296	1.475	123.931	116.036	0.339	0.529	0.566	0.305	108.037	5859	5482
369	0.184	92.593	116.304	1.660	92.308	116.099	0.593	0.423	0.608	0.385	20.671	4371	5485
370	0.104	32.928	116.357	1.274	32.702	116.205	0.487	0.296	0.472	0.280	1.135	1553	5490
371	0.164	74.625	116.562	1.545	74.358	116.374	0.550	0.381	0.555	0.375	5.658	3521	5498
372	0.182	56.557	117.082	1.665	56.261	116.861	0.593	0.444	0.612	0.380	157.254	2664	5521
373	0.193	45.747	117.427	1.810	45.487	117.136	0.572	0.529	0.594	0.414	154.617	2151	5534
374	0.178	53.461	117.731	1.628	53.192	117.496	0.572	0.466	0.579	0.392	153.213	2520	5551
375	0.161	35.767	118.389	1.551	35.496	118.174	0.529	0.444	0.570	0.359	146.343	1683	5583
376	0.183	20.706	118.844	1.648	20.510	118.533	0.402	0.614	0.598	0.390	74.445	977	5600
377	0.157	73.311	119.396	1.598	73.025	119.211	0.614	0.381	0.575	0.347	174.401	3458	5632
378	0.159	78.072	119.524	1.540	77.788	119.359	0.593	0.339	0.597	0.339	173.137	3679	5639
379	0.174	51.695	120.015	1.672	51.414	119.803	0.593	0.423	0.609	0.364	159.905	2431	5660
380	0.155	76.571	120.678	1.491	76.285	120.481	0.550	0.381	0.534	0.370	1.580	3618	5692
381	0.165	109.285	122.233	1.580	109.051	121.941	0.444	0.550	0.600	0.350	57.601	5166	5761
382	0.157	80.239	123.150	1.510	79.968	122.957	0.550	0.360	0.542	0.368	3.650	3786	5809
383	0.179	52.610	123.641	1.672	52.282	123.465	0.635	0.381	0.619	0.369	171.540	2476	5833
384	0.170	106.358	124.090	1.635	106.087	123.867	0.550	0.444	0.606	0.357	33.946	5028	5852
385	0.179	89.316	124.091	1.600	89.027	123.889	0.572	0.402	0.587	0.388	11.361	4221	5853
386	0.044	12.230	124.305	0.848	12.107	124.142	0.233	0.296	0.311	0.182	58.993	582	5865
387	0.176	45.303	124.424	1.618	45.085	124.142	0.444	0.550	0.613	0.365	122.368	2134	5865
388	0.151	80.639	125.781	1.563	80.349	125.603	0.572	0.360	0.565	0.339	5.589	3808	5934
389	0.186	111.658	125.984	1.725	111.358	125.751	0.572	0.487	0.610	0.389	31.828	5275	5941
390	0.156	50.737	126.107	1.486	50.482	125.899	0.508	0.402	0.533	0.372	154.149	2389	5948
391	0.172	108.136	126.440	1.558	107.886	126.217	0.508	0.444	0.572	0.383	34.249	5108	5963
392	0.189	74.480	126.735	1.678	74.295	126.407	0.381	0.656	0.630	0.381	88.024	3516	5972
393	0.125	69.065	126.708	1.336	68.876	126.513	0.381	0.381	0.406	0.390	173.556	3263	5977
394	0.151	62.623	128.885	1.580	62.421	128.609	0.402	0.550	0.561	0.343	65.581	2960	6076
395	0.171	102.008	129.171	1.600	101.812	128.884	0.402	0.572	0.597	0.364	73.612	4818	6089
396	0.166	67.866	131.002	1.653	67.691	130.704	0.360	0.593	0.592	0.357	103.421	3202	6175
397	0.173	43.572	131.167	1.558	43.370	130.895	0.402	0.550	0.550	0.400	75.511	2059	6184
398	0.169	35.267	131.699	1.583	35.052	131.424	0.402	0.550	0.568	0.379	78.887	1665	6209
399	0.142	105.373	131.751	1.406	105.177	131.487	0.381	0.508	0.502	0.360	106.269	4976	6212
400	0.157	103.578	131.792	1.558	103.399	131.508	0.360	0.593	0.590	0.338	99.946	4890	6213
401	0.155	73.633	131.821	1.533	73.448	131.551	0.381	0.550	0.547	0.359	85.463	3477	6215
402	0.179	38.529	131.956	1.618	38.333	131.657	0.402	0.593	0.595	0.384	78.729	1818	6220
403	0.156	40.411	132.016	1.635	40.217	131.741	0.381	0.572	0.570	0.348	73.886	1910	6224
404	0.153	114.712	132.859	1.521	114.512	132.588	0.423	0.529	0.578	0.338	123.423	5412	6264
