 	Area	X	Y	Perim.	BX	BY	Width	Height	Major	Minor	Angle	XStart	YStart
1	0.120	77.113	12.547	1.299	76.920	12.319	0.360	0.444	0.429	0.355	102.614	3642	582
2	0.124	69.838	15.997	1.364	69.617	15.790	0.444	0.423	0.464	0.340	40.075	3305	746
3	0.124	75.793	16.212	1.341	75.565	16.002	0.423	0.402	0.488	0.324	41.173	3582	756
4	0.121	99.670	16.576	1.323	99.462	16.404	0.423	0.360	0.448	0.344	164.069	4702	775
5	0.115	89.557	17.956	1.286	89.366	17.738	0.360	0.444	0.463	0.317	64.705	4230	838
6	0.133	109.167	18.156	1.401	108.987	17.907	0.360	0.508	0.508	0.333	73.238	5158	846
7	0.108	69.040	18.445	1.281	68.898	18.203	0.318	0.444	0.442	0.310	91.902	3261	860
8	0.122	89.919	18.618	1.316	89.747	18.373	0.339	0.487	0.504	0.309	68.545	4249	868
9	0.117	95.450	18.747	1.291	95.250	18.521	0.381	0.444	0.464	0.321	58.745	4509	875
10	0.095	69.322	19.379	1.159	69.130	19.198	0.381	0.360	0.415	0.292	34.517	3276	907
11	0.138	92.226	20.026	1.438	92.012	19.791	0.402	0.466	0.523	0.336	62.833	4356	935
12	0.106	56.486	20.598	1.251	56.324	20.384	0.318	0.444	0.474	0.285	63.987	2669	963
13	0.111	69.052	21.977	1.276	68.898	21.780	0.339	0.423	0.441	0.321	63.864	3259	1029
14	0.112	75.364	22.465	1.286	75.163	22.267	0.402	0.402	0.455	0.315	49.705	3560	1052
15	0.114	69.523	22.916	1.294	69.363	22.691	0.318	0.466	0.473	0.306	76.807	3283	1072
16	0.095	97.889	23.396	1.154	97.726	23.199	0.318	0.402	0.405	0.300	65.936	4624	1096
17	0.138	65.275	25.355	1.403	65.109	25.104	0.339	0.487	0.491	0.356	86.191	3084	1186
18	0.137	117.659	25.339	1.508	117.390	25.125	0.487	0.444	0.512	0.341	132.407	5552	1187
19	0.098	97.241	26.198	1.196	97.070	25.993	0.339	0.402	0.412	0.303	56.559	4596	1228
20	0.106	68.022	27.079	1.221	67.860	26.861	0.318	0.423	0.426	0.317	88.159	3212	1269
21	0.098	55.349	27.380	1.154	55.182	27.178	0.318	0.402	0.409	0.304	71.448	2614	1284
22	0.116	94.614	27.835	1.424	94.361	27.644	0.466	0.402	0.473	0.313	33.943	4470	1306
23	0.111	97.753	28.837	1.234	97.578	28.638	0.360	0.381	0.430	0.329	125.413	4614	1353
24	0.114	61.556	28.932	1.299	61.383	28.702	0.339	0.466	0.464	0.314	73.850	2909	1356
25	0.128	43.733	29.302	1.341	43.519	29.104	0.423	0.402	0.471	0.347	33.897	2070	1375
26	0.114	51.264	29.528	1.286	51.096	29.295	0.318	0.466	0.457	0.317	95.043	2421	1384
27	0.136	61.531	29.883	1.473	61.362	29.612	0.360	0.550	0.559	0.310	69.610	2908	1399
28	0.110	46.400	30.309	1.269	46.228	30.099	0.339	0.444	0.450	0.310	68.062	2191	1422
29	0.147	59.492	30.539	1.456	59.309	30.268	0.360	0.529	0.535	0.350	75.809	2811	1430
30	0.109	67.056	30.968	1.239	66.887	30.776	0.360	0.402	0.450	0.309	56.437	3167	1454
31	0.137	96.838	31.246	1.424	96.605	31.009	0.444	0.466	0.531	0.329	49.640	4577	1465
32	0.101	74.940	31.806	1.167	74.782	31.602	0.318	0.402	0.408	0.316	94.146	3538	1493
33	0.121	107.271	32.148	1.299	107.082	31.940	0.381	0.423	0.478	0.321	55.369	5068	1509
34	0.110	81.594	32.923	1.239	81.428	32.702	0.318	0.444	0.447	0.314	77.715	3854	1545
35	0.099	112.197	33.465	1.221	112.014	33.274	0.360	0.381	0.438	0.287	48.708	5304	1572
36	0.122	124.031	33.505	1.369	123.825	33.295	0.423	0.402	0.425	0.365	149.800	5858	1573
37	0.085	37.125	33.981	1.064	36.936	33.846	0.381	0.275	0.390	0.277	11.004	1751	1599
38	0.133	103.650	34.603	1.421	103.399	34.417	0.487	0.360	0.536	0.316	24.608	4899	1626
39	0.110	41.508	34.840	1.244	41.338	34.608	0.339	0.444	0.431	0.326	78.275	1962	1635
40	0.101	77.814	35.274	1.154	77.618	35.116	0.402	0.318	0.393	0.326	176.752	3672	1659
41	0.118	100.943	35.479	1.316	100.690	35.327	0.487	0.339	0.467	0.321	2.571	4767	1669
42	0.149	116.353	36.431	1.448	116.142	36.195	0.423	0.487	0.499	0.380	123.966	5496	1710
43	0.129	81.195	37.350	1.406	81.005	37.126	0.402	0.466	0.457	0.361	82.600	3833	1754
44	0.114	74.539	37.597	1.256	74.316	37.423	0.444	0.339	0.439	0.330	169.781	3517	1768
45	0.123	45.367	38.031	1.341	45.170	37.804	0.381	0.444	0.502	0.313	55.914	2144	1786
46	0.126	74.079	38.166	1.394	73.872	37.952	0.423	0.466	0.525	0.306	46.215	3502	1793
47	0.098	99.609	38.277	1.212	99.420	38.100	0.423	0.381	0.379	0.329	25.964	4705	1800
48	0.132	66.503	38.848	1.531	66.252	38.672	0.508	0.423	0.500	0.336	157.763	3134	1827
49	0.106	59.443	39.033	1.226	59.224	38.862	0.423	0.339	0.440	0.307	26.634	2808	1836
50	0.101	86.102	39.244	1.209	85.916	39.052	0.360	0.381	0.426	0.302	55.490	4067	1845
51	0.095	30.502	39.949	1.124	30.332	39.772	0.339	0.360	0.386	0.312	127.151	1437	1879
52	0.132	49.840	40.540	1.418	49.657	40.280	0.381	0.508	0.549	0.306	118.017	2349	1903
53	0.107	33.391	40.784	1.214	33.189	40.598	0.402	0.360	0.415	0.328	151.738	1574	1918
54	0.136	120.667	40.789	1.406	120.417	40.598	0.487	0.381	0.481	0.361	10.641	5700	1918
55	0.117	51.485	40.870	1.291	51.308	40.640	0.381	0.444	0.478	0.311	124.997	2429	1920
56	0.123	98.890	41.415	1.353	98.637	41.254	0.487	0.318	0.489	0.319	177.391	4669	1949
57	0.144	92.163	41.518	1.478	91.906	41.317	0.529	0.402	0.537	0.342	159.136	4348	1952
58	0.139	77.922	41.588	1.448	77.724	41.338	0.381	0.508	0.530	0.335	113.457	3677	1953
59	0.102	29.591	41.574	1.172	29.400	41.402	0.402	0.339	0.421	0.307	148.235	1392	1956
60	0.103	82.047	41.710	1.202	81.852	41.529	0.381	0.381	0.430	0.304	138.224	3870	1962
61	0.114	106.974	41.825	1.341	106.765	41.656	0.444	0.339	0.462	0.313	163.264	5045	1968
62	0.104	67.650	42.362	1.304	67.479	42.122	0.339	0.466	0.487	0.273	65.148	3198	1990
63	0.099	26.065	42.575	1.329	25.802	42.418	0.466	0.318	0.399	0.316	173.334	1229	2004
64	0.130	63.286	42.781	1.381	63.056	42.566	0.466	0.423	0.506	0.327	137.368	2986	2011
65	0.108	89.887	43.167	1.196	89.726	42.947	0.318	0.423	0.426	0.322	98.357	4245	2029
66	0.103	62.374	43.245	1.202	62.188	43.053	0.381	0.381	0.413	0.317	141.324	2944	2034
67	0.134	88.267	43.473	1.369	88.032	43.244	0.444	0.444	0.494	0.344	44.820	4171	2043
68	0.126	113.096	43.597	1.359	112.840	43.413	0.487	0.360	0.493	0.326	167.151	5341	2051
69	0.121	97.578	44.500	1.406	97.367	44.260	0.402	0.444	0.488	0.316	47.789	4616	2091
70	0.129	30.799	44.792	1.503	30.544	44.619	0.508	0.402	0.502	0.329	1.999	1451	2108
71	0.133	55.793	44.850	1.366	55.584	44.640	0.402	0.423	0.471	0.359	53.602	2635	2109
72	0.113	109.808	44.865	1.264	109.580	44.704	0.444	0.318	0.453	0.319	166.767	5183	2112
73	0.086	22.910	46.010	1.069	22.733	45.847	0.360	0.318	0.367	0.298	154.538	1079	2166
74	0.112	55.050	46.087	1.264	54.885	45.868	0.318	0.444	0.462	0.310	100.509	2597	2167
75	0.105	88.974	46.528	1.239	88.752	46.376	0.444	0.296	0.457	0.292	174.159	4198	2191
76	0.127	68.938	46.636	1.321	68.749	46.397	0.381	0.466	0.451	0.358	74.552	3257	2192
77	0.094	65.463	46.678	1.149	65.299	46.482	0.318	0.381	0.389	0.308	63.171	3093	2196
78	0.133	67.688	47.644	1.383	67.522	47.392	0.339	0.508	0.523	0.323	75.555	3196	2239
79	0.125	42.930	47.637	1.341	42.693	47.477	0.487	0.339	0.485	0.328	9.814	2025	2243
80	0.125	44.547	47.761	1.316	44.323	47.583	0.466	0.360	0.462	0.344	9.861	2102	2248
81	0.093	99.015	47.759	1.202	98.827	47.583	0.381	0.339	0.389	0.305	149.449	4674	2248
82	0.112	87.829	47.898	1.239	87.651	47.688	0.360	0.402	0.439	0.325	124.137	4146	2253
83	0.119	101.154	48.185	1.281	100.986	47.964	0.339	0.444	0.464	0.326	107.836	4774	2266
84	0.121	47.796	48.308	1.304	47.562	48.133	0.466	0.360	0.467	0.328	156.741	2252	2274
85	0.113	76.599	49.475	1.244	76.390	49.297	0.423	0.360	0.438	0.328	148.896	3614	2329
86	0.134	67.887	50.872	1.461	67.712	50.610	0.339	0.572	0.536	0.318	98.593	3205	2391
87	0.105	67.213	50.875	1.269	67.056	50.652	0.318	0.444	0.440	0.305	88.653	3174	2393
88	0.090	41.094	51.100	1.119	40.894	50.948	0.381	0.296	0.406	0.281	26.622	1940	2407
89	0.126	16.616	51.174	1.383	16.362	51.012	0.508	0.318	0.516	0.311	10.347	785	2410
90	0.124	115.190	51.517	1.456	114.872	51.350	0.572	0.318	0.553	0.285	13.287	5444	2426
91	0.162	66.417	52.000	1.553	66.230	51.710	0.360	0.572	0.581	0.355	84.657	3136	2443
92	0.111	76.708	52.178	1.256	76.496	52.006	0.423	0.360	0.458	0.308	30.481	3623	2457
93	0.124	71.918	52.497	1.413	71.755	52.197	0.318	0.550	0.504	0.312	88.443	3398	2466
94	0.118	85.136	52.462	1.264	84.963	52.260	0.339	0.423	0.444	0.338	105.408	4017	2469
95	0.124	46.919	53.105	1.418	46.672	52.938	0.529	0.339	0.490	0.323	174.660	2212	2501
96	0.118	85.813	53.228	1.299	85.640	53.001	0.339	0.466	0.465	0.323	71.953	4053	2504
97	0.116	19.347	53.225	1.276	19.114	53.086	0.466	0.296	0.478	0.310	1.935	907	2508
98	0.101	70.972	53.772	1.179	70.824	53.552	0.296	0.423	0.421	0.305	81.453	3352	2530
99	0.099	24.744	53.913	1.167	24.532	53.763	0.402	0.318	0.399	0.317	175.018	1165	2540
100	0.134	74.687	54.003	1.401	74.422	53.827	0.508	0.360	0.536	0.319	157.851	3522	2543
101	0.114	117.194	54.030	1.323	116.925	53.890	0.508	0.296	0.493	0.294	3.929	5534	2546
102	0.098	49.113	54.147	1.159	48.937	53.933	0.339	0.402	0.425	0.293	57.923	2321	2548
103	0.109	103.865	54.460	1.226	103.674	54.271	0.381	0.381	0.421	0.330	49.695	4905	2564
104	0.112	18.859	54.628	1.269	18.627	54.462	0.444	0.339	0.450	0.318	16.167	893	2573
105	0.116	25.508	54.676	1.256	25.273	54.504	0.444	0.339	0.445	0.331	4.038	1203	2575
106	0.097	34.875	54.674	1.191	34.671	54.504	0.381	0.339	0.413	0.299	34.659	1647	2575
107	0.112	69.900	54.907	1.391	69.702	54.674	0.360	0.466	0.506	0.283	65.173	3303	2583
108	0.119	58.790	55.311	1.311	58.568	55.139	0.444	0.360	0.480	0.316	25.329	2778	2605
109	0.132	100.339	55.452	1.371	100.097	55.266	0.487	0.360	0.513	0.328	19.967	4743	2611
110	0.109	101.327	55.774	1.269	101.113	55.584	0.423	0.360	0.443	0.313	30.229	4791	2626
111	0.109	18.957	56.023	1.226	18.754	55.838	0.402	0.360	0.446	0.311	34.266	897	2638
112	0.115	45.426	56.701	1.269	45.191	56.536	0.466	0.318	0.459	0.319	179.176	2145	2671
113	0.129	47.418	56.872	1.353	47.180	56.706	0.487	0.339	0.505	0.324	168.518	2234	2679
114	0.121	97.912	57.218	1.329	97.663	57.044	0.487	0.339	0.493	0.312	23.715	4625	2695
115	0.121	68.905	57.503	1.341	68.749	57.256	0.318	0.508	0.493	0.312	83.552	3254	2705
116	0.113	41.650	57.737	1.269	41.423	57.573	0.444	0.339	0.458	0.315	163.689	1962	2720
117	0.117	72.856	58.430	1.376	72.708	58.187	0.318	0.508	0.487	0.305	81.510	3442	2749
118	0.122	119.420	58.395	1.334	119.211	58.208	0.444	0.402	0.473	0.330	32.919	5641	2750
119	0.121	16.445	58.690	1.394	16.214	58.484	0.423	0.402	0.433	0.354	30.105	778	2763
120	0.100	74.532	58.936	1.264	74.401	58.674	0.254	0.508	0.502	0.254	88.409	3521	2772
121	0.102	75.787	59.071	1.184	75.628	58.864	0.339	0.402	0.437	0.296	121.064	3575	2781
122	0.117	105.434	59.309	1.281	105.220	59.118	0.402	0.381	0.428	0.348	40.832	4980	2793
123	0.122	96.935	59.462	1.321	96.710	59.246	0.423	0.423	0.482	0.323	45.218	4581	2799
124	0.121	120.418	60.517	1.311	120.206	60.304	0.402	0.402	0.466	0.330	43.811	5693	2849
125	0.092	24.217	60.480	1.137	24.024	60.325	0.381	0.318	0.383	0.307	171.220	1142	2850
126	0.122	62.866	60.680	1.286	62.674	60.473	0.381	0.423	0.463	0.337	126.902	2965	2857
127	0.106	64.102	60.730	1.226	63.881	60.558	0.423	0.339	0.428	0.316	18.441	3030	2861
128	0.108	110.168	62.279	1.261	109.961	62.103	0.444	0.360	0.454	0.304	26.368	5205	2934
129	0.124	71.324	62.627	1.371	71.141	62.378	0.339	0.487	0.490	0.322	91.310	3368	2947
130	0.156	58.035	62.632	1.473	57.764	62.442	0.529	0.381	0.535	0.371	166.324	2735	2950
131	0.110	106.921	62.730	1.249	106.744	62.526	0.381	0.423	0.448	0.312	53.418	5052	2954
132	0.125	29.293	62.728	1.329	29.062	62.548	0.466	0.360	0.473	0.337	16.888	1384	2955
133	0.156	115.960	63.093	1.533	115.718	62.844	0.487	0.444	0.483	0.411	176.036	5474	2969
134	0.109	54.600	63.102	1.244	54.377	62.928	0.466	0.318	0.448	0.310	7.645	2579	2973
135	0.108	66.404	63.238	1.221	66.252	63.013	0.318	0.423	0.425	0.322	97.995	3135	2977
136	0.111	62.180	63.444	1.244	62.018	63.225	0.318	0.466	0.452	0.313	102.102	2934	2987
137	0.104	72.664	63.511	1.239	72.517	63.267	0.296	0.466	0.452	0.294	78.190	3432	2989
138	0.103	33.083	63.487	1.209	32.914	63.288	0.339	0.402	0.415	0.318	78.888	1561	2990
139	0.095	87.458	63.645	1.244	87.312	63.436	0.318	0.444	0.422	0.286	63.271	4133	2997
140	0.107	62.025	63.884	1.376	61.870	63.648	0.296	0.508	0.481	0.284	104.532	2927	3007
141	0.112	47.238	63.854	1.286	47.032	63.669	0.444	0.360	0.452	0.315	28.572	2234	3008
142	0.111	84.760	64.038	1.261	84.540	63.839	0.423	0.381	0.469	0.302	139.107	4000	3016
143	0.121	47.421	64.255	1.316	47.180	64.093	0.487	0.339	0.482	0.320	7.396	2238	3028
144	0.079	60.816	64.291	1.010	60.664	64.135	0.318	0.318	0.320	0.315	95.248	2871	3030
145	0.123	59.524	64.427	1.413	59.267	64.220	0.508	0.360	0.505	0.311	10.230	2814	3034
146	0.096	27.074	64.751	1.129	26.882	64.580	0.381	0.339	0.393	0.312	24.910	1279	3051
147	0.125	45.329	64.845	1.311	45.106	64.664	0.444	0.360	0.481	0.329	28.568	2141	3055
148	0.117	109.755	64.884	1.299	109.516	64.728	0.466	0.339	0.476	0.314	16.255	5183	3058
149	0.114	43.399	64.999	1.269	43.201	64.812	0.402	0.381	0.459	0.317	43.778	2050	3062
150	0.103	65.243	65.131	1.209	65.088	64.918	0.318	0.423	0.444	0.294	69.690	3082	3067
151	0.115	78.306	65.237	1.311	78.105	65.045	0.423	0.381	0.485	0.301	39.054	3701	3073
152	0.110	54.228	65.410	1.281	54.038	65.236	0.381	0.402	0.430	0.325	39.451	2560	3082
153	0.103	40.514	65.567	1.196	40.322	65.384	0.381	0.360	0.435	0.301	39.674	1915	3089
154	0.121	32.792	65.641	1.311	32.576	65.468	0.444	0.360	0.471	0.327	21.917	1547	3093
155	0.122	58.197	65.685	1.371	57.954	65.532	0.529	0.318	0.490	0.316	175.399	2742	3096
156	0.115	31.605	65.864	1.299	31.369	65.680	0.444	0.339	0.453	0.323	17.383	1494	3103
157	0.138	40.872	66.015	1.401	40.640	65.828	0.487	0.381	0.502	0.349	24.824	1930	3110
158	0.120	65.007	66.394	1.336	64.855	66.146	0.318	0.487	0.501	0.305	99.027	3068	3125
159	0.049	64.219	66.818	0.835	64.093	66.675	0.254	0.275	0.317	0.196	51.086	3033	3150
160	0.122	34.544	67.338	1.341	34.311	67.162	0.466	0.360	0.480	0.325	19.144	1633	3173
161	0.095	78.280	67.640	1.172	78.084	67.479	0.402	0.318	0.392	0.307	9.253	3696	3188
162	0.108	107.015	68.010	1.371	106.786	67.797	0.466	0.360	0.457	0.301	175.995	5052	3203
163	0.097	64.849	68.295	1.167	64.685	68.093	0.339	0.381	0.409	0.303	120.948	3059	3217
164	0.125	78.675	68.798	1.316	78.444	68.622	0.466	0.360	0.492	0.325	155.472	3709	3242
165	0.119	76.236	68.973	1.299	76.010	68.792	0.444	0.360	0.451	0.336	161.972	3599	3250
166	0.125	82.393	69.023	1.329	82.148	68.855	0.487	0.339	0.478	0.332	8.984	3891	3253
167	0.119	31.340	69.179	1.316	31.136	68.961	0.402	0.423	0.479	0.315	45.921	1483	3258
168	0.118	97.269	69.178	1.281	97.049	69.003	0.444	0.339	0.459	0.327	163.327	4591	3260
169	0.117	108.055	69.189	1.286	107.823	69.024	0.487	0.318	0.472	0.317	2.245	5102	3261
170	0.131	21.360	69.309	1.371	21.103	69.130	0.487	0.360	0.491	0.340	13.165	1010	3266
171	0.137	47.478	69.431	1.461	47.286	69.152	0.381	0.529	0.541	0.322	61.982	2246	3267
172	0.116	18.440	69.386	1.256	18.224	69.215	0.444	0.339	0.437	0.339	171.030	866	3270
173	0.079	75.809	69.462	1.099	75.650	69.300	0.318	0.318	0.337	0.298	148.862	3579	3274
174	0.142	25.587	69.919	1.508	25.358	69.681	0.466	0.466	0.500	0.362	33.928	1208	3292
175	0.128	73.571	69.887	1.396	73.300	69.723	0.529	0.318	0.537	0.304	15.543	3475	3294
176	0.094	74.390	70.158	1.209	74.232	69.935	0.360	0.381	0.371	0.322	135.180	3511	3304
177	0.095	100.174	70.096	1.154	99.991	69.935	0.381	0.339	0.396	0.307	153.006	4727	3304
178	0.106	24.029	70.132	1.226	23.812	69.977	0.444	0.318	0.437	0.308	19.461	1132	3306
179	0.103	50.979	70.498	1.232	50.800	70.252	0.339	0.444	0.427	0.306	72.911	2409	3319
180	0.122	57.779	70.518	1.334	57.573	70.294	0.402	0.444	0.513	0.303	128.377	2724	3321
181	0.134	65.560	70.940	1.383	65.363	70.718	0.402	0.444	0.501	0.341	54.914	3098	3341
182	0.112	109.875	70.888	1.251	109.664	70.718	0.423	0.339	0.437	0.327	165.273	5187	3341
183	0.156	28.729	70.962	1.588	28.469	70.760	0.508	0.423	0.515	0.387	24.313	1356	3343
184	0.113	112.446	71.084	1.274	112.247	70.887	0.423	0.381	0.439	0.328	148.907	5306	3349
185	0.125	39.637	71.698	1.341	39.455	71.459	0.360	0.466	0.475	0.334	68.786	1873	3376
186	0.138	30.409	72.023	1.394	30.205	71.797	0.423	0.466	0.500	0.350	51.140	1437	3392
187	0.108	24.289	72.081	1.226	24.088	71.924	0.423	0.339	0.424	0.323	13.000	1146	3398
188	0.131	60.373	72.346	1.376	60.156	72.136	0.466	0.402	0.465	0.360	163.624	2848	3408
189	0.137	45.142	72.648	1.421	44.958	72.411	0.360	0.487	0.521	0.334	70.294	2132	3421
190	0.107	15.927	72.989	1.226	15.727	72.813	0.402	0.360	0.423	0.322	24.352	754	3440
191	0.105	82.431	73.052	1.234	82.275	72.834	0.296	0.444	0.454	0.294	99.160	3891	3441
192	0.128	107.096	73.100	1.329	106.870	72.919	0.466	0.360	0.471	0.347	164.256	5054	3445
193	0.131	99.350	73.456	1.353	99.187	73.194	0.339	0.487	0.480	0.348	90.768	4692	3458
194	0.111	50.165	73.517	1.264	50.017	73.279	0.296	0.466	0.473	0.299	85.204	2368	3462
195	0.141	51.062	74.327	1.443	50.821	74.126	0.487	0.402	0.524	0.343	27.023	2415	3502
196	0.124	122.714	75.908	1.348	122.470	75.756	0.487	0.318	0.479	0.329	173.549	5790	3579
197	0.129	61.951	76.176	1.366	61.786	75.925	0.318	0.508	0.502	0.326	93.382	2925	3587
198	0.111	87.657	76.378	1.256	87.482	76.158	0.339	0.444	0.458	0.308	109.191	4137	3598
199	0.109	60.397	76.529	1.239	60.240	76.306	0.318	0.444	0.449	0.308	72.045	2855	3605
200	0.128	33.594	76.569	1.366	33.422	76.327	0.339	0.487	0.507	0.320	75.774	1586	3606
201	0.106	98.858	76.662	1.209	98.679	76.475	0.360	0.381	0.439	0.307	49.846	4670	3613
202	0.096	83.849	77.171	1.184	83.693	76.962	0.318	0.423	0.416	0.293	80.696	3960	3636
203	0.090	79.989	77.264	1.107	79.820	77.110	0.360	0.318	0.386	0.297	28.569	3777	3643
204	0.119	96.478	77.372	1.329	96.266	77.174	0.444	0.381	0.461	0.329	154.419	4552	3646
205	0.099	39.678	77.484	1.167	39.497	77.322	0.381	0.339	0.410	0.309	36.388	1872	3653
206	0.139	37.834	77.634	1.431	37.656	77.364	0.360	0.529	0.525	0.337	73.313	1788	3655
207	0.134	100.313	78.267	1.436	100.034	78.084	0.529	0.381	0.545	0.314	157.187	4733	3689
208	0.123	86.600	78.388	1.323	86.381	78.211	0.466	0.339	0.488	0.320	161.078	4084	3695
209	0.136	63.775	78.691	1.383	63.542	78.486	0.423	0.423	0.491	0.354	134.055	3008	3708
210	0.114	44.269	78.775	1.269	44.111	78.528	0.318	0.466	0.463	0.314	79.877	2090	3710
211	0.108	82.365	78.897	1.256	82.148	78.719	0.444	0.339	0.459	0.298	154.476	3888	3719
212	0.120	70.032	78.918	1.311	69.808	78.740	0.466	0.339	0.472	0.323	19.552	3307	3720
213	0.103	33.180	78.994	1.184	32.978	78.825	0.402	0.339	0.408	0.323	27.363	1565	3724
214	0.121	39.748	79.048	1.371	39.539	78.825	0.402	0.444	0.512	0.301	54.344	1879	3724
215	0.110	59.398	79.642	1.269	59.161	79.502	0.487	0.296	0.482	0.291	179.410	2800	3756
216	0.098	81.028	79.968	1.269	80.857	79.777	0.360	0.360	0.423	0.294	134.085	3823	3769
217	0.109	98.917	80.183	1.221	98.700	80.031	0.444	0.296	0.454	0.306	175.469	4667	3781
218	0.104	113.939	80.203	1.244	113.728	80.031	0.423	0.339	0.412	0.322	166.917	5380	3781
219	0.116	120.015	80.657	1.269	119.782	80.497	0.466	0.318	0.463	0.318	171.166	5665	3803
220	0.128	76.657	80.878	1.336	76.496	80.645	0.339	0.466	0.482	0.337	93.731	3618	3810
221	0.105	107.810	80.812	1.179	107.611	80.645	0.381	0.339	0.399	0.335	164.052	5090	3810
222	0.109	26.672	81.468	1.232	26.480	81.259	0.381	0.402	0.421	0.329	52.935	1261	3839
223	0.135	66.536	81.498	1.401	66.336	81.259	0.402	0.466	0.515	0.333	129.622	3138	3839
224	0.117	28.410	81.468	1.316	28.194	81.280	0.444	0.381	0.473	0.316	35.324	1343	3840
225	0.124	29.416	81.578	1.388	29.231	81.301	0.360	0.508	0.498	0.316	65.691	1391	3841
226	0.110	76.551	81.649	1.261	76.369	81.428	0.360	0.444	0.456	0.308	60.096	3618	3847
227	0.095	100.591	81.839	1.167	100.372	81.703	0.444	0.275	0.435	0.278	0.470	4748	3860
228	0.108	87.358	81.984	1.256	87.207	81.746	0.296	0.487	0.461	0.299	93.224	4125	3862
229	0.109	31.855	82.024	1.306	31.644	81.873	0.423	0.318	0.436	0.318	173.818	1497	3868
230	0.100	23.634	82.750	1.196	23.410	82.592	0.423	0.318	0.430	0.297	18.606	1115	3902
231	0.105	75.482	82.847	1.264	75.332	82.614	0.296	0.466	0.487	0.274	109.992	3561	3903
232	0.100	84.168	82.846	1.172	83.989	82.656	0.360	0.381	0.413	0.308	52.994	3975	3905
233	0.105	76.181	82.947	1.226	76.010	82.740	0.339	0.423	0.456	0.293	119.027	3594	3909
234	0.103	104.692	83.119	1.202	104.500	82.931	0.402	0.360	0.427	0.309	150.867	4942	3918
235	0.136	85.336	83.416	1.406	85.154	83.164	0.381	0.508	0.508	0.342	67.160	4032	3929
236	0.140	124.624	83.562	1.443	124.354	83.376	0.508	0.381	0.511	0.349	21.543	5888	3939
237	0.120	110.794	83.814	1.299	110.554	83.651	0.487	0.318	0.480	0.317	6.404	5232	3952
238	0.121	86.148	83.952	1.406	85.937	83.756	0.423	0.444	0.432	0.356	142.717	4065	3957
239	0.116	78.494	84.205	1.323	78.338	83.968	0.318	0.487	0.494	0.299	97.685	3706	3967
240	0.112	50.664	84.542	1.274	50.461	84.328	0.381	0.423	0.454	0.316	49.564	2396	3984
241	0.128	93.895	84.583	1.334	93.684	84.392	0.444	0.402	0.454	0.358	153.505	4429	3987
242	0.141	34.660	84.764	1.461	34.417	84.540	0.487	0.423	0.479	0.374	26.943	1640	3994
243	0.112	91.274	85.030	1.269	91.101	84.815	0.339	0.444	0.447	0.318	71.671	4314	4007
244	0.125	34.190	85.279	1.453	33.973	85.090	0.444	0.444	0.448	0.355	35.761	1615	4020
245	0.116	82.430	85.406	1.346	82.232	85.217	0.402	0.423	0.479	0.309	50.687	3893	4026
246	0.099	84.804	85.508	1.199	84.646	85.323	0.318	0.360	0.383	0.328	78.640	4005	4031
247	0.116	16.723	85.634	1.294	16.510	85.471	0.423	0.339	0.438	0.338	4.684	785	4038
248	0.154	87.004	86.801	1.648	86.783	86.550	0.423	0.529	0.570	0.343	118.614	4105	4089
249	0.130	92.451	87.139	1.371	92.244	86.910	0.402	0.444	0.505	0.328	50.096	4369	4106
250	0.117	100.177	87.267	1.306	99.949	87.101	0.444	0.339	0.473	0.316	174.046	4731	4115
251	0.112	95.664	87.372	1.256	95.504	87.143	0.318	0.466	0.451	0.316	83.438	4519	4117
252	0.119	41.688	87.727	1.348	41.529	87.482	0.318	0.466	0.467	0.324	101.711	1964	4133
253	0.047	94.751	88.004	0.865	94.615	87.863	0.275	0.275	0.334	0.177	137.050	4472	4151
254	0.104	83.003	88.210	1.288	82.868	87.948	0.254	0.508	0.505	0.262	89.870	3921	4155
255	0.132	78.048	88.306	1.359	77.851	88.074	0.402	0.444	0.500	0.336	127.935	3683	4161
256	0.115	103.057	88.284	1.269	102.849	88.096	0.402	0.381	0.468	0.312	140.885	4864	4162
257	0.119	74.672	88.454	1.306	74.507	88.223	0.318	0.466	0.473	0.319	93.551	3525	4168
258	0.080	51.377	88.490	1.040	51.202	88.350	0.360	0.296	0.360	0.284	20.835	2425	4174
259	0.086	50.014	88.635	1.124	49.826	88.456	0.360	0.339	0.388	0.282	37.146	2366	4179
260	0.109	78.601	89.132	1.346	78.422	88.921	0.339	0.466	0.437	0.317	76.046	3714	4201
261	0.083	59.290	89.274	1.069	59.118	89.112	0.339	0.339	0.345	0.307	48.193	2799	4210
262	0.127	76.464	89.397	1.401	76.264	89.196	0.402	0.444	0.449	0.361	51.911	3611	4214
263	0.111	109.099	89.399	1.256	108.881	89.218	0.423	0.360	0.427	0.331	155.324	5150	4215
264	0.070	64.042	89.455	0.992	63.902	89.281	0.275	0.339	0.349	0.257	113.440	3024	4218
265	0.147	20.299	89.728	1.468	20.045	89.535	0.508	0.381	0.558	0.334	25.560	960	4230
266	0.113	92.794	89.836	1.269	92.625	89.620	0.339	0.444	0.441	0.327	85.119	4382	4234
267	0.117	22.325	89.996	1.294	22.119	89.810	0.402	0.381	0.444	0.335	39.283	1055	4243
268	0.107	119.727	90.053	1.256	119.507	89.895	0.444	0.339	0.437	0.311	168.908	5653	4247
269	0.095	64.060	90.200	1.167	63.881	90.022	0.360	0.360	0.441	0.274	134.394	3020	4253
270	0.101	70.135	90.221	1.209	69.914	90.064	0.423	0.318	0.427	0.302	14.624	3311	4255
271	0.089	79.565	90.544	1.137	79.417	90.339	0.296	0.402	0.415	0.273	70.879	3758	4268
272	0.112	86.071	90.848	1.239	85.916	90.614	0.318	0.444	0.449	0.318	80.251	4065	4281
273	0.160	64.541	90.878	1.486	64.304	90.657	0.466	0.444	0.476	0.429	14.966	3046	4283
274	0.131	92.398	90.987	1.359	92.202	90.763	0.402	0.444	0.489	0.341	54.885	4365	4288
275	0.120	52.215	91.060	1.388	51.985	90.868	0.466	0.381	0.509	0.299	154.821	2460	4293
276	0.080	63.373	91.013	1.047	63.204	90.868	0.339	0.296	0.348	0.292	32.740	2992	4293
277	0.047	65.965	91.106	0.810	65.850	90.953	0.212	0.318	0.298	0.203	96.355	3115	4297
278	0.094	97.785	91.310	1.137	97.621	91.122	0.318	0.381	0.390	0.307	93.695	4617	4305
279	0.120	99.819	91.414	1.329	99.653	91.165	0.339	0.487	0.497	0.307	113.044	4711	4307
280	0.121	98.166	91.583	1.323	98.002	91.334	0.318	0.487	0.475	0.324	85.238	4641	4315
281	0.100	43.170	92.429	1.196	42.947	92.266	0.423	0.318	0.427	0.298	164.845	2037	4359
282	0.133	37.394	92.707	1.441	37.169	92.456	0.444	0.466	0.509	0.333	138.804	1761	4368
283	0.132	94.660	92.877	1.515	94.488	92.583	0.339	0.550	0.512	0.328	82.612	4476	4374
284	0.131	41.546	93.101	1.508	41.338	92.858	0.444	0.466	0.500	0.334	128.219	1961	4387
285	0.136	37.708	93.764	1.406	37.507	93.536	0.423	0.466	0.446	0.387	114.467	1778	4419
286	0.126	23.036	94.060	1.359	22.818	93.853	0.423	0.423	0.488	0.328	42.541	1090	4434
287	0.105	74.257	95.096	1.209	74.041	94.932	0.423	0.318	0.440	0.304	22.881	3506	4485
288	0.104	109.400	95.386	1.221	109.241	95.165	0.318	0.423	0.437	0.304	106.438	5166	4496
289	0.124	62.242	95.472	1.359	61.997	95.292	0.466	0.360	0.471	0.336	18.971	2939	4502
290	0.113	26.018	95.594	1.274	25.844	95.377	0.339	0.444	0.452	0.319	71.519	1228	4506
291	0.112	102.720	95.657	1.256	102.552	95.440	0.360	0.423	0.448	0.319	120.558	4848	4509
292	0.123	126.265	95.678	1.353	126.111	95.440	0.339	0.487	0.479	0.326	94.740	5961	4509
293	0.116	65.669	95.738	1.334	65.490	95.525	0.402	0.423	0.440	0.337	64.344	3100	4513
294	0.101	74.020	95.910	1.209	73.850	95.716	0.339	0.402	0.448	0.288	56.682	3497	4522
295	0.095	76.784	96.672	1.137	76.602	96.499	0.360	0.339	0.398	0.304	140.475	3622	4559
296	0.116	86.176	97.057	1.311	86.000	96.838	0.339	0.466	0.475	0.310	110.838	4067	4575
297	0.118	20.565	97.021	1.269	20.341	96.859	0.444	0.339	0.445	0.338	168.367	965	4576
298	0.116	64.149	97.302	1.286	63.944	97.092	0.381	0.423	0.458	0.321	120.855	3027	4587
299	0.118	88.984	97.953	1.286	88.815	97.726	0.339	0.444	0.467	0.321	112.127	4199	4617
300	0.126	46.330	98.195	1.334	46.122	97.980	0.423	0.423	0.470	0.341	132.371	2183	4629
301	0.109	113.179	98.274	1.264	113.030	98.044	0.296	0.466	0.480	0.290	75.119	5346	4632
302	0.087	93.560	98.327	1.094	93.408	98.150	0.318	0.360	0.371	0.298	115.243	4416	4637
303	0.064	123.252	98.381	1.062	123.084	98.234	0.360	0.318	0.379	0.215	134.776	5818	4641
304	0.108	87.820	98.458	1.351	87.630	98.256	0.402	0.402	0.421	0.328	135.170	4144	4642
305	0.138	83.498	98.533	1.461	83.291	98.277	0.402	0.508	0.511	0.345	111.318	3942	4643
306	0.149	19.308	98.709	1.508	19.029	98.510	0.529	0.402	0.538	0.352	149.608	905	4654
307	0.123	24.856	99.075	1.364	24.659	98.870	0.423	0.402	0.474	0.329	138.613	1167	4671
308	0.088	90.020	99.254	1.082	89.831	99.102	0.381	0.296	0.389	0.289	157.250	4248	4682
309	0.104	111.123	99.474	1.196	110.956	99.272	0.339	0.402	0.409	0.324	60.752	5249	4690
310	0.117	26.931	99.656	1.261	26.734	99.441	0.381	0.423	0.434	0.344	122.114	1269	4698
311	0.127	103.233	99.827	1.438	103.039	99.568	0.402	0.466	0.460	0.352	124.402	4879	4704
312	0.119	44.255	100.200	1.281	44.048	100.012	0.402	0.381	0.441	0.343	140.252	2085	4725
313	0.135	46.521	100.537	1.406	46.313	100.309	0.423	0.466	0.511	0.337	125.597	2190	4739
314	0.106	78.896	100.540	1.239	78.698	100.372	0.423	0.339	0.436	0.310	155.153	3721	4742
315	0.134	44.996	100.835	1.448	44.746	100.626	0.487	0.402	0.473	0.362	5.021	2124	4754
316	0.119	93.799	100.878	1.299	93.578	100.690	0.444	0.360	0.473	0.320	157.718	4429	4757
317	0.043	61.507	100.866	0.793	61.383	100.732	0.254	0.254	0.275	0.199	130.298	2902	4759
318	0.128	126.385	100.987	1.513	126.153	100.753	0.466	0.466	0.494	0.329	62.545	5971	4760
319	0.113	68.644	101.473	1.394	68.474	101.177	0.360	0.508	0.451	0.319	77.056	3244	4780
320	0.049	40.359	101.336	0.848	40.217	101.219	0.296	0.233	0.297	0.210	2.483	1905	4782
321	0.132	22.882	101.475	1.388	22.648	101.282	0.466	0.402	0.514	0.327	148.829	1074	4785
322	0.040	11.469	101.552	0.835	11.324	101.452	0.275	0.212	0.290	0.177	150.719	536	4793
323	0.142	38.943	101.810	1.431	38.693	101.621	0.508	0.381	0.546	0.331	156.665	1831	4801
324	0.113	21.186	101.992	1.244	20.976	101.812	0.423	0.360	0.424	0.339	176.651	1000	4810
325	0.133	27.364	102.099	1.376	27.178	101.854	0.381	0.487	0.486	0.348	70.625	1293	4812
326	0.107	70.007	102.161	1.244	69.786	101.981	0.423	0.360	0.428	0.317	28.977	3307	4818
327	0.099	59.287	102.405	1.167	59.076	102.256	0.423	0.296	0.426	0.296	9.245	2799	4831
328	0.124	85.865	102.499	1.316	85.683	102.277	0.381	0.444	0.453	0.347	72.234	4054	4832
329	0.101	51.298	102.467	1.184	51.096	102.298	0.402	0.339	0.414	0.311	151.836	2418	4833
330	0.123	65.625	102.561	1.396	65.468	102.320	0.318	0.508	0.497	0.314	78.953	3100	4834
331	0.125	30.419	102.701	1.323	30.247	102.468	0.339	0.466	0.473	0.336	96.846	1433	4841
332	0.131	45.268	103.027	1.383	45.085	102.785	0.360	0.487	0.477	0.350	87.715	2138	4856
333	0.041	110.729	103.099	0.853	110.554	102.997	0.339	0.212	0.350	0.148	28.429	5231	4866
334	0.131	34.629	103.425	1.391	34.396	103.251	0.466	0.360	0.495	0.337	23.010	1636	4878
335	0.146	52.171	103.518	1.533	51.985	103.272	0.381	0.487	0.512	0.363	71.630	2463	4879
336	0.125	84.163	103.843	1.334	83.947	103.653	0.444	0.402	0.467	0.341	40.711	3974	4897
337	0.126	23.558	103.876	1.329	23.347	103.674	0.423	0.402	0.471	0.340	137.540	1107	4898
338	0.079	95.028	103.859	1.159	94.869	103.696	0.318	0.339	0.345	0.293	124.837	4486	4899
339	0.134	95.689	104.591	1.359	95.462	104.394	0.444	0.402	0.503	0.340	141.785	4513	4932
340	0.099	59.664	104.756	1.191	59.500	104.563	0.318	0.402	0.427	0.294	104.879	2813	4940
341	0.085	71.568	104.869	1.142	71.374	104.712	0.381	0.296	0.364	0.298	5.418	3380	4947
342	0.095	74.872	105.073	1.179	74.718	104.881	0.296	0.423	0.419	0.290	98.008	3534	4955
343	0.124	41.100	105.309	1.443	40.936	105.050	0.339	0.487	0.479	0.328	80.379	1946	4963
344	0.108	89.961	105.284	1.216	89.810	105.071	0.296	0.423	0.442	0.309	85.300	4248	4964
345	0.120	58.225	105.576	1.291	58.018	105.368	0.402	0.423	0.461	0.331	128.752	2747	4978
346	0.118	75.293	105.680	1.294	75.120	105.474	0.339	0.444	0.446	0.338	76.097	3555	4983
347	0.111	43.887	105.733	1.239	43.709	105.516	0.339	0.423	0.432	0.326	80.068	2071	4985
348	0.141	32.863	105.822	1.438	32.597	105.643	0.508	0.360	0.534	0.337	22.298	1552	4991
349	0.101	77.527	106.061	1.209	77.364	105.876	0.339	0.402	0.393	0.328	83.811	3660	5002
350	0.099	50.973	106.312	1.172	50.800	106.108	0.339	0.402	0.406	0.310	107.140	2405	5013
351	0.097	67.229	106.404	1.154	67.035	106.236	0.381	0.339	0.414	0.297	142.453	3171	5019
352	0.099	80.840	106.508	1.202	80.645	106.320	0.402	0.360	0.407	0.308	137.616	3815	5023
353	0.127	47.787	106.856	1.364	47.583	106.616	0.402	0.466	0.489	0.330	121.648	2254	5037
354	0.106	85.676	106.916	1.244	85.450	106.765	0.444	0.318	0.443	0.304	171.856	4042	5044
355	0.130	30.852	107.271	1.376	30.628	107.061	0.466	0.402	0.496	0.335	149.386	1454	5058
356	0.097	59.121	107.564	1.184	58.928	107.400	0.402	0.339	0.442	0.280	33.832	2793	5074
357	0.099	35.168	107.628	1.179	34.967	107.484	0.423	0.296	0.427	0.296	7.632	1657	5078
358	0.115	62.304	107.701	1.246	62.145	107.484	0.318	0.423	0.442	0.330	79.862	2942	5078
359	0.114	95.399	108.080	1.286	95.208	107.865	0.381	0.423	0.457	0.317	121.982	4503	5096
360	0.130	86.046	108.082	1.383	85.810	107.908	0.508	0.339	0.508	0.325	164.911	4059	5098
361	0.109	34.675	108.308	1.232	34.459	108.140	0.444	0.339	0.443	0.313	157.500	1632	5109
362	0.108	51.346	108.351	1.226	51.139	108.183	0.423	0.339	0.443	0.309	155.084	2419	5111
363	0.093	43.024	109.209	1.184	42.841	109.030	0.360	0.381	0.455	0.261	45.079	2034	5151
364	0.072	43.610	109.347	0.992	43.455	109.199	0.296	0.318	0.329	0.279	57.772	2058	5159
365	0.104	58.457	110.792	1.246	58.314	110.554	0.275	0.466	0.475	0.278	95.276	2759	5223
366	0.092	52.399	111.160	1.124	52.218	110.977	0.339	0.360	0.392	0.298	126.565	2473	5243
367	0.124	56.555	111.274	1.353	56.346	111.083	0.423	0.381	0.466	0.339	144.716	2664	5248
368	0.045	46.573	111.328	0.872	46.482	111.167	0.190	0.339	0.360	0.160	74.223	2199	5252
369	0.101	55.573	111.642	1.189	55.351	111.485	0.444	0.318	0.432	0.297	3.696	2624	5267
370	0.122	103.770	112.177	1.286	103.568	111.993	0.423	0.381	0.465	0.335	32.440	4901	5291
371	0.108	62.318	112.167	1.239	62.124	112.014	0.423	0.339	0.435	0.315	23.010	2940	5292
372	0.138	63.617	112.426	1.406	63.394	112.226	0.466	0.423	0.485	0.362	31.214	3004	5302
373	0.108	40.837	112.784	1.244	40.661	112.564	0.339	0.444	0.466	0.296	64.369	1930	5318
374	0.108	61.825	113.287	1.239	61.595	113.115	0.444	0.318	0.449	0.307	170.392	2918	5344
375	0.127	27.782	113.361	1.334	27.559	113.157	0.444	0.402	0.480	0.336	146.052	1307	5346
376	0.092	52.375	113.388	1.137	52.197	113.199	0.339	0.360	0.387	0.304	43.975	2476	5348
377	0.105	55.801	113.540	1.239	55.647	113.305	0.296	0.466	0.462	0.290	82.047	2638	5353
378	0.124	104.630	113.578	1.329	104.458	113.326	0.360	0.466	0.461	0.343	77.607	4943	5354
379	0.105	42.275	113.782	1.251	42.101	113.580	0.339	0.402	0.431	0.311	107.059	1992	5366
380	0.127	76.156	113.913	1.401	75.988	113.665	0.318	0.550	0.520	0.312	96.241	3595	5370
381	0.092	41.558	113.921	1.184	41.381	113.707	0.339	0.402	0.431	0.272	54.660	1967	5372
382	0.047	133.047	113.945	0.883	132.927	113.792	0.233	0.339	0.303	0.196	90.629	6284	5376
383	0.119	111.913	114.189	1.279	111.718	113.982	0.402	0.423	0.455	0.333	130.190	5282	5385
384	0.113	48.492	114.266	1.353	48.324	114.046	0.339	0.423	0.435	0.332	113.381	2289	5388
385	0.117	67.173	114.407	1.329	66.992	114.173	0.360	0.466	0.491	0.305	65.348	3174	5394
386	0.114	63.323	114.482	1.264	63.161	114.258	0.318	0.444	0.458	0.318	85.375	2990	5398
387	0.094	52.553	115.366	1.124	52.366	115.210	0.381	0.318	0.394	0.302	25.260	2481	5443
388	0.129	102.995	115.516	1.341	102.828	115.274	0.339	0.487	0.485	0.338	84.765	4864	5446
389	0.126	30.313	115.593	1.329	30.120	115.380	0.381	0.444	0.488	0.329	59.609	1431	5451
390	0.132	38.597	115.605	1.383	38.396	115.380	0.402	0.444	0.514	0.327	53.712	1824	5451
391	0.081	131.177	115.775	1.152	131.022	115.591	0.339	0.360	0.335	0.306	71.782	6195	5461
392	0.112	27.059	115.817	1.226	26.861	115.634	0.381	0.381	0.418	0.340	131.283	1273	5463
393	0.090	42.982	115.834	1.137	42.778	115.697	0.402	0.275	0.409	0.279	6.841	2029	5466
394	0.103	77.354	116.492	1.191	77.195	116.290	0.318	0.402	0.414	0.317	86.860	3652	5494
395	0.046	96.934	117.005	0.793	96.816	116.861	0.233	0.275	0.263	0.221	104.925	4577	5521
396	0.098	41.782	117.384	1.256	41.592	117.200	0.402	0.360	0.433	0.288	40.425	1978	5537
397	0.125	82.717	118.134	1.418	82.529	117.877	0.381	0.487	0.506	0.313	116.554	3904	5569
398	0.094	78.531	118.102	1.142	78.380	117.898	0.296	0.423	0.417	0.286	78.021	3710	5570
399	0.098	58.028	118.192	1.179	57.848	118.004	0.360	0.360	0.402	0.309	35.359	2744	5575
400	0.114	79.394	118.443	1.251	79.227	118.216	0.318	0.444	0.449	0.323	86.668	3750	5585
401	0.118	27.137	118.583	1.418	26.966	118.343	0.360	0.466	0.476	0.315	108.797	1278	5591
402	0.120	68.666	119.091	1.299	68.495	118.851	0.339	0.466	0.483	0.315	108.905	3241	5615
403	0.117	67.192	119.484	1.311	67.035	119.253	0.339	0.466	0.490	0.304	114.134	3168	5634
404	0.103	79.944	119.539	1.269	79.798	119.316	0.296	0.466	0.449	0.291	91.873	3775	5637
405	0.147	33.975	119.910	1.510	33.718	119.719	0.529	0.381	0.545	0.345	17.306	1608	5656
406	0.125	89.959	119.974	1.341	89.789	119.740	0.339	0.487	0.479	0.334	91.116	4247	5657
407	0.135	78.097	120.196	1.413	77.936	119.930	0.339	0.529	0.528	0.326	97.849	3689	5666
408	0.137	34.563	120.431	1.388	34.354	120.206	0.423	0.444	0.515	0.339	47.381	1635	5679
409	0.103	60.809	120.459	1.209	60.621	120.290	0.381	0.360	0.400	0.328	46.620	2870	5683
410	0.118	58.393	120.704	1.311	58.208	120.481	0.339	0.466	0.468	0.322	76.355	2758	5692
411	0.123	37.567	120.832	1.376	37.359	120.629	0.423	0.402	0.494	0.317	143.273	1768	5699
412	0.129	55.702	121.359	1.364	55.499	121.137	0.402	0.466	0.493	0.333	60.595	2631	5723
413	0.101	47.740	121.357	1.244	47.519	121.179	0.423	0.360	0.460	0.280	35.409	2256	5725
414	0.146	70.608	121.584	1.468	70.422	121.306	0.360	0.529	0.537	0.345	84.759	3334	5731
415	0.089	52.173	122.463	1.112	51.964	122.322	0.402	0.296	0.393	0.287	6.564	2462	5779
416	0.104	27.505	124.215	1.189	27.326	124.016	0.360	0.402	0.420	0.317	52.824	1299	5859
417	0.112	50.905	124.524	1.239	50.715	124.354	0.402	0.360	0.429	0.332	33.397	2402	5875
418	0.136	72.758	125.334	1.533	72.538	125.095	0.402	0.508	0.498	0.347	103.287	3435	5910
419	0.119	62.429	125.544	1.311	62.251	125.307	0.339	0.466	0.492	0.309	68.505	2949	5920
420	0.116	47.305	125.740	1.299	47.117	125.540	0.402	0.402	0.481	0.307	136.306	2227	5931
421	0.156	69.090	126.496	1.510	68.919	126.217	0.339	0.572	0.570	0.348	93.226	3261	5963
422	0.099	32.918	128.266	1.184	32.745	128.080	0.360	0.381	0.414	0.306	55.113	1554	6051
423	0.128	70.206	128.437	1.510	70.040	128.206	0.360	0.466	0.482	0.338	84.552	3314	6057
424	0.121	33.902	128.478	1.336	33.718	128.270	0.381	0.423	0.472	0.325	59.712	1600	6060
425	0.109	40.190	129.093	1.226	39.984	128.926	0.423	0.339	0.425	0.326	159.104	1895	6091
426	0.113	49.417	131.056	1.288	49.255	130.831	0.318	0.444	0.464	0.311	103.743	2331	6181
427	0.052	98.889	134.218	0.872	98.764	134.070	0.233	0.296	0.310	0.211	122.872	4669	6334
428	0.042	107.266	134.392	0.793	107.146	134.260	0.233	0.275	0.259	0.205	78.326	5065	6343
