 	Area	X	Y	Perim.	BX	BY	Width	Height	Major	Minor	Angle	XStart	YStart
1	0.045	73.984	11.277	0.883	73.829	11.134	0.296	0.275	0.375	0.152	40.754	3498	526
2	0.041	105.752	11.297	0.750	105.643	11.155	0.212	0.275	0.264	0.199	80.455	4996	527
3	0.115	53.524	12.835	1.244	53.319	12.658	0.423	0.360	0.439	0.333	26.113	2527	598
4	0.151	44.181	13.480	1.478	43.942	13.250	0.466	0.466	0.569	0.338	134.523	2080	626
5	0.116	56.510	14.072	1.306	56.346	13.843	0.318	0.466	0.492	0.300	101.067	2665	654
6	0.133	26.345	14.461	1.396	26.077	14.309	0.529	0.318	0.523	0.323	177.933	1238	676
7	0.065	72.908	15.032	0.967	72.771	14.880	0.275	0.318	0.297	0.276	121.419	3442	703
8	0.125	62.090	15.132	1.341	61.849	14.965	0.487	0.339	0.501	0.317	17.127	2933	707
9	0.123	91.444	15.681	1.448	91.271	15.430	0.423	0.466	0.472	0.333	116.929	4318	729
10	0.131	93.724	16.614	1.406	93.493	16.404	0.444	0.444	0.548	0.304	135.170	4419	775
11	0.131	84.734	17.113	1.388	84.540	16.870	0.381	0.487	0.520	0.321	113.340	3998	797
12	0.130	64.361	17.602	1.383	64.198	17.336	0.339	0.508	0.509	0.326	99.109	3038	819
13	0.109	84.247	17.728	1.269	84.032	17.568	0.466	0.318	0.471	0.296	162.277	3973	830
14	0.043	111.996	17.867	0.835	111.866	17.738	0.275	0.254	0.336	0.165	43.968	5292	838
15	0.132	57.719	18.561	1.376	57.510	18.330	0.402	0.466	0.535	0.314	125.779	2720	866
16	0.132	84.091	19.037	1.406	83.884	18.817	0.444	0.444	0.534	0.315	39.747	3977	889
17	0.130	116.429	19.041	1.413	116.226	18.817	0.402	0.466	0.538	0.308	54.869	5502	889
18	0.129	47.603	19.773	1.418	47.413	19.516	0.402	0.487	0.566	0.291	126.460	2241	922
19	0.135	96.016	20.270	1.408	95.864	20.002	0.318	0.529	0.540	0.318	98.560	4531	945
20	0.139	67.618	21.200	1.448	67.395	20.976	0.466	0.444	0.544	0.325	41.503	3200	991
21	0.138	45.628	21.498	1.443	45.360	21.315	0.529	0.360	0.545	0.321	15.519	2157	1007
22	0.096	93.664	21.980	1.207	93.493	21.759	0.339	0.423	0.466	0.262	122.476	4420	1028
23	0.125	70.918	23.175	1.353	70.760	22.924	0.318	0.508	0.505	0.314	81.903	3349	1083
24	0.155	111.755	23.586	1.545	111.570	23.304	0.381	0.550	0.569	0.348	72.931	5280	1101
25	0.134	18.872	24.195	1.443	18.669	23.940	0.402	0.487	0.521	0.328	122.257	890	1131
26	0.133	86.017	24.306	1.413	85.852	24.045	0.318	0.550	0.536	0.315	97.826	4061	1136
27	0.130	99.083	25.250	1.383	98.827	25.082	0.508	0.339	0.531	0.311	160.550	4673	1185
28	0.133	113.479	25.924	1.413	113.220	25.760	0.529	0.339	0.511	0.331	6.233	5358	1217
29	0.138	30.974	25.956	1.413	30.713	25.781	0.529	0.339	0.533	0.329	165.672	1457	1218
30	0.100	35.895	26.252	1.256	35.708	26.056	0.381	0.402	0.479	0.265	47.867	1697	1231
31	0.125	22.380	27.258	1.396	22.204	27.009	0.339	0.508	0.531	0.299	72.390	1058	1276
32	0.138	109.191	27.576	1.456	109.030	27.305	0.339	0.529	0.538	0.325	90.727	5155	1290
33	0.141	27.339	27.594	1.483	27.093	27.347	0.466	0.487	0.569	0.316	49.012	1295	1292
34	0.123	74.202	28.010	1.456	74.041	27.728	0.318	0.550	0.541	0.289	84.145	3505	1310
35	0.051	130.592	27.834	0.945	130.408	27.750	0.360	0.169	0.385	0.168	179.138	6165	1311
36	0.041	55.003	28.066	0.848	54.843	27.961	0.318	0.190	0.305	0.170	176.535	2594	1321
37	0.147	13.741	28.502	1.515	13.547	28.215	0.381	0.550	0.567	0.329	67.747	653	1333
38	0.146	14.927	29.844	1.515	14.753	29.528	0.339	0.593	0.575	0.323	88.816	704	1395
39	0.134	105.359	30.438	1.413	105.177	30.184	0.360	0.508	0.524	0.325	98.877	4973	1426
40	0.144	21.693	30.726	1.491	21.484	30.459	0.402	0.529	0.568	0.324	59.827	1028	1439
41	0.130	57.574	30.828	1.396	57.319	30.649	0.487	0.360	0.507	0.327	22.888	2718	1448
42	0.142	62.955	31.074	1.521	62.696	30.903	0.508	0.360	0.503	0.360	17.657	2966	1460
43	0.111	16.714	31.187	1.299	16.552	30.946	0.339	0.466	0.486	0.291	110.620	786	1462
44	0.116	85.008	31.526	1.306	84.773	31.369	0.466	0.318	0.506	0.293	158.484	4007	1482
45	0.118	93.209	32.521	1.323	93.049	32.279	0.318	0.487	0.506	0.297	71.795	4404	1525
46	0.141	82.140	32.560	1.461	81.936	32.322	0.402	0.487	0.535	0.336	123.092	3874	1527
47	0.137	84.525	32.767	1.418	84.328	32.512	0.402	0.487	0.545	0.319	57.711	3995	1536
48	0.134	120.055	32.799	1.388	119.803	32.618	0.508	0.360	0.523	0.326	161.757	5665	1541
49	0.104	108.180	33.818	1.251	108.014	33.592	0.318	0.444	0.474	0.281	108.542	5106	1587
50	0.150	117.682	33.923	1.468	117.517	33.655	0.339	0.550	0.557	0.343	95.201	5556	1590
51	0.138	35.757	34.917	1.503	35.496	34.734	0.529	0.360	0.544	0.323	155.520	1677	1641
52	0.125	78.962	35.254	1.334	78.719	35.073	0.487	0.360	0.495	0.322	24.594	3731	1657
53	0.108	27.885	35.525	1.251	27.728	35.306	0.318	0.444	0.468	0.295	72.529	1316	1668
54	0.133	112.150	35.702	1.436	111.929	35.496	0.466	0.423	0.531	0.318	37.738	5301	1677
55	0.099	103.549	35.817	1.154	103.378	35.624	0.339	0.381	0.410	0.308	123.515	4888	1683
56	0.125	19.810	36.079	1.388	19.622	35.814	0.360	0.508	0.537	0.296	65.069	938	1692
57	0.112	75.659	36.211	1.299	75.459	36.004	0.402	0.402	0.488	0.293	49.541	3575	1701
58	0.142	112.026	36.191	1.486	111.739	36.004	0.550	0.360	0.559	0.325	15.840	5294	1701
59	0.122	67.173	36.320	1.329	66.929	36.153	0.508	0.318	0.503	0.309	1.878	3170	1708
60	0.126	78.689	36.369	1.383	78.486	36.153	0.402	0.444	0.522	0.308	50.352	3719	1708
61	0.101	27.934	36.517	1.226	27.728	36.343	0.402	0.360	0.443	0.290	36.210	1320	1717
62	0.134	105.308	36.997	1.413	105.135	36.724	0.339	0.529	0.530	0.322	80.418	4974	1735
63	0.146	90.553	37.475	1.533	90.276	37.274	0.529	0.402	0.586	0.317	29.206	4280	1761
64	0.129	101.539	38.152	1.401	101.346	37.910	0.381	0.487	0.536	0.307	118.550	4791	1791
65	0.049	130.469	38.192	0.877	130.323	38.058	0.296	0.254	0.323	0.193	141.542	6158	1798
66	0.150	67.196	38.249	1.528	66.908	38.079	0.572	0.339	0.578	0.330	12.508	3173	1799
67	0.135	15.310	38.279	1.421	15.071	38.100	0.487	0.339	0.500	0.345	0.096	716	1800
68	0.121	100.579	38.854	1.341	100.351	38.672	0.466	0.360	0.496	0.310	156.515	4745	1827
69	0.132	89.576	39.148	1.396	89.408	38.883	0.339	0.508	0.524	0.320	75.760	4231	1837
70	0.118	114.829	39.682	1.329	114.681	39.434	0.318	0.508	0.495	0.304	95.128	5423	1863
71	0.130	123.555	39.682	1.436	123.359	39.434	0.381	0.529	0.536	0.310	67.350	5838	1863
72	0.151	23.996	40.431	1.515	23.728	40.259	0.572	0.360	0.560	0.344	2.911	1129	1902
73	0.125	121.747	40.525	1.371	121.539	40.322	0.423	0.423	0.511	0.311	46.956	5752	1905
74	0.138	25.130	40.639	1.466	24.913	40.428	0.466	0.444	0.545	0.323	42.269	1189	1910
75	0.131	78.045	41.324	1.376	77.851	41.084	0.402	0.466	0.524	0.319	125.363	3681	1941
76	0.128	60.169	41.631	1.431	59.965	41.423	0.423	0.444	0.518	0.314	49.398	2842	1957
77	0.138	42.736	42.180	1.526	42.545	41.910	0.466	0.508	0.546	0.323	124.619	2013	1980
78	0.127	82.643	42.587	1.383	82.486	42.333	0.318	0.529	0.521	0.311	94.806	3902	2000
79	0.125	76.420	42.636	1.383	76.179	42.482	0.529	0.318	0.521	0.304	12.020	3607	2007
80	0.136	68.576	42.968	1.466	68.347	42.757	0.466	0.444	0.554	0.312	140.476	3230	2020
81	0.151	71.757	43.172	1.637	71.586	42.905	0.360	0.572	0.582	0.330	88.961	3388	2027
82	0.121	43.307	43.470	1.361	43.138	43.244	0.339	0.466	0.501	0.308	67.921	2044	2043
83	0.144	111.149	44.123	1.448	110.913	43.900	0.466	0.444	0.550	0.333	40.507	5253	2074
84	0.123	84.001	44.208	1.334	83.778	44.006	0.444	0.402	0.478	0.328	38.910	3969	2079
85	0.108	85.087	44.290	1.269	84.900	44.090	0.381	0.402	0.462	0.297	47.271	4023	2083
86	0.141	25.001	44.459	1.450	24.723	44.302	0.550	0.318	0.549	0.326	179.050	1174	2093
87	0.117	62.274	44.997	1.336	62.103	44.746	0.318	0.487	0.502	0.298	100.140	2938	2114
88	0.125	21.647	45.032	1.346	21.421	44.831	0.466	0.381	0.475	0.335	152.774	1018	2118
89	0.124	57.323	45.078	1.418	57.086	44.873	0.487	0.381	0.530	0.298	151.223	2698	2120
90	0.133	112.253	45.186	1.408	111.993	45.022	0.529	0.318	0.535	0.316	169.016	5297	2127
91	0.085	36.782	45.387	1.107	36.576	45.254	0.402	0.275	0.400	0.271	161.447	1731	2138
92	0.134	105.201	45.724	1.496	104.987	45.466	0.423	0.487	0.535	0.320	124.023	4964	2148
93	0.134	86.630	45.817	1.526	86.360	45.593	0.487	0.444	0.467	0.364	42.185	4096	2154
94	0.142	45.018	46.392	1.478	44.768	46.165	0.487	0.444	0.555	0.326	136.251	2118	2181
95	0.134	52.329	46.335	1.396	52.070	46.186	0.529	0.318	0.530	0.323	1.174	2466	2182
96	0.142	89.802	46.430	1.436	89.556	46.207	0.466	0.444	0.535	0.337	132.971	4236	2183
97	0.134	107.104	46.398	1.448	106.870	46.207	0.508	0.381	0.509	0.335	22.455	5055	2183
98	0.139	27.168	46.732	1.401	26.988	46.482	0.360	0.508	0.509	0.348	102.963	1279	2196
99	0.116	100.813	46.708	1.359	100.626	46.482	0.402	0.444	0.507	0.290	127.045	4757	2196
100	0.118	33.290	46.789	1.316	33.084	46.588	0.423	0.402	0.492	0.305	42.613	1574	2201
101	0.139	36.944	47.632	1.568	36.724	47.329	0.444	0.550	0.559	0.317	126.295	1741	2236
102	0.155	89.886	47.904	1.605	89.662	47.667	0.466	0.487	0.567	0.348	46.844	4248	2252
103	0.124	113.883	47.914	1.353	113.644	47.731	0.466	0.360	0.503	0.314	27.965	5382	2255
104	0.135	77.339	48.031	1.483	77.068	47.837	0.529	0.402	0.534	0.323	25.208	3657	2260
105	0.119	101.334	48.076	1.316	101.156	47.858	0.381	0.444	0.485	0.312	56.359	4787	2261
106	0.142	92.450	48.360	1.521	92.287	48.070	0.339	0.572	0.560	0.322	82.942	4366	2271
107	0.136	83.586	48.314	1.438	83.312	48.154	0.550	0.318	0.542	0.319	174.456	3944	2275
108	0.145	25.432	48.726	1.521	25.167	48.514	0.508	0.423	0.557	0.332	30.166	1210	2292
109	0.126	77.400	48.875	1.378	77.152	48.726	0.508	0.318	0.522	0.307	173.667	3650	2302
110	0.123	19.797	49.055	1.341	19.579	48.853	0.423	0.402	0.474	0.329	139.152	929	2308
111	0.143	56.565	49.616	1.471	56.324	49.361	0.466	0.487	0.538	0.339	128.876	2667	2332
112	0.128	53.676	49.648	1.401	53.488	49.403	0.360	0.487	0.509	0.320	110.380	2532	2334
113	0.115	120.948	50.028	1.323	120.777	49.784	0.318	0.466	0.477	0.306	99.768	5711	2352
114	0.110	32.924	50.255	1.244	32.766	50.017	0.318	0.466	0.480	0.291	112.782	1552	2363
115	0.131	93.074	50.426	1.436	92.858	50.186	0.444	0.466	0.534	0.313	135.530	4390	2371
116	0.129	101.692	50.584	1.396	101.536	50.313	0.318	0.529	0.551	0.297	107.085	4800	2377
117	0.141	32.354	50.511	1.443	32.068	50.356	0.572	0.318	0.564	0.319	169.975	1519	2379
118	0.147	36.741	51.154	1.486	36.512	50.927	0.466	0.444	0.557	0.335	137.664	1728	2406
119	0.126	95.407	51.422	1.388	95.186	51.202	0.423	0.444	0.523	0.307	132.492	4500	2419
120	0.134	34.939	51.452	1.396	34.713	51.266	0.466	0.381	0.521	0.326	31.114	1649	2422
121	0.116	30.448	51.560	1.311	30.205	51.393	0.487	0.318	0.495	0.300	17.267	1438	2428
122	0.122	39.026	51.836	1.353	38.777	51.668	0.508	0.318	0.518	0.299	168.269	1840	2441
123	0.140	77.574	52.351	1.438	77.406	52.070	0.318	0.550	0.555	0.321	89.711	3664	2460
124	0.139	82.295	52.387	1.545	82.106	52.134	0.381	0.529	0.559	0.316	61.030	3891	2463
125	0.117	104.864	52.321	1.286	104.648	52.134	0.402	0.402	0.459	0.325	136.841	4949	2463
126	0.126	35.717	52.580	1.364	35.496	52.366	0.444	0.423	0.528	0.304	42.664	1690	2474
127	0.129	115.126	52.797	1.376	114.893	52.599	0.466	0.402	0.516	0.319	146.895	5431	2485
128	0.125	100.378	52.813	1.461	100.140	52.620	0.466	0.402	0.521	0.305	35.630	4743	2486
129	0.142	121.479	53.051	1.478	121.264	52.811	0.444	0.487	0.562	0.322	50.518	5742	2495
130	0.151	64.137	53.558	1.521	63.881	53.340	0.508	0.423	0.517	0.372	168.042	3026	2520
131	0.124	66.846	53.626	1.353	66.590	53.467	0.508	0.318	0.506	0.311	169.694	3152	2526
132	0.125	61.787	53.738	1.376	61.574	53.509	0.423	0.444	0.498	0.319	45.046	2923	2528
133	0.133	35.451	53.764	1.413	35.242	53.530	0.402	0.466	0.531	0.319	56.979	1675	2529
134	0.131	118.871	53.860	1.443	118.703	53.573	0.339	0.550	0.543	0.308	98.430	5615	2531
135	0.128	56.345	54.309	1.388	56.176	54.038	0.339	0.529	0.536	0.305	110.955	2658	2553
136	0.119	32.287	54.522	1.311	32.046	54.356	0.487	0.318	0.501	0.302	164.898	1519	2568
137	0.129	77.531	55.045	1.418	77.343	54.800	0.360	0.508	0.527	0.313	112.100	3658	2589
138	0.134	49.194	55.158	1.453	48.980	54.928	0.444	0.466	0.524	0.326	46.217	2328	2595
139	0.119	58.732	55.247	1.346	58.547	55.012	0.360	0.487	0.510	0.298	112.027	2769	2599
140	0.140	82.546	55.670	1.456	82.360	55.393	0.360	0.529	0.542	0.329	73.055	3900	2617
141	0.139	21.733	55.680	1.418	21.484	55.478	0.487	0.402	0.509	0.347	159.192	1028	2621
142	0.112	87.513	55.897	1.281	87.355	55.668	0.318	0.466	0.468	0.306	70.278	4136	2630
143	0.142	54.373	56.058	1.588	54.208	55.774	0.339	0.572	0.581	0.310	72.044	2571	2635
144	0.135	76.081	56.024	1.431	75.883	55.774	0.381	0.487	0.539	0.320	61.297	3595	2635
145	0.142	42.564	56.800	1.503	42.291	56.600	0.529	0.402	0.561	0.323	150.667	1999	2674
146	0.134	38.157	56.850	1.426	37.888	56.684	0.550	0.318	0.552	0.308	176.144	1799	2678
147	0.128	43.990	56.952	1.383	43.815	56.706	0.360	0.487	0.534	0.305	119.361	2071	2679
148	0.143	71.423	56.997	1.580	71.184	56.748	0.508	0.466	0.565	0.322	36.281	3383	2681
149	0.122	67.301	57.008	1.346	67.120	56.769	0.339	0.508	0.508	0.305	106.223	3175	2682
150	0.120	39.655	56.995	1.311	39.412	56.832	0.487	0.318	0.499	0.305	12.561	1872	2685
151	0.144	12.113	57.068	1.491	11.874	56.854	0.487	0.423	0.562	0.326	36.569	575	2686
152	0.131	93.926	57.248	1.401	93.747	56.981	0.360	0.508	0.507	0.329	103.561	4435	2692
153	0.130	106.504	57.700	1.424	106.299	57.468	0.402	0.466	0.516	0.321	57.760	5033	2715
154	0.138	61.861	57.815	1.418	61.616	57.616	0.487	0.402	0.538	0.327	146.910	2915	2722
155	0.137	100.785	57.945	1.443	100.542	57.743	0.487	0.402	0.546	0.318	34.764	4764	2728
156	0.109	31.060	58.433	1.336	30.882	58.187	0.318	0.487	0.508	0.273	75.469	1468	2749
157	0.139	22.406	59.515	1.431	22.162	59.309	0.487	0.402	0.543	0.326	148.969	1052	2802
158	0.107	89.683	59.811	1.214	89.514	59.584	0.339	0.423	0.446	0.304	118.369	4234	2815
159	0.124	60.478	59.849	1.359	60.219	59.690	0.508	0.339	0.509	0.311	16.381	2855	2820
160	0.113	119.312	59.978	1.286	119.126	59.775	0.381	0.402	0.470	0.307	127.578	5631	2824
161	0.123	19.598	60.247	1.341	19.410	60.029	0.381	0.444	0.503	0.311	54.789	926	2836
162	0.130	34.834	60.347	1.396	34.671	60.092	0.318	0.508	0.516	0.321	81.602	1645	2839
163	0.113	106.557	60.372	1.329	106.405	60.113	0.296	0.508	0.508	0.283	97.071	5031	2840
164	0.118	52.263	60.394	1.346	52.006	60.219	0.508	0.339	0.508	0.295	157.219	2464	2845
165	0.130	32.324	60.551	1.461	32.131	60.283	0.360	0.550	0.545	0.303	84.568	1526	2848
166	0.114	48.670	60.615	1.281	48.493	60.388	0.360	0.423	0.468	0.310	121.400	2294	2853
167	0.144	105.272	60.595	1.498	104.987	60.431	0.572	0.339	0.571	0.322	170.412	4966	2855
168	0.128	82.186	60.660	1.424	81.915	60.473	0.529	0.381	0.537	0.303	150.218	3875	2857
169	0.132	113.628	60.796	1.413	113.390	60.600	0.487	0.381	0.531	0.317	29.688	5372	2863
170	0.130	87.930	61.172	1.394	87.715	60.939	0.402	0.487	0.524	0.317	122.706	4149	2879
171	0.125	111.983	61.438	1.396	111.824	61.172	0.318	0.529	0.529	0.301	78.227	5292	2890
172	0.131	66.275	61.486	1.388	66.040	61.299	0.487	0.381	0.518	0.323	152.407	3123	2896
173	0.124	85.894	61.541	1.376	85.704	61.299	0.360	0.508	0.522	0.303	111.585	4054	2896
174	0.123	35.309	61.561	1.329	35.137	61.320	0.339	0.487	0.504	0.311	111.716	1664	2897
175	0.138	26.293	61.859	1.438	26.014	61.680	0.529	0.339	0.535	0.327	0.705	1245	2914
176	0.128	80.077	62.151	1.396	79.904	61.912	0.360	0.487	0.524	0.310	65.810	3783	2925
177	0.148	14.292	62.604	1.483	14.076	62.357	0.444	0.487	0.561	0.336	48.943	678	2946
178	0.138	99.363	62.613	1.473	99.145	62.378	0.444	0.466	0.550	0.321	48.621	4700	2947
179	0.134	21.009	62.701	1.411	20.807	62.484	0.444	0.466	0.508	0.336	49.472	993	2952
180	0.123	111.177	62.836	1.359	110.977	62.611	0.381	0.466	0.515	0.304	122.218	5246	2958
181	0.112	41.462	63.234	1.294	41.317	62.992	0.296	0.487	0.494	0.290	101.326	1955	2976
182	0.139	36.420	63.303	1.456	36.258	63.034	0.339	0.550	0.551	0.322	98.540	1718	2978
183	0.116	107.364	63.374	1.341	107.209	63.119	0.296	0.529	0.523	0.283	83.483	5071	2982
184	0.133	19.746	63.504	1.401	19.494	63.310	0.487	0.381	0.537	0.315	32.533	933	2991
185	0.116	20.137	63.773	1.353	19.918	63.564	0.423	0.402	0.489	0.301	36.800	957	3003
186	0.151	47.160	63.752	1.498	46.863	63.585	0.572	0.339	0.568	0.339	8.686	2225	3004
187	0.116	88.681	63.823	1.304	88.519	63.585	0.360	0.466	0.487	0.305	116.021	4184	3004
188	0.134	26.865	64.272	1.473	26.564	64.114	0.572	0.339	0.577	0.295	160.632	1258	3029
189	0.131	95.917	64.514	1.396	95.758	64.262	0.318	0.508	0.527	0.316	80.613	4530	3036
190	0.127	100.854	64.511	1.376	100.626	64.304	0.444	0.423	0.514	0.314	135.375	4756	3038
191	0.133	119.355	64.577	1.406	119.126	64.368	0.466	0.423	0.539	0.314	141.146	5631	3041
192	0.129	32.520	64.659	1.426	32.364	64.410	0.318	0.529	0.534	0.309	90.780	1533	3043
193	0.128	28.273	64.929	1.401	28.109	64.664	0.318	0.529	0.528	0.309	89.801	1334	3055
194	0.112	77.019	65.107	1.274	76.814	64.918	0.444	0.360	0.475	0.299	146.050	3632	3067
195	0.126	61.208	65.186	1.371	61.024	64.939	0.360	0.487	0.505	0.317	117.890	2889	3068
196	0.128	106.045	65.174	1.353	105.791	65.024	0.508	0.318	0.511	0.319	2.052	5005	3072
197	0.165	62.072	65.306	1.623	61.870	65.045	0.402	0.550	0.557	0.377	107.742	2926	3073
198	0.152	90.555	65.348	1.521	90.339	65.088	0.444	0.508	0.563	0.343	126.304	4274	3075
199	0.117	75.122	65.397	1.323	74.951	65.172	0.339	0.466	0.489	0.306	114.029	3543	3079
200	0.121	27.879	65.416	1.316	27.644	65.236	0.466	0.360	0.472	0.327	171.598	1315	3082
201	0.129	40.390	65.428	1.388	40.153	65.236	0.487	0.381	0.530	0.311	26.647	1910	3082
202	0.142	89.127	65.612	1.480	88.942	65.320	0.339	0.550	0.552	0.326	82.815	4212	3086
203	0.126	45.789	65.792	1.353	45.508	65.638	0.529	0.296	0.527	0.305	4.965	2160	3101
204	0.136	64.630	66.263	1.413	64.368	66.104	0.529	0.339	0.532	0.326	14.147	3050	3123
205	0.137	102.429	66.602	1.396	102.172	66.442	0.508	0.339	0.503	0.346	0.388	4833	3139
206	0.116	40.117	67.214	1.281	39.963	66.971	0.318	0.466	0.479	0.310	103.371	1891	3164
207	0.138	23.164	67.334	1.413	22.902	67.162	0.529	0.339	0.530	0.331	165.884	1089	3173
208	0.155	14.719	67.439	1.515	14.436	67.246	0.550	0.360	0.558	0.353	173.868	694	3177
209	0.116	72.667	67.499	1.371	72.517	67.246	0.318	0.508	0.505	0.293	103.317	3427	3177
210	0.135	41.565	67.667	1.401	41.381	67.416	0.360	0.508	0.530	0.324	109.753	1959	3185
211	0.138	71.265	67.876	1.406	71.035	67.670	0.466	0.423	0.526	0.334	139.039	3359	3197
212	0.141	45.992	68.207	1.456	45.826	67.924	0.339	0.550	0.555	0.323	104.474	2169	3209
213	0.136	115.420	68.500	1.418	115.231	68.241	0.360	0.529	0.543	0.318	106.856	5448	3224
214	0.144	114.196	68.512	1.461	113.919	68.326	0.529	0.381	0.557	0.330	154.477	5387	3228
215	0.145	112.449	68.677	1.503	112.268	68.390	0.360	0.550	0.557	0.332	103.354	5310	3231
216	0.120	108.491	68.688	1.329	108.310	68.453	0.360	0.466	0.496	0.308	68.520	5125	3234
217	0.120	103.584	68.928	1.346	103.336	68.749	0.487	0.360	0.507	0.302	23.754	4895	3248
218	0.098	53.309	69.052	1.196	53.150	68.834	0.318	0.423	0.459	0.272	120.021	2514	3252
219	0.151	17.947	69.118	1.503	17.653	68.940	0.572	0.360	0.564	0.342	175.078	844	3257
220	0.139	60.435	69.225	1.503	60.240	68.961	0.402	0.508	0.552	0.320	120.490	2849	3258
221	0.154	63.046	69.210	1.540	62.759	69.024	0.550	0.360	0.560	0.351	10.911	2979	3261
222	0.129	114.257	69.538	1.401	114.004	69.363	0.508	0.339	0.515	0.319	173.215	5396	3277
223	0.135	51.919	69.832	1.413	51.710	69.617	0.423	0.444	0.537	0.321	49.668	2453	3289
224	0.129	103.316	69.829	1.371	103.082	69.638	0.466	0.381	0.529	0.311	146.849	4872	3290
225	0.123	24.234	69.924	1.359	24.024	69.702	0.423	0.423	0.510	0.307	131.900	1139	3293
226	0.117	58.509	70.342	1.311	58.272	70.168	0.466	0.339	0.480	0.311	166.007	2762	3315
227	0.135	117.941	70.541	1.475	117.771	70.273	0.318	0.550	0.561	0.307	98.546	5569	3320
228	0.139	47.985	71.055	1.515	47.816	70.781	0.339	0.550	0.567	0.313	104.370	2264	3344
229	0.105	44.199	71.106	1.256	43.963	70.951	0.466	0.318	0.485	0.275	159.307	2081	3352
230	0.121	91.986	71.862	1.334	91.779	71.649	0.423	0.423	0.516	0.300	134.096	4338	3385
231	0.132	103.520	72.136	1.383	103.272	71.967	0.508	0.339	0.518	0.324	164.992	4883	3400
232	0.122	109.367	72.169	1.371	109.157	71.967	0.423	0.423	0.526	0.296	41.986	5168	3400
233	0.115	16.097	72.306	1.249	15.917	72.072	0.360	0.444	0.441	0.332	62.790	762	3405
234	0.137	25.129	72.437	1.413	24.871	72.263	0.529	0.339	0.534	0.327	169.462	1181	3414
235	0.134	24.072	72.499	1.388	23.855	72.284	0.444	0.423	0.534	0.319	138.669	1128	3415
236	0.121	21.429	72.715	1.334	21.209	72.517	0.444	0.402	0.508	0.303	138.399	1005	3426
237	0.120	29.488	72.781	1.334	29.295	72.559	0.402	0.444	0.505	0.303	50.360	1395	3428
238	0.138	38.658	73.018	1.413	38.481	72.750	0.339	0.529	0.532	0.329	97.447	1824	3437
239	0.131	79.101	73.102	1.401	78.909	72.856	0.381	0.487	0.511	0.327	70.118	3737	3442
240	0.125	13.742	73.131	1.334	13.547	72.919	0.402	0.444	0.496	0.320	49.608	650	3445
241	0.145	63.412	73.083	1.510	63.140	72.919	0.550	0.339	0.543	0.339	178.536	2989	3445
242	0.127	108.510	73.610	1.413	108.352	73.342	0.318	0.550	0.537	0.302	91.358	5125	3465
243	0.129	54.182	73.687	1.401	53.975	73.448	0.381	0.487	0.523	0.313	62.147	2561	3470
244	0.132	53.542	73.958	1.388	53.319	73.766	0.466	0.402	0.520	0.324	36.565	2529	3485
245	0.116	51.242	74.283	1.329	51.033	74.083	0.423	0.402	0.517	0.285	43.209	2422	3500
246	0.119	24.938	74.828	1.316	24.744	74.612	0.402	0.423	0.483	0.314	137.410	1171	3525
247	0.115	31.496	74.782	1.366	31.221	74.634	0.508	0.318	0.495	0.296	8.443	1489	3526
248	0.121	83.761	75.023	1.353	83.608	74.761	0.296	0.529	0.520	0.296	87.121	3957	3532
249	0.127	61.318	75.196	1.378	61.172	74.930	0.296	0.529	0.535	0.302	96.473	2893	3540
250	0.130	34.224	75.248	1.394	34.015	75.015	0.444	0.444	0.543	0.306	132.875	1611	3544
251	0.138	119.155	75.294	1.515	118.936	75.015	0.381	0.550	0.543	0.325	84.181	5629	3544
252	0.134	29.136	75.411	1.443	28.935	75.163	0.402	0.487	0.565	0.301	54.952	1380	3551
253	0.114	31.345	75.355	1.299	31.094	75.205	0.487	0.318	0.475	0.306	2.420	1478	3553
254	0.137	27.355	75.425	1.396	27.093	75.269	0.529	0.318	0.534	0.327	4.527	1287	3556
255	0.124	52.738	75.471	1.443	52.430	75.311	0.550	0.318	0.515	0.307	7.738	2491	3558
256	0.112	46.664	75.714	1.299	46.503	75.459	0.318	0.487	0.500	0.287	73.112	2205	3565
257	0.125	27.900	75.747	1.339	27.665	75.544	0.466	0.402	0.486	0.328	147.097	1312	3569
258	0.142	31.415	76.055	1.431	31.200	75.840	0.444	0.444	0.526	0.344	133.978	1476	3583
259	0.133	48.754	76.396	1.388	48.514	76.221	0.508	0.360	0.512	0.331	18.365	2301	3601
260	0.127	83.611	76.556	1.408	83.460	76.285	0.296	0.550	0.548	0.296	99.794	3946	3604
261	0.142	28.185	76.656	1.473	28.004	76.390	0.381	0.529	0.563	0.322	64.975	1333	3609
262	0.118	53.255	76.709	1.311	53.022	76.539	0.466	0.339	0.492	0.306	22.155	2517	3616
263	0.128	58.058	77.008	1.424	57.870	76.750	0.360	0.529	0.526	0.310	108.768	2739	3626
264	0.131	73.671	77.358	1.456	73.491	77.110	0.360	0.487	0.512	0.325	112.579	3476	3643
265	0.138	82.143	77.499	1.443	81.873	77.322	0.550	0.339	0.541	0.325	171.858	3876	3653
266	0.125	78.251	77.880	1.364	78.020	77.682	0.444	0.402	0.513	0.309	143.544	3690	3670
267	0.139	81.286	78.258	1.406	81.090	77.999	0.381	0.508	0.520	0.340	64.314	3842	3685
268	0.103	95.285	78.182	1.196	95.081	78.020	0.402	0.339	0.442	0.298	149.607	4494	3686
269	0.127	93.790	78.484	1.366	93.536	78.338	0.529	0.296	0.525	0.307	3.268	4425	3701
270	0.121	105.688	78.566	1.323	105.452	78.401	0.466	0.339	0.495	0.310	159.786	4986	3704
271	0.136	68.673	78.863	1.401	68.453	78.655	0.444	0.423	0.516	0.336	140.109	3237	3716
272	0.136	46.286	79.008	1.466	46.101	78.740	0.360	0.572	0.537	0.322	103.037	2185	3720
273	0.112	73.825	79.315	1.269	73.618	79.142	0.423	0.360	0.459	0.312	32.811	3486	3739
274	0.133	116.440	79.405	1.388	116.205	79.206	0.466	0.402	0.533	0.318	143.716	5493	3742
275	0.122	55.027	79.768	1.341	54.779	79.608	0.508	0.318	0.515	0.301	168.495	2593	3761
276	0.119	20.513	79.825	1.353	20.278	79.671	0.487	0.318	0.501	0.303	17.815	967	3764
277	0.144	26.625	79.996	1.431	26.374	79.798	0.487	0.402	0.531	0.345	148.804	1249	3770
278	0.086	91.840	80.032	1.082	91.652	79.883	0.381	0.296	0.387	0.283	174.572	4336	3774
279	0.127	61.804	80.248	1.388	61.574	80.031	0.444	0.423	0.521	0.310	138.695	2915	3781
280	0.132	26.656	80.599	1.353	26.437	80.412	0.444	0.381	0.492	0.342	147.626	1251	3799
281	0.121	17.163	80.632	1.294	16.933	80.476	0.466	0.318	0.475	0.323	178.634	806	3802
282	0.134	55.422	80.645	1.383	55.160	80.476	0.508	0.339	0.528	0.322	165.955	2613	3802
283	0.121	50.620	81.086	1.346	50.398	80.920	0.466	0.318	0.482	0.321	169.124	2385	3823
284	0.148	29.557	81.175	1.491	29.295	80.962	0.508	0.423	0.555	0.340	147.485	1389	3825
285	0.119	95.630	81.388	1.311	95.398	81.216	0.466	0.339	0.501	0.302	158.007	4512	3837
286	0.116	27.033	81.407	1.281	26.818	81.238	0.444	0.339	0.477	0.311	156.018	1269	3838
287	0.119	18.998	81.517	1.336	18.754	81.365	0.487	0.318	0.515	0.293	162.685	888	3844
288	0.132	74.085	81.689	1.491	73.914	81.428	0.381	0.529	0.545	0.309	68.820	3501	3847
289	0.133	58.397	82.077	1.456	58.102	81.915	0.550	0.339	0.562	0.301	159.834	2751	3870
290	0.127	57.666	82.367	1.388	57.489	82.106	0.339	0.529	0.534	0.302	104.556	2721	3879
291	0.123	111.006	82.337	1.334	110.808	82.106	0.402	0.444	0.506	0.309	48.905	5248	3879
292	0.129	98.757	82.590	1.383	98.510	82.423	0.508	0.339	0.519	0.317	168.448	4660	3894
293	0.129	86.512	82.765	1.406	86.275	82.550	0.444	0.444	0.510	0.323	46.195	4089	3900
294	0.125	103.853	83.127	1.371	103.674	82.889	0.360	0.487	0.522	0.306	115.914	4901	3916
295	0.135	36.069	83.230	1.431	35.856	82.973	0.402	0.487	0.543	0.317	54.822	1709	3920
296	0.126	89.609	83.344	1.359	89.408	83.122	0.381	0.466	0.511	0.314	121.921	4227	3927
297	0.155	59.971	83.351	1.551	59.690	83.143	0.550	0.423	0.582	0.339	151.468	2827	3928
298	0.133	102.226	83.598	1.401	102.044	83.354	0.360	0.508	0.535	0.317	112.988	4824	3938
299	0.118	100.335	83.624	1.311	100.140	83.418	0.402	0.402	0.484	0.311	47.560	4741	3941
300	0.114	37.551	83.661	1.299	37.359	83.439	0.381	0.423	0.484	0.299	56.201	1775	3942
301	0.133	112.467	83.619	1.371	112.226	83.439	0.487	0.360	0.512	0.331	161.397	5307	3942
302	0.142	64.705	83.689	1.431	64.474	83.460	0.444	0.444	0.533	0.338	131.249	3050	3943
303	0.162	12.407	83.694	1.540	12.128	83.524	0.572	0.360	0.592	0.349	9.051	581	3946
304	0.108	45.172	83.889	1.196	45.000	83.693	0.339	0.402	0.405	0.338	83.624	2131	3954
305	0.140	58.205	83.923	1.443	57.933	83.756	0.550	0.339	0.552	0.324	7.817	2749	3957
306	0.099	45.875	84.353	1.232	45.699	84.116	0.318	0.466	0.450	0.282	85.350	2166	3974
307	0.135	12.833	84.449	1.426	12.658	84.180	0.339	0.529	0.550	0.313	103.965	601	3977
308	0.124	25.355	84.450	1.316	25.146	84.243	0.423	0.402	0.463	0.340	143.067	1193	3980
309	0.125	94.679	84.830	1.383	94.530	84.540	0.296	0.550	0.539	0.294	85.003	4473	3994
310	0.098	44.324	84.720	1.196	44.090	84.582	0.466	0.275	0.463	0.270	171.664	2089	3996
311	0.127	36.236	84.816	1.388	36.004	84.603	0.444	0.423	0.530	0.306	41.427	1714	3997
312	0.138	66.727	84.894	1.438	66.463	84.730	0.529	0.339	0.558	0.316	160.827	3141	4003
313	0.143	62.232	84.996	1.491	61.976	84.794	0.529	0.402	0.559	0.327	28.946	2946	4006
314	0.137	63.638	85.028	1.456	63.352	84.857	0.550	0.339	0.557	0.313	16.827	3006	4009
315	0.129	121.038	85.107	1.483	120.798	84.900	0.466	0.466	0.523	0.315	137.820	5709	4011
316	0.131	27.952	85.370	1.381	27.750	85.132	0.423	0.466	0.527	0.317	128.936	1314	4022
317	0.138	87.380	85.545	1.436	87.186	85.302	0.402	0.487	0.522	0.338	116.967	4122	4030
318	0.125	83.768	85.740	1.351	83.524	85.556	0.487	0.381	0.516	0.308	148.215	3950	4042
319	0.115	65.206	86.409	1.286	65.024	86.191	0.360	0.444	0.472	0.309	122.550	3077	4072
320	0.116	60.953	86.436	1.329	60.727	86.254	0.466	0.360	0.513	0.289	151.415	2872	4075
321	0.114	78.943	86.520	1.281	78.782	86.296	0.318	0.466	0.466	0.311	101.101	3726	4077
322	0.119	35.957	86.485	1.311	35.687	86.339	0.508	0.296	0.495	0.306	0.771	1693	4079
323	0.146	57.802	87.039	1.468	57.531	86.868	0.550	0.339	0.579	0.321	163.645	2721	4104
324	0.117	34.790	87.420	1.329	34.565	87.249	0.466	0.339	0.498	0.300	24.269	1645	4122
325	0.125	57.193	87.534	1.473	56.938	87.355	0.508	0.339	0.503	0.316	171.172	2708	4127
326	0.107	85.260	87.575	1.232	85.069	87.376	0.360	0.423	0.470	0.290	126.127	4022	4128
327	0.135	60.912	87.792	1.388	60.706	87.566	0.423	0.444	0.525	0.328	133.584	2870	4137
328	0.143	75.002	87.998	1.456	74.740	87.820	0.550	0.339	0.559	0.326	169.936	3538	4149
329	0.145	65.157	88.223	1.498	64.876	88.053	0.572	0.339	0.562	0.329	178.370	3074	4160
330	0.118	55.898	88.325	1.351	55.668	88.117	0.466	0.402	0.538	0.279	143.364	2632	4163
331	0.132	103.339	88.286	1.396	103.082	88.117	0.508	0.339	0.534	0.314	12.809	4885	4163
332	0.137	95.224	88.579	1.426	94.975	88.392	0.508	0.360	0.553	0.314	155.650	4491	4176
333	0.134	119.384	88.900	1.401	119.147	88.688	0.466	0.402	0.536	0.319	34.672	5643	4190
334	0.144	56.907	88.926	1.478	56.642	88.731	0.529	0.402	0.571	0.322	28.102	2690	4192
335	0.103	93.361	89.267	1.269	93.218	89.006	0.296	0.487	0.483	0.272	109.736	4407	4205
336	0.128	113.316	89.286	1.346	113.094	89.090	0.444	0.402	0.505	0.322	146.252	5346	4209
337	0.105	87.631	89.534	1.256	87.397	89.387	0.487	0.296	0.490	0.274	163.840	4132	4223
338	0.119	25.407	89.664	1.318	25.167	89.514	0.487	0.296	0.506	0.299	170.632	1194	4229
339	0.119	58.385	89.744	1.334	58.145	89.577	0.508	0.339	0.489	0.309	17.226	2758	4232
340	0.124	37.710	89.844	1.388	37.507	89.620	0.402	0.423	0.470	0.336	42.897	1787	4234
341	0.132	95.375	90.837	1.418	95.186	90.572	0.381	0.508	0.519	0.323	110.441	4503	4279
342	0.126	41.582	91.262	1.364	41.381	91.038	0.381	0.487	0.516	0.311	120.903	1958	4301
343	0.127	90.521	91.362	1.418	90.360	91.080	0.318	0.550	0.535	0.303	93.621	4274	4303
344	0.132	78.122	91.825	1.401	77.893	91.609	0.444	0.423	0.534	0.315	42.869	3693	4328
345	0.108	92.780	91.763	1.221	92.562	91.609	0.444	0.296	0.451	0.305	5.215	4380	4328
346	0.133	28.294	92.164	1.456	28.109	91.906	0.381	0.508	0.542	0.311	64.433	1339	4342
347	0.134	57.737	92.362	1.436	57.531	92.117	0.402	0.487	0.548	0.311	58.514	2728	4352
348	0.124	78.655	92.356	1.334	78.444	92.117	0.402	0.444	0.484	0.326	52.424	3718	4352
349	0.133	76.368	92.358	1.413	76.136	92.160	0.466	0.402	0.533	0.318	34.993	3611	4354
350	0.126	61.956	92.413	1.371	61.743	92.202	0.423	0.423	0.492	0.326	46.510	2928	4356
351	0.120	45.726	92.471	1.413	45.572	92.223	0.339	0.466	0.460	0.331	109.460	2157	4357
352	0.144	70.808	92.493	1.478	70.591	92.223	0.402	0.529	0.534	0.344	107.618	3341	4357
353	0.102	79.706	92.966	1.256	79.566	92.731	0.296	0.487	0.471	0.275	104.686	3763	4381
354	0.099	62.861	93.219	1.214	62.674	93.028	0.381	0.381	0.433	0.290	38.360	2974	4395
355	0.135	102.133	93.414	1.431	101.918	93.176	0.423	0.466	0.532	0.324	50.787	4829	4402
356	0.131	60.189	94.064	1.388	59.986	93.832	0.402	0.466	0.520	0.322	54.799	2845	4433
357	0.125	70.353	94.044	1.334	70.146	93.832	0.423	0.423	0.512	0.310	132.219	3316	4433
358	0.114	95.536	94.196	1.304	95.314	94.001	0.444	0.381	0.500	0.291	38.224	4516	4441
359	0.115	48.479	94.548	1.276	48.324	94.319	0.296	0.466	0.473	0.310	85.856	2290	4456
360	0.127	74.785	94.598	1.394	74.591	94.340	0.402	0.487	0.536	0.301	127.780	3527	4457
361	0.125	79.929	94.724	1.401	79.756	94.446	0.339	0.529	0.524	0.304	105.993	3773	4462
362	0.143	123.304	94.722	1.436	123.063	94.509	0.487	0.423	0.537	0.340	142.554	5817	4465
363	0.147	40.839	94.837	1.478	40.640	94.573	0.402	0.529	0.558	0.335	118.200	1924	4468
364	0.129	75.961	94.796	1.388	75.713	94.615	0.487	0.381	0.531	0.310	150.517	3580	4470
365	0.125	34.927	94.885	1.396	34.756	94.636	0.339	0.508	0.524	0.305	71.824	1650	4471
366	0.141	86.662	94.795	1.438	86.381	94.636	0.550	0.318	0.558	0.321	3.811	4090	4471
367	0.126	64.436	94.860	1.396	64.177	94.700	0.508	0.339	0.534	0.300	161.304	3036	4474
368	0.115	109.535	95.168	1.279	109.326	94.975	0.444	0.381	0.446	0.328	33.170	5175	4487
369	0.115	87.285	95.360	1.316	87.122	95.102	0.318	0.508	0.480	0.305	82.543	4125	4493
370	0.131	50.987	95.553	1.418	50.758	95.335	0.444	0.444	0.525	0.318	133.550	2402	4504
371	0.129	84.686	95.748	1.353	84.434	95.589	0.508	0.318	0.508	0.323	177.490	3996	4516
372	0.126	41.083	95.889	1.411	40.852	95.673	0.487	0.423	0.534	0.300	142.825	1935	4520
373	0.110	106.118	95.900	1.286	105.897	95.737	0.466	0.318	0.461	0.304	3.166	5012	4523
374	0.121	111.627	95.983	1.391	111.464	95.737	0.318	0.508	0.520	0.296	71.618	5275	4523
375	0.135	14.566	96.039	1.413	14.330	95.843	0.466	0.402	0.505	0.340	35.420	688	4528
376	0.127	68.658	96.219	1.376	68.411	96.033	0.487	0.381	0.527	0.307	145.250	3235	4537
377	0.127	71.082	96.469	1.406	70.866	96.245	0.444	0.444	0.543	0.298	140.345	3349	4547
378	0.144	43.448	97.038	1.431	43.265	96.774	0.360	0.529	0.527	0.348	107.056	2049	4572
379	0.125	15.562	97.249	1.396	15.304	97.092	0.529	0.318	0.539	0.295	15.697	735	4587
380	0.151	54.124	97.343	1.510	53.848	97.176	0.572	0.339	0.595	0.324	14.139	2556	4591
381	0.151	41.601	97.830	1.561	41.360	97.600	0.487	0.508	0.542	0.354	134.046	1960	4611
382	0.134	78.911	98.436	1.401	78.634	98.277	0.529	0.339	0.524	0.325	175.668	3723	4643
383	0.118	123.800	98.850	1.256	123.592	98.679	0.423	0.360	0.428	0.352	18.530	5845	4662
384	0.106	85.491	99.067	1.251	85.344	98.848	0.318	0.444	0.467	0.289	67.439	4038	4670
385	0.110	54.499	99.810	1.294	54.356	99.568	0.296	0.487	0.515	0.273	106.957	2569	4704
386	0.125	117.144	99.878	1.359	116.946	99.653	0.402	0.444	0.511	0.311	52.053	5536	4708
387	0.127	98.888	99.976	1.346	98.700	99.737	0.381	0.466	0.508	0.318	120.250	4666	4712
388	0.135	60.769	100.047	1.466	60.558	99.780	0.423	0.508	0.569	0.302	124.627	2864	4714
389	0.133	72.219	99.977	1.401	71.946	99.801	0.529	0.339	0.523	0.324	172.665	3409	4715
390	0.117	45.720	100.738	1.336	45.572	100.478	0.296	0.508	0.513	0.290	77.096	2161	4747
391	0.130	103.925	100.850	1.394	103.717	100.626	0.444	0.444	0.529	0.314	46.962	4912	4754
392	0.125	92.816	100.946	1.378	92.668	100.669	0.296	0.529	0.532	0.300	82.502	4386	4756
393	0.142	46.196	101.771	1.473	45.995	101.515	0.402	0.508	0.557	0.326	59.054	2185	4796
394	0.121	16.527	101.742	1.299	16.320	101.558	0.423	0.381	0.469	0.328	37.962	779	4798
395	0.127	56.672	102.801	1.341	56.430	102.637	0.487	0.339	0.488	0.331	10.909	2676	4849
396	0.130	84.796	103.270	1.498	84.540	103.103	0.529	0.339	0.511	0.324	10.076	4004	4871
397	0.152	104.834	103.942	1.570	104.563	103.780	0.572	0.339	0.559	0.347	179.758	4947	4903
398	0.125	64.234	104.036	1.353	63.966	103.886	0.508	0.318	0.508	0.314	170.072	3028	4908
399	0.134	117.902	104.127	1.388	117.708	103.886	0.381	0.487	0.525	0.326	118.957	5565	4908
400	0.133	39.597	104.153	1.401	39.349	103.971	0.508	0.360	0.527	0.320	157.974	1864	4912
401	0.142	106.683	104.641	1.456	106.426	104.458	0.529	0.360	0.553	0.327	158.175	5032	4935
402	0.117	73.347	104.740	1.323	73.194	104.479	0.296	0.508	0.511	0.292	91.690	3463	4936
403	0.143	20.156	104.729	1.473	19.897	104.542	0.529	0.360	0.529	0.344	4.301	953	4939
404	0.146	24.944	104.842	1.486	24.765	104.584	0.360	0.550	0.562	0.330	109.724	1172	4941
405	0.144	53.600	104.881	1.486	53.340	104.690	0.529	0.381	0.555	0.330	153.031	2523	4946
406	0.119	66.150	105.342	1.346	65.955	105.114	0.402	0.444	0.518	0.292	128.635	3118	4966
407	0.126	40.244	105.400	1.353	40.005	105.220	0.487	0.339	0.492	0.327	170.446	1900	4971
408	0.126	43.998	105.618	1.383	43.773	105.431	0.466	0.381	0.519	0.310	33.269	2079	4981
409	0.111	41.840	106.383	1.276	41.614	106.236	0.466	0.296	0.485	0.290	9.838	1974	5019
410	0.127	38.062	107.481	1.359	37.825	107.294	0.487	0.360	0.512	0.317	154.863	1791	5069
411	0.119	71.231	107.632	1.334	71.014	107.421	0.423	0.423	0.511	0.297	133.719	3357	5075
412	0.127	50.801	107.712	1.383	50.631	107.463	0.339	0.508	0.522	0.310	75.879	2399	5077
413	0.125	101.298	107.751	1.353	101.134	107.484	0.318	0.508	0.500	0.317	81.003	4788	5078
414	0.141	73.874	107.818	1.443	73.618	107.633	0.508	0.381	0.552	0.325	25.937	3491	5085
415	0.132	51.666	107.963	1.401	51.498	107.696	0.318	0.550	0.542	0.309	94.636	2438	5088
416	0.139	98.046	109.012	1.448	97.854	108.754	0.381	0.529	0.544	0.326	114.715	4628	5138
417	0.131	55.082	109.162	1.418	54.843	108.966	0.466	0.381	0.514	0.324	149.948	2595	5148
418	0.145	69.873	109.322	1.600	69.575	109.135	0.572	0.381	0.604	0.306	157.834	3287	5156
419	0.145	59.743	110.344	1.468	59.457	110.172	0.550	0.339	0.560	0.330	169.634	2817	5205
420	0.134	63.206	111.105	1.538	63.013	110.850	0.381	0.508	0.532	0.320	115.250	2982	5237
421	0.126	51.048	111.122	1.371	50.885	110.871	0.339	0.508	0.528	0.305	106.093	2407	5238
422	0.129	114.101	112.348	1.371	113.856	112.183	0.508	0.339	0.511	0.321	169.128	5384	5300
423	0.132	45.265	112.671	1.463	45.106	112.416	0.318	0.529	0.550	0.306	91.372	2135	5311
424	0.146	54.341	113.216	1.468	54.144	112.966	0.381	0.508	0.555	0.335	117.743	2561	5337
425	0.117	15.677	113.610	1.299	15.430	113.453	0.487	0.318	0.483	0.310	179.987	737	5360
426	0.131	83.476	114.647	1.388	83.291	114.406	0.381	0.487	0.497	0.335	117.286	3941	5405
427	0.129	58.736	115.097	1.388	58.568	114.829	0.339	0.529	0.532	0.310	71.362	2776	5425
428	0.113	98.405	115.730	1.321	98.213	115.506	0.381	0.444	0.489	0.295	57.750	4650	5457
429	0.092	67.102	116.030	1.279	66.929	115.824	0.402	0.381	0.433	0.271	139.556	3165	5472
430	0.142	67.531	118.244	1.453	67.310	118.004	0.444	0.466	0.558	0.324	47.785	3191	5575
431	0.115	69.451	118.412	1.286	69.278	118.174	0.360	0.444	0.492	0.297	126.468	3275	5583
432	0.128	110.306	118.545	1.431	110.067	118.343	0.466	0.402	0.516	0.316	33.500	5216	5591
433	0.143	93.348	118.735	1.521	93.154	118.470	0.402	0.529	0.562	0.325	121.419	4403	5597
434	0.140	49.687	118.838	1.456	49.509	118.576	0.360	0.529	0.538	0.331	69.681	2349	5602
435	0.125	86.596	118.967	1.353	86.424	118.724	0.339	0.487	0.495	0.321	110.371	4088	5609
436	0.137	46.890	119.122	1.443	46.651	118.914	0.466	0.423	0.550	0.316	37.774	2218	5618
437	0.108	43.860	119.170	1.274	43.624	118.999	0.466	0.339	0.472	0.291	160.093	2069	5622
438	0.142	68.335	119.635	1.456	68.157	119.359	0.360	0.529	0.531	0.341	100.399	3226	5639
439	0.112	68.805	120.509	1.256	68.580	120.354	0.466	0.318	0.479	0.297	164.631	3243	5686
440	0.134	80.494	120.530	1.443	80.200	120.375	0.572	0.318	0.557	0.306	6.139	3800	5687
441	0.132	112.768	121.642	1.406	112.607	121.370	0.339	0.529	0.524	0.320	100.334	5325	5734
442	0.138	87.635	122.018	1.431	87.461	121.751	0.360	0.529	0.539	0.325	113.891	4134	5752
443	0.132	56.585	122.076	1.426	56.409	121.814	0.339	0.529	0.537	0.313	105.510	2669	5755
444	0.121	101.816	122.018	1.346	101.558	121.856	0.508	0.339	0.493	0.312	16.985	4810	5757
445	0.042	104.505	123.532	0.798	104.373	123.423	0.275	0.233	0.270	0.199	153.193	4933	5831
446	0.131	48.662	124.842	1.388	48.408	124.651	0.487	0.381	0.536	0.311	30.909	2300	5889
447	0.112	83.801	125.048	1.311	83.651	124.778	0.296	0.508	0.493	0.290	83.335	3960	5895
448	0.135	91.016	126.070	1.453	90.805	125.815	0.402	0.508	0.515	0.335	69.014	4300	5944
449	0.140	58.351	127.023	1.431	58.145	126.788	0.423	0.466	0.541	0.329	51.413	2759	5990
450	0.128	66.660	127.264	1.381	66.400	127.064	0.508	0.381	0.523	0.311	28.893	3153	6003
451	0.121	56.503	127.528	1.364	56.282	127.296	0.423	0.444	0.519	0.297	47.639	2674	6014
452	0.128	65.452	128.240	1.411	65.236	127.995	0.423	0.487	0.559	0.292	53.640	3095	6047
453	0.043	119.730	129.540	0.842	119.613	129.413	0.212	0.254	0.265	0.204	65.068	5655	6114
