 	Area	X	Y	Perim.	BX	BY	Width	Height	Major	Minor	Angle	XStart	YStart
1	0.048	111.363	13.250	0.872	111.273	13.081	0.169	0.339	0.341	0.179	89.980	5262	618
2	0.116	45.827	18.609	1.269	45.656	18.394	0.360	0.423	0.459	0.322	117.999	2160	869
3	0.123	51.845	19.071	1.336	51.689	18.817	0.318	0.487	0.483	0.325	87.287	2450	889
4	0.049	77.808	20.508	0.900	77.639	20.384	0.339	0.254	0.356	0.174	24.794	3679	963
5	0.103	27.054	20.827	1.167	26.861	20.659	0.381	0.339	0.402	0.328	160.454	1274	976
6	0.135	68.065	21.222	1.396	67.839	21.018	0.444	0.402	0.508	0.338	142.898	3209	993
7	0.135	72.638	21.359	1.366	72.411	21.167	0.444	0.381	0.484	0.356	30.206	3431	1000
8	0.123	54.274	21.741	1.341	54.102	21.505	0.339	0.487	0.484	0.324	79.934	2564	1016
9	0.135	55.167	22.484	1.383	54.991	22.246	0.360	0.487	0.498	0.346	102.774	2602	1051
10	0.137	27.189	22.460	1.431	26.945	22.267	0.487	0.402	0.503	0.346	23.229	1286	1052
11	0.130	63.123	22.747	1.394	62.886	22.542	0.466	0.402	0.494	0.335	34.004	2983	1065
12	0.112	31.253	23.274	1.304	31.094	23.008	0.318	0.508	0.483	0.294	109.298	1473	1087
13	0.118	63.999	23.238	1.329	63.818	23.008	0.360	0.466	0.473	0.317	73.030	3023	1087
14	0.104	46.939	23.768	1.209	46.715	23.622	0.444	0.296	0.433	0.307	0.241	2213	1116
15	0.121	93.898	23.901	1.286	93.662	23.728	0.466	0.339	0.468	0.328	17.627	4435	1121
16	0.129	49.125	23.955	1.341	48.895	23.770	0.466	0.360	0.484	0.340	160.390	2317	1123
17	0.130	60.712	23.947	1.353	60.473	23.770	0.487	0.339	0.501	0.332	172.961	2864	1123
18	0.147	29.630	24.477	1.443	29.379	24.278	0.508	0.381	0.516	0.362	170.057	1398	1147
19	0.102	20.642	25.912	1.179	20.447	25.760	0.402	0.318	0.423	0.307	18.754	972	1217
20	0.121	40.033	26.924	1.311	39.814	26.734	0.444	0.360	0.475	0.323	157.527	1887	1263
21	0.121	87.974	27.489	1.311	87.799	27.263	0.360	0.444	0.481	0.319	116.069	4151	1288
22	0.142	70.932	27.617	1.556	70.739	27.368	0.381	0.550	0.530	0.340	106.268	3346	1293
23	0.122	89.868	27.675	1.341	89.704	27.432	0.339	0.487	0.501	0.310	103.548	4242	1296
24	0.128	96.871	27.682	1.341	96.647	27.496	0.444	0.381	0.477	0.342	22.169	4578	1299
25	0.119	76.274	27.741	1.264	76.094	27.538	0.360	0.402	0.419	0.362	60.796	3601	1301
26	0.121	78.918	27.698	1.306	78.676	27.538	0.466	0.318	0.472	0.325	172.704	3723	1301
27	0.120	39.776	28.579	1.299	39.560	28.406	0.444	0.360	0.456	0.334	13.852	1878	1342
28	0.117	75.576	28.668	1.286	75.396	28.448	0.360	0.444	0.441	0.338	112.867	3567	1344
29	0.133	32.790	28.699	1.366	32.554	28.512	0.466	0.360	0.481	0.351	8.337	1550	1347
30	0.095	87.882	28.710	1.124	87.694	28.554	0.381	0.318	0.392	0.307	11.278	4149	1349
31	0.124	57.388	29.094	1.311	57.150	28.935	0.466	0.339	0.463	0.341	176.315	2706	1367
32	0.118	84.755	29.631	1.286	84.582	29.400	0.360	0.444	0.449	0.335	109.488	4002	1389
33	0.135	113.323	29.612	1.383	113.072	29.443	0.487	0.360	0.496	0.347	174.096	5349	1391
34	0.146	76.578	29.904	1.456	76.348	29.697	0.466	0.423	0.510	0.365	32.493	3618	1403
35	0.138	105.139	30.092	1.388	104.923	29.866	0.423	0.444	0.493	0.357	128.755	4963	1411
36	0.144	50.066	30.363	1.426	49.890	30.099	0.360	0.508	0.515	0.355	97.034	2365	1422
37	0.144	48.914	30.409	1.413	48.683	30.205	0.466	0.402	0.516	0.356	32.793	2311	1427
38	0.092	59.318	30.433	1.137	59.161	30.226	0.296	0.402	0.413	0.283	79.254	2802	1428
39	0.117	49.568	30.678	1.269	49.403	30.459	0.339	0.444	0.454	0.329	76.999	2340	1439
40	0.109	106.227	30.949	1.239	106.045	30.755	0.360	0.402	0.437	0.317	126.110	5013	1453
41	0.094	38.777	31.240	1.142	38.587	31.073	0.381	0.339	0.402	0.298	39.320	1831	1468
42	0.129	69.547	31.356	1.323	69.321	31.178	0.444	0.360	0.450	0.364	11.193	3283	1473
43	0.123	45.724	31.482	1.353	45.487	31.306	0.466	0.360	0.482	0.324	27.265	2160	1479
44	0.131	107.971	31.753	1.371	107.760	31.538	0.423	0.423	0.494	0.337	42.670	5103	1490
45	0.133	114.129	32.160	1.394	113.919	31.919	0.423	0.466	0.515	0.329	50.208	5394	1508
46	0.128	26.771	32.912	1.359	26.585	32.681	0.381	0.466	0.489	0.334	123.218	1259	1544
47	0.131	39.049	33.141	1.371	38.798	32.978	0.508	0.339	0.508	0.329	174.375	1839	1558
48	0.125	27.157	33.492	1.329	26.988	33.253	0.339	0.466	0.469	0.338	95.049	1282	1571
49	0.131	90.800	33.687	1.359	90.614	33.443	0.360	0.487	0.496	0.336	71.911	4289	1580
50	0.134	121.527	33.793	1.359	121.306	33.592	0.444	0.402	0.500	0.341	144.614	5735	1587
51	0.131	114.602	33.805	1.353	114.364	33.634	0.487	0.339	0.504	0.331	13.801	5413	1589
52	0.125	97.749	34.014	1.306	97.578	33.782	0.339	0.444	0.452	0.351	86.057	4617	1596
53	0.125	54.325	34.342	1.371	54.144	34.121	0.381	0.466	0.511	0.312	61.567	2565	1612
54	0.116	42.912	34.660	1.264	42.693	34.502	0.444	0.318	0.456	0.325	1.531	2023	1630
55	0.136	96.439	34.982	1.408	96.266	34.734	0.339	0.508	0.519	0.334	92.979	4552	1641
56	0.110	100.443	35.042	1.239	100.288	34.819	0.318	0.444	0.457	0.306	109.524	4741	1645
57	0.133	104.738	35.153	1.394	104.479	34.967	0.508	0.381	0.484	0.349	165.613	4945	1652
58	0.131	50.966	35.425	1.388	50.800	35.179	0.339	0.487	0.494	0.337	94.958	2405	1662
59	0.131	65.033	35.438	1.376	64.791	35.264	0.487	0.360	0.486	0.343	8.431	3070	1666
60	0.120	76.444	36.174	1.286	76.242	35.983	0.402	0.402	0.459	0.332	136.452	3604	1700
61	0.138	111.788	36.772	1.376	111.570	36.555	0.423	0.444	0.484	0.361	127.539	5276	1727
62	0.108	40.062	36.963	1.226	39.878	36.766	0.381	0.381	0.421	0.328	145.200	1889	1737
63	0.108	54.397	37.242	1.256	54.229	37.020	0.339	0.444	0.450	0.304	105.237	2567	1749
64	0.097	51.128	37.217	1.154	50.927	37.063	0.402	0.318	0.402	0.308	161.464	2410	1751
65	0.121	23.068	37.319	1.294	22.839	37.148	0.444	0.339	0.448	0.343	167.213	1085	1755
66	0.113	92.221	37.762	1.244	92.033	37.550	0.381	0.402	0.414	0.349	117.522	4353	1774
67	0.114	112.972	37.796	1.256	112.755	37.613	0.423	0.360	0.452	0.322	24.039	5340	1777
68	0.122	78.033	38.200	1.316	77.809	38.015	0.444	0.381	0.475	0.328	32.481	3687	1796
69	0.127	19.338	38.809	1.346	19.135	38.587	0.402	0.444	0.481	0.337	126.928	908	1823
70	0.116	106.030	38.821	1.286	105.854	38.608	0.360	0.444	0.454	0.324	69.886	5008	1824
71	0.119	59.815	38.968	1.274	59.605	38.777	0.423	0.381	0.470	0.322	144.136	2820	1832
72	0.116	48.182	39.280	1.291	47.985	39.052	0.381	0.444	0.474	0.313	60.039	2277	1845
73	0.114	103.684	39.304	1.251	103.484	39.116	0.402	0.360	0.430	0.338	33.195	4897	1848
74	0.104	19.920	39.922	1.196	19.727	39.751	0.402	0.339	0.398	0.334	8.994	938	1878
75	0.102	84.428	40.130	1.209	84.264	39.920	0.318	0.423	0.439	0.295	98.460	3985	1886
76	0.111	99.879	40.177	1.244	99.674	39.984	0.402	0.381	0.450	0.313	138.221	4713	1889
77	0.134	101.119	40.424	1.383	100.944	40.174	0.339	0.487	0.501	0.340	81.127	4776	1898
78	0.116	98.192	40.426	1.269	98.023	40.217	0.360	0.423	0.456	0.323	61.838	4638	1900
79	0.116	88.663	40.642	1.274	88.498	40.407	0.339	0.466	0.471	0.315	108.901	4185	1909
80	0.129	26.541	41.071	1.388	26.374	40.809	0.339	0.529	0.507	0.325	92.838	1252	1928
81	0.136	76.817	41.168	1.391	76.645	40.915	0.339	0.487	0.489	0.354	93.414	3626	1933
82	0.123	114.227	41.226	1.329	114.004	41.042	0.444	0.381	0.482	0.324	144.665	5389	1939
83	0.123	86.418	41.736	1.311	86.254	41.487	0.318	0.487	0.487	0.322	90.342	4081	1960
84	0.134	89.982	41.713	1.364	89.768	41.487	0.423	0.444	0.476	0.357	123.161	4247	1960
85	0.138	81.935	41.968	1.406	81.724	41.741	0.444	0.444	0.493	0.357	49.037	3872	1972
86	0.116	91.496	42.166	1.299	91.313	41.952	0.360	0.444	0.468	0.316	63.557	4322	1982
87	0.136	71.565	42.408	1.371	71.374	42.185	0.402	0.444	0.493	0.352	126.674	3374	1993
88	0.122	30.573	42.497	1.311	30.374	42.291	0.402	0.402	0.478	0.325	136.176	1437	1998
89	0.139	79.300	43.204	1.456	79.100	42.968	0.402	0.466	0.481	0.367	56.587	3746	2030
90	0.128	124.504	43.423	1.341	124.291	43.222	0.423	0.402	0.482	0.338	41.753	5883	2042
91	0.107	82.013	43.558	1.269	81.788	43.392	0.444	0.318	0.463	0.294	20.530	3872	2050
92	0.103	76.442	44.307	1.219	76.264	44.090	0.339	0.444	0.457	0.286	116.915	3608	2083
93	0.128	80.971	44.698	1.383	80.772	44.471	0.402	0.444	0.475	0.344	119.375	3823	2101
94	0.141	43.197	44.716	1.406	42.990	44.492	0.444	0.444	0.516	0.347	134.289	2034	2102
95	0.124	68.496	45.040	1.304	68.284	44.831	0.423	0.402	0.463	0.341	144.667	3233	2118
96	0.125	43.557	45.307	1.329	43.349	45.085	0.402	0.423	0.476	0.334	50.551	2059	2130
97	0.141	74.142	45.340	1.418	73.956	45.085	0.381	0.508	0.498	0.360	76.434	3502	2130
98	0.127	78.982	45.340	1.371	78.761	45.148	0.444	0.381	0.469	0.344	152.240	3726	2133
99	0.118	88.318	45.552	1.256	88.096	45.381	0.444	0.339	0.438	0.342	1.046	4169	2144
100	0.138	40.806	46.116	1.418	40.576	45.889	0.444	0.444	0.518	0.340	46.399	1929	2168
101	0.120	51.937	46.104	1.281	51.710	45.932	0.444	0.339	0.450	0.340	171.627	2448	2170
102	0.135	25.677	46.235	1.401	25.485	45.995	0.381	0.487	0.500	0.343	117.990	1210	2173
103	0.099	86.925	46.442	1.142	86.741	46.270	0.360	0.360	0.366	0.345	33.409	4105	2186
104	0.131	19.107	47.018	1.359	18.881	46.800	0.423	0.423	0.496	0.337	47.223	903	2211
105	0.112	114.559	47.594	1.239	114.406	47.371	0.318	0.444	0.454	0.316	78.742	5411	2238
106	0.105	28.774	48.132	1.226	28.596	47.921	0.339	0.423	0.423	0.317	106.488	1356	2264
107	0.127	73.145	48.499	1.353	72.898	48.324	0.487	0.339	0.485	0.334	0.089	3453	2283
108	0.135	40.226	48.670	1.413	39.984	48.514	0.508	0.339	0.506	0.341	2.354	1893	2292
109	0.123	56.412	48.767	1.316	56.198	48.556	0.423	0.402	0.484	0.324	141.552	2662	2294
110	0.142	120.043	49.215	1.448	119.846	48.958	0.402	0.508	0.528	0.344	116.173	5667	2313
111	0.090	101.736	49.196	1.094	101.558	49.043	0.360	0.318	0.365	0.314	170.228	4803	2317
112	0.116	114.446	49.795	1.256	114.258	49.594	0.381	0.402	0.442	0.335	53.468	5405	2343
113	0.132	63.413	49.932	1.378	63.246	49.678	0.318	0.508	0.519	0.325	86.147	2994	2347
114	0.122	78.566	50.299	1.399	78.359	50.080	0.423	0.423	0.478	0.326	129.873	3707	2366
115	0.104	77.502	51.041	1.234	77.343	50.821	0.296	0.444	0.458	0.290	95.305	3657	2401
116	0.142	75.074	51.573	1.401	74.824	51.393	0.487	0.381	0.508	0.357	161.483	3540	2428
117	0.122	43.496	52.960	1.299	43.328	52.726	0.339	0.466	0.472	0.328	103.594	2052	2491
118	0.121	80.022	53.105	1.311	79.862	52.853	0.318	0.487	0.476	0.322	92.436	3778	2497
119	0.138	76.911	53.330	1.521	76.666	53.107	0.508	0.402	0.495	0.356	177.343	3631	2509
120	0.134	80.592	54.086	1.383	80.349	53.912	0.487	0.360	0.494	0.346	178.520	3803	2547
121	0.125	13.342	54.899	1.311	13.144	54.695	0.402	0.402	0.452	0.352	38.677	632	2584
122	0.148	109.397	55.035	1.448	109.178	54.800	0.423	0.487	0.539	0.349	122.936	5161	2589
123	0.142	47.917	55.116	1.436	47.731	54.864	0.381	0.508	0.509	0.355	103.673	2261	2592
124	0.140	92.601	55.099	1.448	92.392	54.885	0.423	0.444	0.483	0.370	49.136	4374	2593
125	0.108	38.904	55.329	1.209	38.735	55.118	0.339	0.402	0.408	0.338	111.030	1836	2604
126	0.129	73.745	55.350	1.353	73.575	55.118	0.339	0.487	0.495	0.332	75.417	3484	2604
127	0.119	66.752	55.406	1.299	66.569	55.182	0.360	0.444	0.472	0.320	117.191	3148	2607
128	0.126	54.292	55.456	1.299	54.081	55.266	0.423	0.381	0.465	0.346	31.597	2564	2611
129	0.099	70.039	55.491	1.154	69.829	55.330	0.402	0.318	0.408	0.311	17.350	3308	2614
130	0.123	52.050	55.685	1.329	51.858	55.457	0.381	0.444	0.471	0.333	121.140	2454	2620
131	0.125	47.385	55.767	1.346	47.180	55.541	0.402	0.444	0.484	0.327	57.145	2241	2624
132	0.116	87.334	56.189	1.256	87.164	55.965	0.339	0.444	0.453	0.327	105.930	4122	2644
133	0.127	54.282	56.467	1.341	54.102	56.240	0.360	0.466	0.486	0.332	98.359	2560	2657
134	0.132	71.875	56.680	1.346	71.692	56.430	0.360	0.487	0.498	0.337	68.465	3396	2666
135	0.140	119.133	56.737	1.376	118.893	56.536	0.466	0.402	0.480	0.371	27.915	5627	2671
136	0.133	53.269	56.879	1.383	53.107	56.621	0.339	0.508	0.510	0.333	95.396	2516	2675
137	0.142	13.628	56.939	1.533	13.420	56.663	0.402	0.529	0.550	0.329	117.745	635	2677
138	0.111	96.839	57.038	1.244	96.626	56.854	0.423	0.360	0.455	0.309	144.624	4569	2686
139	0.138	28.090	57.076	1.413	27.834	56.896	0.487	0.360	0.487	0.362	10.888	1325	2688
140	0.127	109.887	57.532	1.341	109.707	57.298	0.360	0.466	0.470	0.344	90.829	5188	2707
141	0.107	48.112	57.587	1.214	47.879	57.425	0.444	0.318	0.433	0.315	170.631	2268	2713
142	0.125	87.981	57.704	1.341	87.799	57.468	0.360	0.466	0.472	0.337	88.455	4155	2715
143	0.117	82.846	57.831	1.269	82.677	57.616	0.339	0.444	0.447	0.334	99.241	3910	2722
144	0.116	92.911	58.026	1.286	92.689	57.848	0.444	0.360	0.461	0.322	32.321	4389	2733
145	0.136	98.390	58.087	1.388	98.192	57.848	0.402	0.466	0.498	0.347	122.481	4645	2733
146	0.151	9.853	58.239	1.533	9.652	57.976	0.402	0.508	0.530	0.363	65.228	469	2739
147	0.105	29.080	58.488	1.179	28.914	58.293	0.339	0.381	0.412	0.325	117.819	1369	2754
148	0.113	93.785	58.532	1.281	93.620	58.293	0.318	0.466	0.458	0.314	82.657	4431	2754
149	0.098	99.424	58.529	1.184	99.250	58.335	0.360	0.381	0.424	0.295	47.244	4701	2756
150	0.113	103.682	58.782	1.274	103.505	58.568	0.339	0.444	0.453	0.319	104.452	4894	2767
151	0.113	43.884	59.089	1.261	43.709	58.864	0.360	0.444	0.461	0.312	118.645	2069	2781
152	0.142	31.547	59.377	1.413	31.348	59.140	0.402	0.466	0.517	0.351	56.611	1490	2794
153	0.113	105.743	59.497	1.299	105.600	59.246	0.296	0.508	0.494	0.292	88.216	4994	2799
154	0.133	69.208	60.271	1.371	69.003	60.050	0.402	0.444	0.494	0.342	53.300	3270	2837
155	0.136	27.892	60.591	1.401	27.686	60.346	0.402	0.466	0.499	0.346	53.626	1320	2851
156	0.139	53.851	60.937	1.401	53.636	60.706	0.423	0.444	0.503	0.353	48.857	2546	2868
157	0.111	74.572	60.990	1.256	74.401	60.770	0.339	0.444	0.460	0.306	117.951	3519	2871
158	0.133	62.281	60.967	1.359	62.040	60.791	0.487	0.360	0.488	0.346	174.883	2939	2872
159	0.125	75.353	61.128	1.341	75.184	60.875	0.339	0.487	0.497	0.320	108.476	3557	2876
160	0.125	63.434	61.395	1.329	63.225	61.193	0.423	0.402	0.480	0.332	42.383	2997	2891
161	0.087	92.188	61.915	1.094	92.033	61.743	0.318	0.360	0.373	0.299	72.270	4353	2917
162	0.131	30.806	62.181	1.353	30.628	61.934	0.339	0.487	0.503	0.331	100.452	1452	2926
163	0.116	44.912	62.202	1.269	44.704	62.018	0.423	0.360	0.447	0.331	156.870	2118	2930
164	0.133	11.481	62.238	1.383	11.240	62.061	0.508	0.339	0.508	0.334	173.172	539	2932
165	0.130	36.349	62.658	1.311	36.132	62.484	0.444	0.360	0.456	0.364	176.439	1711	2952
166	0.124	50.378	62.677	1.316	50.165	62.484	0.444	0.381	0.470	0.336	147.691	2374	2952
167	0.118	63.251	62.677	1.269	63.034	62.505	0.423	0.360	0.424	0.353	11.579	2986	2953
168	0.121	44.700	63.384	1.291	44.471	63.182	0.444	0.381	0.443	0.347	154.738	2109	2985
169	0.124	23.325	63.648	1.341	23.093	63.479	0.466	0.360	0.468	0.338	8.334	1101	2999
170	0.123	106.188	63.710	1.306	106.024	63.479	0.339	0.444	0.469	0.333	109.764	5013	2999
171	0.102	41.865	63.769	1.167	41.698	63.585	0.339	0.381	0.403	0.321	123.414	1972	3004
172	0.132	68.752	64.447	1.376	68.559	64.220	0.402	0.466	0.515	0.326	55.159	3249	3034
173	0.123	70.112	64.753	1.329	69.956	64.495	0.339	0.487	0.481	0.326	98.400	3309	3047
174	0.121	71.804	64.930	1.329	71.607	64.728	0.423	0.402	0.472	0.325	140.714	3384	3058
175	0.129	117.734	64.952	1.381	117.517	64.728	0.423	0.444	0.506	0.325	46.508	5565	3058
176	0.107	67.673	64.977	1.226	67.458	64.812	0.423	0.339	0.432	0.314	161.093	3192	3062
177	0.135	65.831	65.097	1.371	65.596	64.918	0.487	0.360	0.487	0.354	13.159	3107	3067
178	0.111	121.534	65.274	1.269	121.370	65.045	0.318	0.466	0.460	0.306	91.063	5740	3073
179	0.130	32.039	65.619	1.346	31.856	65.363	0.360	0.487	0.495	0.334	111.991	1510	3088
180	0.142	35.777	65.816	1.418	35.560	65.596	0.444	0.444	0.506	0.356	134.756	1684	3099
181	0.121	52.842	66.078	1.299	52.620	65.892	0.444	0.360	0.462	0.332	162.573	2492	3113
182	0.105	73.313	66.110	1.214	73.110	65.934	0.402	0.360	0.434	0.308	146.177	3457	3115
183	0.111	53.716	66.310	1.239	53.530	66.125	0.381	0.381	0.431	0.328	141.164	2531	3124
184	0.123	72.710	66.678	1.299	72.517	66.463	0.381	0.423	0.461	0.339	123.360	3431	3140
185	0.123	55.749	66.902	1.294	55.584	66.675	0.339	0.444	0.451	0.348	97.759	2631	3150
186	0.119	28.452	67.454	1.286	28.236	67.268	0.444	0.360	0.438	0.345	170.491	1342	3178
187	0.116	29.747	67.434	1.281	29.528	67.268	0.444	0.339	0.451	0.326	174.345	1402	3178
188	0.113	57.983	67.633	1.281	57.743	67.479	0.466	0.318	0.461	0.313	173.497	2735	3188
189	0.124	85.547	67.726	1.341	85.365	67.500	0.360	0.466	0.476	0.331	70.317	4041	3189
190	0.112	32.779	67.966	1.256	32.618	67.733	0.339	0.444	0.462	0.307	113.223	1544	3200
191	0.124	21.176	68.169	1.336	20.997	67.945	0.360	0.444	0.489	0.323	113.977	995	3210
192	0.135	76.682	68.206	1.359	76.475	67.987	0.423	0.423	0.467	0.369	134.675	3618	3212
193	0.106	105.128	68.236	1.191	104.966	68.030	0.318	0.402	0.412	0.328	97.740	4964	3214
194	0.133	52.106	68.430	1.383	51.943	68.178	0.339	0.508	0.499	0.339	81.073	2460	3221
195	0.108	39.180	68.496	1.251	38.968	68.326	0.423	0.339	0.439	0.315	20.474	1853	3228
196	0.101	61.219	68.806	1.202	61.045	68.601	0.360	0.402	0.416	0.310	117.723	2888	3241
197	0.123	41.893	68.980	1.323	41.720	68.749	0.339	0.466	0.469	0.335	85.805	1978	3248
198	0.119	71.012	68.970	1.269	70.845	68.749	0.339	0.444	0.456	0.331	102.360	3351	3248
199	0.109	84.560	69.011	1.226	84.349	68.855	0.444	0.318	0.444	0.312	17.658	3991	3253
200	0.078	44.675	69.059	1.077	44.535	68.876	0.275	0.381	0.389	0.257	91.555	2108	3254
201	0.125	70.503	69.063	1.329	70.273	68.876	0.466	0.360	0.478	0.334	165.981	3327	3254
202	0.114	45.079	69.266	1.269	44.852	69.088	0.444	0.339	0.451	0.321	14.287	2131	3264
203	0.130	71.910	69.461	1.394	71.692	69.215	0.423	0.466	0.489	0.340	58.213	3400	3270
204	0.127	45.670	69.728	1.329	45.487	69.490	0.360	0.466	0.484	0.335	113.207	2154	3283
205	0.119	78.830	69.777	1.286	78.634	69.575	0.402	0.402	0.460	0.328	46.311	3724	3287
206	0.125	9.557	69.831	1.306	9.334	69.660	0.444	0.339	0.458	0.346	2.588	449	3291
207	0.102	46.933	70.162	1.154	46.736	69.998	0.402	0.318	0.401	0.323	177.157	2213	3307
208	0.091	88.573	70.245	1.099	88.413	70.062	0.339	0.360	0.384	0.300	125.720	4181	3310
209	0.128	37.310	70.561	1.341	37.126	70.337	0.360	0.466	0.489	0.333	111.610	1757	3323
210	0.121	118.284	70.585	1.311	118.046	70.422	0.466	0.339	0.455	0.339	175.487	5584	3327
211	0.117	12.298	70.718	1.256	12.065	70.548	0.444	0.339	0.437	0.341	9.146	578	3333
212	0.127	51.207	70.789	1.366	51.033	70.548	0.339	0.487	0.495	0.327	84.913	2417	3333
213	0.117	99.108	70.807	1.286	98.933	70.570	0.339	0.466	0.474	0.314	76.720	4682	3334
214	0.149	42.184	71.236	1.473	41.931	71.035	0.508	0.402	0.532	0.357	20.322	1995	3356
215	0.122	73.999	71.270	1.299	73.829	71.035	0.339	0.466	0.462	0.337	88.736	3495	3356
216	0.102	38.704	71.260	1.179	38.544	71.056	0.318	0.402	0.411	0.317	82.795	1826	3357
217	0.124	30.758	71.290	1.316	30.565	71.078	0.402	0.423	0.465	0.340	54.401	1453	3358
218	0.123	112.347	71.372	1.321	112.141	71.162	0.423	0.423	0.477	0.329	138.391	5303	3362
219	0.143	41.780	71.494	1.456	41.592	71.247	0.381	0.508	0.556	0.327	119.503	1966	3366
220	0.130	111.279	71.665	1.341	111.040	71.480	0.466	0.360	0.494	0.336	22.307	5258	3377
221	0.137	77.376	71.882	1.383	77.152	71.670	0.444	0.402	0.485	0.359	28.319	3659	3386
222	0.134	41.188	71.941	1.388	40.979	71.713	0.423	0.444	0.498	0.342	48.133	1948	3388
223	0.126	30.367	72.163	1.311	30.184	71.946	0.360	0.444	0.458	0.351	110.876	1430	3399
224	0.140	70.981	72.542	1.401	70.739	72.348	0.487	0.381	0.501	0.356	159.306	3348	3418
225	0.144	54.720	72.650	1.413	54.525	72.411	0.381	0.487	0.523	0.351	114.770	2579	3421
226	0.093	65.881	72.922	1.124	65.722	72.729	0.318	0.381	0.401	0.296	60.363	3114	3436
227	0.140	83.039	72.938	1.408	82.783	72.771	0.508	0.339	0.520	0.342	177.531	3919	3438
228	0.126	53.870	73.128	1.376	53.636	72.940	0.466	0.381	0.460	0.348	163.504	2541	3446
229	0.114	41.136	73.212	1.256	40.958	73.004	0.360	0.423	0.443	0.327	62.506	1942	3449
230	0.110	117.169	73.274	1.239	116.967	73.088	0.402	0.360	0.414	0.338	22.926	5536	3453
231	0.107	101.632	73.605	1.214	101.452	73.406	0.360	0.402	0.442	0.307	125.089	4796	3468
232	0.111	39.644	73.839	1.234	39.476	73.639	0.339	0.402	0.449	0.315	59.930	1872	3479
233	0.123	22.171	74.027	1.304	21.992	73.787	0.381	0.444	0.474	0.330	123.863	1043	3486
234	0.108	69.239	74.073	1.209	69.024	73.914	0.423	0.318	0.428	0.320	6.307	3269	3492
235	0.145	80.035	74.176	1.413	79.777	73.999	0.508	0.360	0.508	0.364	9.092	3778	3496
236	0.116	35.199	74.254	1.256	34.967	74.083	0.444	0.339	0.452	0.328	164.100	1658	3500
237	0.133	83.511	74.643	1.376	83.291	74.422	0.444	0.423	0.508	0.333	139.231	3941	3516
238	0.108	16.198	74.978	1.214	16.044	74.761	0.318	0.444	0.441	0.311	104.166	762	3532
239	0.129	56.382	75.072	1.346	56.176	74.845	0.402	0.444	0.473	0.346	59.760	2663	3536
240	0.132	32.662	75.208	1.383	32.491	74.951	0.339	0.508	0.504	0.334	99.461	1541	3541
241	0.128	15.414	75.251	1.346	15.198	75.036	0.423	0.423	0.483	0.336	46.447	729	3545
242	0.134	18.505	75.434	1.401	18.246	75.248	0.508	0.360	0.512	0.332	18.921	877	3555
243	0.123	46.742	75.583	1.294	46.524	75.417	0.444	0.339	0.460	0.340	167.077	2201	3563
244	0.122	90.971	75.999	1.299	90.742	75.819	0.444	0.360	0.470	0.331	155.610	4292	3582
245	0.143	65.350	76.158	1.401	65.151	75.925	0.402	0.466	0.500	0.364	60.388	3086	3587
246	0.099	60.111	76.435	1.154	59.944	76.242	0.339	0.381	0.410	0.307	61.892	2839	3602
247	0.129	54.875	76.660	1.359	54.674	76.433	0.402	0.444	0.501	0.329	130.131	2588	3611
248	0.134	59.052	76.880	1.388	58.843	76.666	0.423	0.444	0.495	0.344	49.944	2789	3622
249	0.132	77.014	76.937	1.359	76.793	76.729	0.423	0.423	0.486	0.346	42.233	3638	3625
250	0.105	110.541	77.091	1.249	110.321	76.898	0.423	0.381	0.435	0.307	38.000	5223	3633
251	0.121	49.535	77.248	1.311	49.297	77.089	0.466	0.339	0.465	0.332	15.442	2337	3642
252	0.117	25.937	77.524	1.299	25.781	77.301	0.318	0.487	0.484	0.308	75.300	1224	3652
253	0.136	31.172	77.615	1.443	31.009	77.322	0.339	0.550	0.530	0.327	83.535	1472	3653
254	0.134	83.217	78.319	1.383	83.037	78.084	0.381	0.466	0.505	0.339	112.477	3926	3689
255	0.142	37.858	79.279	1.431	37.656	79.058	0.423	0.466	0.528	0.343	53.545	1788	3735
256	0.130	28.493	79.330	1.371	28.258	79.142	0.466	0.381	0.510	0.325	28.471	1347	3739
257	0.125	78.136	79.551	1.341	77.936	79.333	0.402	0.423	0.459	0.348	61.605	3691	3748
258	0.116	85.676	79.537	1.256	85.492	79.333	0.381	0.402	0.454	0.327	129.741	4042	3748
259	0.131	74.090	79.658	1.353	73.914	79.417	0.339	0.487	0.493	0.339	103.008	3499	3752
260	0.115	86.632	79.684	1.256	86.402	79.523	0.466	0.318	0.466	0.313	166.695	4086	3757
261	0.108	70.988	79.997	1.214	70.781	79.820	0.402	0.360	0.428	0.320	150.261	3349	3771
262	0.137	14.324	80.113	1.413	14.055	79.946	0.529	0.339	0.523	0.334	10.872	674	3777
263	0.120	74.520	80.233	1.286	74.316	80.031	0.402	0.402	0.459	0.332	49.875	3520	3781
264	0.132	35.671	80.327	1.329	35.475	80.116	0.402	0.423	0.468	0.359	51.136	1684	3785
265	0.129	72.911	80.366	1.346	72.729	80.137	0.381	0.466	0.472	0.346	60.719	3446	3786
266	0.122	68.383	80.411	1.334	68.136	80.222	0.487	0.360	0.493	0.315	24.656	3233	3790
267	0.108	53.884	80.645	1.246	53.658	80.497	0.444	0.296	0.464	0.295	165.958	2540	3803
268	0.115	23.564	80.811	1.291	23.368	80.603	0.381	0.423	0.459	0.318	130.179	1109	3808
269	0.103	16.925	80.816	1.196	16.722	80.645	0.402	0.339	0.438	0.299	30.048	800	3810
270	0.134	77.573	80.833	1.371	77.343	80.645	0.487	0.360	0.499	0.341	168.486	3660	3810
271	0.128	43.704	80.927	1.359	43.540	80.666	0.339	0.508	0.496	0.329	86.587	2064	3811
272	0.137	82.932	81.203	1.521	82.635	80.962	0.487	0.466	0.462	0.376	124.648	3916	3825
273	0.118	35.133	81.358	1.299	34.967	81.132	0.339	0.466	0.470	0.320	97.127	1656	3833
274	0.120	42.826	81.356	1.299	42.651	81.132	0.360	0.444	0.455	0.335	97.955	2019	3833
275	0.100	59.986	81.350	1.191	59.817	81.153	0.318	0.402	0.443	0.287	115.584	2829	3834
276	0.132	91.486	81.510	1.359	91.292	81.280	0.381	0.466	0.494	0.341	116.309	4317	3840
277	0.125	102.859	81.544	1.299	102.637	81.365	0.444	0.360	0.460	0.346	160.077	4854	3844
278	0.110	62.692	81.773	1.221	62.484	81.619	0.423	0.318	0.421	0.332	173.056	2956	3856
279	0.132	75.555	81.869	1.346	75.332	81.661	0.444	0.402	0.483	0.347	149.373	3565	3858
280	0.124	44.806	82.057	1.336	44.640	81.809	0.318	0.487	0.499	0.316	77.274	2117	3865
281	0.131	95.117	82.305	1.496	94.911	82.106	0.423	0.487	0.447	0.373	50.080	4492	3879
282	0.080	72.595	82.401	1.129	72.411	82.232	0.381	0.339	0.442	0.230	142.504	3424	3885
283	0.132	101.354	82.544	1.353	101.113	82.381	0.487	0.339	0.485	0.347	170.011	4781	3892
284	0.117	39.451	82.684	1.281	39.222	82.508	0.444	0.339	0.442	0.338	165.661	1860	3898
285	0.153	33.465	82.913	1.473	33.210	82.719	0.508	0.402	0.544	0.358	154.786	1573	3908
286	0.117	72.766	82.948	1.286	72.580	82.719	0.360	0.444	0.483	0.308	60.002	3439	3908
287	0.143	117.064	83.063	1.406	116.861	82.825	0.402	0.487	0.499	0.364	119.552	5526	3913
288	0.114	61.207	83.684	1.269	61.024	83.481	0.360	0.423	0.458	0.316	119.638	2886	3944
289	0.134	45.894	83.970	1.359	45.678	83.756	0.423	0.423	0.464	0.366	36.102	2169	3957
290	0.128	44.764	84.044	1.388	44.514	83.862	0.487	0.360	0.488	0.334	16.579	2116	3962
291	0.113	48.466	84.630	1.251	48.281	84.434	0.360	0.402	0.440	0.328	55.055	2289	3989
292	0.127	47.785	84.634	1.359	47.540	84.455	0.487	0.360	0.483	0.335	20.495	2258	3990
293	0.120	35.847	84.719	1.316	35.645	84.497	0.402	0.423	0.456	0.334	129.945	1691	3992
294	0.133	66.356	84.782	1.378	66.188	84.540	0.339	0.487	0.500	0.337	83.347	3132	3994
295	0.103	106.372	84.754	1.196	106.151	84.603	0.444	0.296	0.435	0.300	1.089	5022	3997
296	0.138	104.281	84.959	1.388	104.055	84.751	0.466	0.402	0.496	0.353	149.880	4921	4004
297	0.125	95.146	85.046	1.321	94.932	84.836	0.423	0.423	0.461	0.345	50.675	4495	4008
298	0.131	53.130	85.257	1.383	52.959	85.005	0.339	0.508	0.501	0.333	95.874	2508	4016
299	0.110	41.045	85.229	1.234	40.873	85.026	0.339	0.402	0.424	0.331	112.437	1936	4017
300	0.130	103.857	85.329	1.366	103.696	85.069	0.318	0.508	0.508	0.326	82.455	4907	4019
301	0.127	21.104	85.526	1.341	20.870	85.344	0.466	0.360	0.488	0.331	159.434	993	4032
302	0.109	94.090	85.702	1.226	93.874	85.534	0.423	0.339	0.452	0.307	30.291	4444	4041
303	0.114	45.975	85.879	1.256	45.784	85.683	0.381	0.402	0.446	0.326	134.599	2167	4048
304	0.096	14.452	86.230	1.172	14.288	86.042	0.339	0.381	0.388	0.315	117.684	679	4065
305	0.131	33.732	86.486	1.353	33.549	86.254	0.360	0.466	0.470	0.354	95.614	1590	4075
306	0.115	71.237	86.475	1.264	71.078	86.254	0.318	0.444	0.454	0.323	85.723	3363	4075
307	0.126	22.042	86.735	1.329	21.823	86.529	0.423	0.402	0.447	0.360	143.104	1038	4088
308	0.123	65.491	86.740	1.299	65.257	86.572	0.466	0.339	0.467	0.336	1.658	3091	4090
309	0.129	44.269	86.826	1.341	44.090	86.593	0.360	0.466	0.471	0.349	82.393	2090	4091
310	0.122	45.187	86.881	1.341	45.022	86.635	0.339	0.487	0.464	0.335	96.720	2133	4093
311	0.120	77.869	87.075	1.299	77.703	86.847	0.339	0.466	0.476	0.321	98.629	3675	4103
312	0.133	53.391	87.143	1.401	53.213	86.889	0.360	0.508	0.527	0.321	111.924	2519	4105
313	0.124	69.521	87.090	1.334	69.278	86.889	0.466	0.381	0.480	0.329	30.534	3286	4105
314	0.121	99.874	87.229	1.316	99.653	87.037	0.444	0.381	0.479	0.321	150.340	4713	4112
315	0.120	62.877	87.694	1.281	62.717	87.461	0.318	0.466	0.475	0.321	84.035	2968	4132
316	0.134	96.452	87.661	1.388	96.202	87.482	0.487	0.381	0.479	0.355	160.739	4550	4133
317	0.120	26.548	87.822	1.286	26.352	87.609	0.381	0.423	0.465	0.329	56.117	1253	4139
318	0.118	49.559	87.994	1.269	49.403	87.757	0.318	0.466	0.472	0.318	75.598	2341	4146
319	0.146	40.893	88.224	1.443	40.704	87.969	0.381	0.508	0.525	0.353	106.685	1928	4156
320	0.137	96.852	88.309	1.411	96.647	88.053	0.402	0.508	0.532	0.328	116.893	4571	4160
321	0.127	65.194	88.307	1.336	65.024	88.074	0.339	0.466	0.481	0.337	75.295	3079	4161
322	0.127	38.700	88.404	1.323	38.544	88.159	0.318	0.487	0.495	0.326	81.026	1827	4165
323	0.130	71.614	88.433	1.359	71.438	88.180	0.360	0.487	0.497	0.333	77.407	3383	4166
324	0.131	32.522	88.469	1.359	32.343	88.223	0.360	0.487	0.499	0.334	70.787	1537	4168
325	0.127	15.902	88.681	1.359	15.684	88.456	0.423	0.423	0.492	0.330	47.060	752	4179
326	0.114	98.537	88.771	1.269	98.362	88.540	0.339	0.444	0.425	0.341	86.277	4655	4183
327	0.111	69.379	88.820	1.274	69.215	88.582	0.339	0.466	0.452	0.313	74.697	3280	4185
328	0.108	30.264	88.853	1.226	30.099	88.646	0.339	0.423	0.430	0.321	76.689	1428	4188
329	0.115	96.892	88.955	1.294	96.732	88.731	0.318	0.444	0.451	0.324	98.268	4574	4192
330	0.117	55.933	88.924	1.256	55.711	88.752	0.444	0.339	0.442	0.338	169.515	2638	4193
331	0.122	106.695	89.126	1.299	106.468	88.942	0.444	0.360	0.444	0.350	26.542	5039	4202
332	0.133	37.535	89.231	1.371	37.359	88.985	0.360	0.487	0.500	0.339	71.648	1773	4204
333	0.142	93.781	89.259	1.448	93.536	89.048	0.487	0.423	0.556	0.326	34.643	4434	4207
334	0.137	82.814	89.276	1.376	82.592	89.069	0.444	0.423	0.501	0.348	40.773	3912	4208
335	0.121	16.290	89.385	1.323	16.108	89.175	0.381	0.423	0.468	0.329	56.744	769	4213
336	0.125	24.560	89.395	1.329	24.342	89.196	0.423	0.402	0.477	0.334	140.940	1155	4214
337	0.129	113.428	89.360	1.353	113.178	89.196	0.487	0.339	0.491	0.335	4.839	5355	4214
338	0.114	89.908	89.443	1.279	89.704	89.239	0.402	0.423	0.435	0.334	134.232	4245	4216
339	0.109	42.027	89.960	1.232	41.825	89.789	0.423	0.360	0.427	0.326	19.102	1986	4242
340	0.115	37.392	90.189	1.256	37.190	90.001	0.402	0.381	0.431	0.340	39.713	1765	4252
341	0.136	18.255	90.632	1.396	18.076	90.382	0.360	0.487	0.500	0.346	77.995	864	4270
342	0.130	62.704	90.575	1.401	62.421	90.403	0.529	0.339	0.519	0.319	164.562	2957	4271
343	0.116	107.863	90.741	1.281	107.633	90.572	0.444	0.339	0.466	0.317	22.498	5095	4279
344	0.116	32.797	90.878	1.299	32.639	90.636	0.318	0.487	0.468	0.316	79.827	1550	4282
345	0.131	25.790	91.118	1.346	25.612	90.868	0.360	0.487	0.498	0.336	111.689	1214	4293
346	0.119	69.537	91.048	1.299	69.321	90.868	0.444	0.360	0.478	0.316	29.712	3286	4293
347	0.126	92.232	91.119	1.341	92.054	90.890	0.360	0.466	0.489	0.328	116.328	4352	4294
348	0.114	73.449	91.134	1.274	73.258	90.911	0.381	0.423	0.436	0.333	57.420	3472	4295
349	0.129	85.553	91.259	1.329	85.323	91.080	0.466	0.360	0.468	0.353	3.864	4041	4303
350	0.121	88.421	91.327	1.323	88.265	91.080	0.318	0.487	0.491	0.315	103.939	4172	4303
351	0.108	22.101	91.431	1.226	21.950	91.207	0.318	0.444	0.447	0.306	83.006	1042	4309
352	0.238	29.979	91.920	1.991	29.676	91.630	0.614	0.572	0.653	0.464	35.781	1416	4329
353	0.131	20.000	92.125	1.388	19.791	91.884	0.402	0.466	0.519	0.321	55.907	947	4341
354	0.119	30.937	92.122	1.281	30.755	91.906	0.360	0.423	0.467	0.323	59.039	1460	4342
355	0.126	21.876	92.173	1.371	21.696	91.927	0.360	0.487	0.493	0.326	70.193	1035	4343
356	0.143	64.391	92.160	1.406	64.156	91.948	0.466	0.423	0.510	0.358	143.527	3036	4344
357	0.125	104.969	92.260	1.329	104.775	92.033	0.381	0.444	0.468	0.340	63.731	4958	4348
358	0.113	37.601	92.533	1.244	37.402	92.329	0.381	0.402	0.432	0.333	47.317	1778	4362
359	0.136	64.133	92.730	1.383	63.966	92.477	0.339	0.508	0.506	0.341	86.148	3028	4369
360	0.130	62.450	92.809	1.341	62.230	92.625	0.444	0.381	0.469	0.352	24.180	2949	4376
361	0.130	19.249	93.187	1.366	19.071	92.964	0.360	0.466	0.487	0.341	66.535	908	4392
362	0.134	54.704	93.262	1.376	54.504	93.028	0.381	0.487	0.483	0.353	106.255	2580	4395
363	0.150	72.364	93.373	1.503	72.094	93.197	0.550	0.360	0.547	0.349	177.341	3415	4403
364	0.122	74.167	93.412	1.311	73.978	93.197	0.381	0.423	0.477	0.325	126.502	3499	4403
365	0.113	63.959	93.936	1.256	63.754	93.747	0.402	0.381	0.414	0.349	43.724	3020	4429
366	0.115	27.075	93.986	1.256	26.903	93.768	0.339	0.444	0.446	0.328	77.744	1278	4430
367	0.119	73.853	94.218	1.323	73.702	93.980	0.318	0.487	0.494	0.307	90.287	3487	4440
368	0.104	91.129	94.430	1.202	90.953	94.213	0.339	0.423	0.444	0.298	115.677	4301	4451
369	0.125	98.299	94.503	1.329	98.065	94.319	0.466	0.360	0.451	0.353	5.088	4644	4456
370	0.128	43.192	94.615	1.299	42.990	94.424	0.423	0.381	0.451	0.361	31.132	2038	4461
371	0.112	27.048	94.666	1.251	26.882	94.446	0.339	0.423	0.439	0.325	73.377	1277	4462
372	0.133	42.666	94.746	1.364	42.460	94.509	0.402	0.466	0.490	0.345	54.937	2018	4465
373	0.093	108.420	94.794	1.112	108.268	94.594	0.318	0.381	0.377	0.313	104.595	5121	4469
374	0.123	68.150	94.827	1.316	67.924	94.636	0.444	0.381	0.465	0.338	146.912	3213	4471
375	0.131	36.251	95.151	1.346	36.068	94.911	0.381	0.466	0.476	0.350	69.266	1713	4484
376	0.131	53.912	95.088	1.353	53.679	94.911	0.466	0.360	0.489	0.340	161.149	2540	4484
377	0.124	94.093	95.098	1.329	93.874	94.911	0.444	0.381	0.490	0.321	34.765	4444	4484
378	0.099	98.632	95.142	1.189	98.446	94.954	0.381	0.381	0.412	0.305	138.901	4657	4486
379	0.138	85.994	95.587	1.371	85.767	95.398	0.466	0.381	0.502	0.349	28.577	4061	4507
380	0.128	31.215	95.794	1.353	31.030	95.568	0.360	0.466	0.478	0.340	74.145	1473	4515
381	0.116	110.342	95.819	1.294	110.172	95.631	0.360	0.402	0.409	0.362	84.403	5207	4518
382	0.055	129.126	96.042	0.932	128.968	95.885	0.275	0.296	0.350	0.199	56.994	6099	4530
383	0.120	23.605	96.252	1.306	23.432	96.033	0.339	0.444	0.466	0.327	72.555	1114	4537
384	0.132	45.764	96.228	1.346	45.530	96.033	0.466	0.381	0.484	0.348	26.093	2162	4537
385	0.151	45.132	96.343	1.491	44.873	96.160	0.529	0.381	0.535	0.359	19.356	2131	4543
386	0.059	83.990	96.611	0.967	83.799	96.499	0.360	0.233	0.350	0.215	176.753	3968	4559
387	0.123	42.765	97.243	1.329	42.524	97.070	0.466	0.360	0.496	0.315	157.273	2013	4586
388	0.124	54.243	97.458	1.323	54.081	97.218	0.339	0.466	0.474	0.332	82.297	2561	4593
389	0.122	120.394	97.717	1.281	120.184	97.536	0.423	0.360	0.438	0.354	15.114	5686	4608
390	0.129	36.793	97.932	1.383	36.618	97.684	0.339	0.508	0.506	0.324	80.471	1737	4615
391	0.134	104.999	97.937	1.353	104.754	97.769	0.487	0.339	0.490	0.349	0.733	4956	4619
392	0.115	86.174	98.237	1.244	85.958	98.065	0.444	0.339	0.436	0.335	177.291	4068	4633
393	0.105	101.029	98.407	1.184	100.838	98.213	0.360	0.381	0.403	0.331	56.435	4772	4640
394	0.121	22.263	98.442	1.286	22.077	98.234	0.381	0.423	0.472	0.326	52.891	1052	4641
395	0.102	38.217	98.629	1.154	38.037	98.446	0.360	0.360	0.405	0.321	42.493	1806	4651
396	0.124	61.528	98.693	1.329	61.278	98.531	0.487	0.339	0.482	0.328	169.521	2902	4655
397	0.125	75.726	98.754	1.316	75.544	98.531	0.360	0.444	0.457	0.349	72.155	3577	4655
398	0.121	77.845	98.722	1.299	77.618	98.552	0.466	0.339	0.454	0.339	170.305	3672	4656
399	0.126	75.376	99.057	1.329	75.120	98.891	0.487	0.339	0.480	0.334	5.108	3558	4672
400	0.116	94.486	99.926	1.291	94.276	99.716	0.402	0.423	0.474	0.312	130.851	4458	4711
401	0.115	68.219	100.064	1.304	68.030	99.822	0.360	0.466	0.477	0.307	63.570	3225	4716
402	0.120	57.572	100.183	1.311	57.383	99.970	0.360	0.444	0.448	0.340	103.906	2716	4723
403	0.102	62.312	100.141	1.179	62.103	99.991	0.423	0.296	0.425	0.305	177.233	2940	4724
404	0.131	61.158	100.477	1.364	60.896	100.309	0.508	0.360	0.484	0.345	169.000	2884	4739
405	0.125	69.414	100.685	1.329	69.236	100.457	0.360	0.466	0.482	0.330	65.189	3280	4746
406	0.138	111.279	101.032	1.388	111.083	100.796	0.402	0.466	0.507	0.347	53.736	5259	4762
407	0.111	30.750	101.151	1.281	30.565	100.944	0.360	0.423	0.467	0.303	59.643	1452	4769
408	0.082	57.813	101.253	1.189	57.658	101.092	0.339	0.339	0.349	0.298	73.729	2727	4776
409	0.136	49.116	101.519	1.376	48.895	101.304	0.466	0.402	0.509	0.341	147.409	2314	4786
410	0.138	105.005	101.671	1.401	104.775	101.473	0.466	0.402	0.489	0.359	27.333	4960	4794
411	0.148	18.432	101.989	1.448	18.224	101.748	0.423	0.487	0.524	0.361	57.737	871	4807
412	0.130	60.974	102.236	1.364	60.727	102.044	0.466	0.402	0.495	0.335	147.959	2874	4821
413	0.134	68.797	102.476	1.383	68.601	102.235	0.381	0.466	0.498	0.342	112.232	3246	4830
414	0.102	100.575	102.455	1.154	100.394	102.277	0.360	0.360	0.413	0.313	135.000	4746	4832
415	0.130	59.713	102.924	1.353	59.542	102.680	0.339	0.487	0.498	0.332	74.922	2821	4851
416	0.113	80.814	102.938	1.239	80.645	102.722	0.339	0.423	0.442	0.325	110.227	3814	4853
417	0.136	86.422	103.122	1.383	86.254	102.870	0.339	0.508	0.506	0.342	92.105	4080	4860
418	0.131	25.440	103.140	1.346	25.231	102.934	0.423	0.423	0.477	0.351	134.186	1195	4863
419	0.107	88.887	103.448	1.209	88.731	103.230	0.318	0.423	0.437	0.311	108.178	4197	4877
420	0.099	66.947	103.609	1.249	66.738	103.399	0.360	0.423	0.402	0.312	94.737	3162	4885
421	0.141	67.737	103.654	1.413	67.543	103.420	0.402	0.466	0.508	0.353	122.285	3195	4886
422	0.128	51.219	103.949	1.448	51.054	103.717	0.360	0.487	0.479	0.340	99.608	2415	4900
423	0.235	53.080	104.347	1.961	52.811	104.034	0.529	0.635	0.660	0.453	122.047	2503	4915
424	0.118	39.491	104.563	1.299	39.285	104.373	0.423	0.381	0.468	0.322	37.888	1866	4931
425	0.128	71.706	104.768	1.346	71.459	104.563	0.466	0.381	0.474	0.344	25.023	3390	4940
426	0.124	38.006	104.861	1.291	37.782	104.669	0.444	0.381	0.472	0.335	146.201	1789	4945
427	0.114	79.832	104.922	1.256	79.629	104.733	0.402	0.381	0.442	0.328	139.109	3767	4948
428	0.112	52.467	105.227	1.269	52.260	105.029	0.381	0.402	0.422	0.338	67.367	2476	4962
429	0.108	13.557	105.219	1.244	13.335	105.050	0.423	0.339	0.424	0.323	1.163	640	4963
430	0.126	58.777	105.318	1.413	58.589	105.092	0.360	0.508	0.498	0.323	109.225	2773	4965
431	0.107	111.391	105.255	1.209	111.188	105.092	0.423	0.318	0.437	0.311	161.084	5256	4965
432	0.143	62.354	105.481	1.431	62.103	105.283	0.487	0.402	0.518	0.351	27.781	2946	4974
433	0.123	107.550	105.616	1.316	107.315	105.431	0.466	0.360	0.473	0.332	158.678	5076	4981
434	0.137	30.477	105.982	1.401	30.290	105.728	0.381	0.487	0.510	0.342	117.892	1435	4995
435	0.107	83.784	106.114	1.202	83.587	105.918	0.381	0.381	0.429	0.316	41.060	3960	5004
436	0.117	67.226	106.216	1.329	67.056	105.982	0.339	0.466	0.474	0.315	76.576	3177	5007
437	0.129	25.360	106.211	1.376	25.125	106.024	0.466	0.381	0.492	0.335	155.534	1194	5009
438	0.146	27.188	106.471	1.438	26.924	106.299	0.508	0.360	0.523	0.355	170.561	1277	5022
439	0.135	83.265	106.539	1.371	83.016	106.362	0.487	0.360	0.499	0.345	13.340	3931	5025
440	0.129	40.164	106.667	1.334	39.942	106.468	0.444	0.402	0.477	0.345	35.792	1897	5030
441	0.127	36.634	106.966	1.329	36.449	106.744	0.381	0.444	0.456	0.354	116.141	1728	5043
442	0.120	109.145	107.109	1.329	108.945	106.892	0.402	0.423	0.499	0.305	45.633	5160	5050
443	0.123	21.645	107.130	1.299	21.421	106.955	0.444	0.360	0.466	0.336	157.321	1015	5053
444	0.116	18.955	107.234	1.261	18.732	107.040	0.423	0.381	0.447	0.329	144.422	891	5057
445	0.131	26.415	107.408	1.353	26.162	107.252	0.508	0.318	0.511	0.326	174.960	1240	5067
446	0.142	62.982	107.490	1.408	62.802	107.252	0.360	0.487	0.510	0.356	76.751	2973	5067
447	0.120	91.322	107.595	1.291	91.101	107.400	0.444	0.381	0.468	0.325	146.368	4309	5074
448	0.122	92.512	107.958	1.329	92.329	107.738	0.360	0.466	0.449	0.346	97.740	4369	5090
449	0.130	114.382	107.988	1.383	114.110	107.823	0.508	0.339	0.493	0.335	168.774	5399	5094
450	0.131	99.508	108.283	1.353	99.272	108.119	0.487	0.339	0.501	0.332	168.335	4693	5108
451	0.130	47.524	108.964	1.359	47.308	108.754	0.423	0.423	0.483	0.343	45.849	2245	5138
452	0.125	103.830	108.999	1.341	103.590	108.818	0.466	0.360	0.488	0.328	23.648	4906	5141
453	0.124	107.489	109.119	1.323	107.252	108.945	0.466	0.339	0.468	0.338	173.308	5074	5147
454	0.129	60.038	109.531	1.346	59.796	109.347	0.466	0.381	0.483	0.340	150.905	2830	5166
455	0.124	42.583	109.584	1.316	42.397	109.368	0.381	0.444	0.488	0.324	54.596	2012	5167
456	0.140	41.940	109.638	1.383	41.762	109.389	0.360	0.487	0.497	0.359	96.047	1978	5168
457	0.112	83.847	109.652	1.226	83.630	109.495	0.444	0.318	0.439	0.325	175.409	3955	5173
458	0.127	47.615	109.940	1.359	47.434	109.707	0.360	0.487	0.486	0.332	106.702	2246	5183
459	0.122	96.126	110.453	1.316	95.906	110.257	0.444	0.381	0.481	0.323	34.904	4542	5209
460	0.116	61.010	110.526	1.286	60.812	110.321	0.381	0.423	0.447	0.329	51.424	2882	5212
461	0.128	26.253	110.580	1.346	26.035	110.384	0.444	0.402	0.473	0.344	41.087	1239	5215
462	0.120	112.574	110.920	1.316	112.332	110.744	0.466	0.360	0.476	0.320	23.179	5318	5232
463	0.121	66.321	111.108	1.311	66.146	110.871	0.339	0.466	0.489	0.314	112.170	3130	5238
464	0.135	102.403	111.080	1.388	102.172	110.871	0.466	0.402	0.474	0.364	10.162	4836	5238
465	0.134	19.875	111.120	1.371	19.622	110.934	0.487	0.360	0.504	0.338	20.602	940	5241
466	0.118	30.552	111.672	1.274	30.332	111.485	0.444	0.360	0.447	0.336	157.825	1439	5267
467	0.137	80.805	111.930	1.366	80.560	111.760	0.487	0.339	0.501	0.347	7.190	3814	5280
468	0.133	43.277	112.625	1.371	43.095	112.374	0.360	0.487	0.489	0.345	103.043	2043	5309
469	0.124	43.748	112.662	1.323	43.582	112.416	0.339	0.466	0.469	0.337	80.105	2067	5311
470	0.119	99.951	112.743	1.334	99.780	112.501	0.360	0.487	0.476	0.317	68.180	4724	5315
471	0.133	24.309	112.826	1.364	24.109	112.586	0.402	0.466	0.496	0.342	122.018	1145	5319
472	0.133	40.713	113.042	1.376	40.513	112.818	0.423	0.444	0.468	0.362	50.640	1924	5330
473	0.134	66.626	113.527	1.383	66.463	113.263	0.318	0.529	0.520	0.327	87.379	3148	5351
474	0.126	83.814	113.765	1.311	83.587	113.602	0.466	0.339	0.460	0.348	4.402	3955	5367
475	0.113	40.643	114.038	1.269	40.471	113.813	0.339	0.444	0.459	0.315	65.756	1920	5377
476	0.106	64.846	114.276	1.239	64.685	114.046	0.318	0.444	0.449	0.300	77.879	3064	5388
477	0.127	45.901	114.275	1.329	45.699	114.067	0.402	0.423	0.484	0.333	48.749	2168	5389
478	0.125	76.612	114.356	1.334	76.412	114.131	0.402	0.444	0.485	0.327	53.111	3621	5392
479	0.121	46.337	114.733	1.304	46.143	114.490	0.381	0.444	0.461	0.333	57.724	2190	5409
480	0.145	80.163	115.054	1.508	79.946	114.808	0.466	0.466	0.466	0.397	26.461	3788	5424
481	0.126	98.727	115.061	1.346	98.510	114.850	0.444	0.402	0.481	0.335	144.708	4660	5426
482	0.113	31.502	115.343	1.256	31.284	115.147	0.423	0.360	0.456	0.315	30.585	1490	5440
483	0.139	17.003	115.549	1.396	16.785	115.358	0.444	0.402	0.492	0.359	30.963	802	5450
484	0.122	51.373	115.637	1.311	51.202	115.401	0.339	0.466	0.469	0.332	99.795	2424	5452
485	0.125	56.135	116.527	1.299	55.944	116.311	0.381	0.423	0.456	0.348	123.355	2648	5495
486	0.138	81.443	116.837	1.388	81.238	116.607	0.402	0.466	0.472	0.372	72.097	3846	5509
487	0.121	35.538	116.929	1.281	35.306	116.776	0.466	0.318	0.474	0.326	0.306	1673	5517
488	0.103	98.309	117.227	1.184	98.150	117.030	0.318	0.423	0.422	0.312	105.298	4640	5529
489	0.105	108.079	117.358	1.209	107.886	117.179	0.381	0.360	0.421	0.319	40.878	5105	5536
490	0.120	37.436	117.498	1.311	37.274	117.263	0.339	0.466	0.458	0.334	87.269	1767	5540
491	0.147	83.729	117.543	1.431	83.545	117.285	0.381	0.508	0.521	0.360	109.822	3952	5541
492	0.116	92.951	117.523	1.269	92.774	117.306	0.360	0.423	0.447	0.332	123.406	4387	5542
493	0.121	87.070	118.077	1.311	86.910	117.814	0.318	0.487	0.479	0.320	91.760	4113	5566
494	0.127	99.282	118.102	1.336	99.124	117.856	0.318	0.487	0.494	0.328	88.170	4689	5568
495	0.127	69.229	118.442	1.364	69.024	118.216	0.423	0.444	0.500	0.324	46.053	3274	5585
496	0.116	45.167	118.487	1.251	44.958	118.322	0.423	0.339	0.456	0.323	156.840	2126	5590
497	0.130	50.229	118.623	1.431	50.038	118.364	0.381	0.487	0.474	0.350	71.873	2369	5592
498	0.118	14.271	118.800	1.311	14.076	118.576	0.381	0.423	0.457	0.330	59.429	676	5602
499	0.131	79.927	119.069	1.336	79.756	118.830	0.339	0.466	0.481	0.347	90.164	3773	5614
500	0.130	45.004	119.107	1.341	44.768	118.936	0.487	0.339	0.486	0.340	6.264	2124	5619
501	0.123	48.083	119.343	1.304	47.900	119.126	0.381	0.444	0.463	0.337	57.614	2272	5628
502	0.126	90.314	120.209	1.353	90.085	120.036	0.466	0.339	0.479	0.335	15.360	4265	5671
503	0.127	28.755	120.478	1.341	28.575	120.248	0.360	0.466	0.492	0.330	115.422	1354	5681
504	0.123	37.241	120.593	1.316	37.063	120.354	0.381	0.444	0.476	0.328	120.046	1755	5686
505	0.115	61.380	120.519	1.256	61.150	120.354	0.444	0.339	0.444	0.330	15.811	2898	5686
506	0.116	50.418	121.046	1.256	50.207	120.862	0.402	0.381	0.447	0.329	139.151	2376	5710
507	0.110	12.384	121.202	1.239	12.192	121.010	0.381	0.381	0.445	0.316	48.457	584	5717
508	0.109	88.248	122.512	1.226	88.096	122.301	0.318	0.444	0.439	0.317	79.318	4167	5778
509	0.125	76.941	123.184	1.346	76.708	123.000	0.466	0.381	0.497	0.321	147.191	3628	5811
510	0.118	89.885	123.422	1.281	89.662	123.254	0.444	0.339	0.449	0.335	176.977	4242	5823
511	0.136	14.722	123.803	1.471	14.520	123.550	0.402	0.487	0.447	0.387	93.936	696	5837
512	0.130	36.581	124.325	1.371	36.343	124.142	0.487	0.360	0.491	0.337	158.915	1722	5865
513	0.128	49.473	124.569	1.341	49.276	124.354	0.402	0.423	0.469	0.348	54.337	2338	5875
514	0.116	52.979	124.777	1.269	52.811	124.566	0.339	0.444	0.447	0.329	108.592	2498	5885
515	0.134	100.088	125.560	1.359	99.886	125.328	0.402	0.444	0.480	0.356	50.352	4730	5921
516	0.126	97.768	125.614	1.311	97.536	125.434	0.444	0.360	0.476	0.336	24.936	4618	5926
517	0.114	64.999	125.901	1.251	64.770	125.751	0.466	0.296	0.473	0.306	1.726	3067	5941
518	0.123	45.829	126.112	1.351	45.614	125.899	0.402	0.444	0.457	0.342	119.909	2161	5948
519	0.119	70.149	127.602	1.299	69.935	127.423	0.444	0.360	0.456	0.333	154.849	3308	6020
520	0.129	71.113	127.860	1.341	70.887	127.677	0.466	0.360	0.463	0.355	4.106	3357	6032
521	0.116	24.144	127.898	1.261	23.940	127.698	0.423	0.381	0.428	0.345	149.792	1138	6033
522	0.142	98.117	128.287	1.508	97.917	128.058	0.487	0.466	0.504	0.358	130.387	4629	6050
523	0.138	34.687	128.277	1.391	34.459	128.101	0.466	0.360	0.494	0.355	16.373	1636	6052
524	0.146	17.721	128.382	1.538	17.505	128.164	0.466	0.423	0.514	0.362	138.551	829	6055
525	0.143	101.173	128.559	1.448	100.965	128.312	0.423	0.487	0.519	0.351	55.941	4785	6062
526	0.129	18.019	128.843	1.353	17.844	128.609	0.360	0.466	0.490	0.334	107.279	847	6076
527	0.117	75.730	128.883	1.251	75.523	128.715	0.423	0.339	0.440	0.338	16.756	3574	6081
528	0.119	97.947	129.253	1.294	97.790	129.011	0.318	0.466	0.467	0.325	94.290	4626	6095
529	0.128	29.957	129.501	1.341	29.718	129.328	0.466	0.360	0.476	0.343	14.370	1414	6110
530	0.115	62.624	130.475	1.239	62.421	130.302	0.423	0.339	0.443	0.331	161.046	2952	6156
531	0.129	102.713	130.757	1.346	102.510	130.535	0.402	0.444	0.486	0.337	53.324	4853	6167
532	0.130	36.631	131.641	1.334	36.407	131.445	0.466	0.381	0.478	0.348	153.994	1726	6210
533	0.104	50.989	131.659	1.214	50.800	131.466	0.381	0.381	0.423	0.314	132.256	2406	6211
534	0.133	81.007	131.801	1.353	80.772	131.614	0.466	0.360	0.484	0.350	176.073	3826	6218
535	0.125	65.841	131.822	1.311	65.617	131.636	0.444	0.360	0.460	0.346	166.966	3108	6219
536	0.128	70.014	132.554	1.376	69.808	132.334	0.423	0.444	0.508	0.320	134.246	3302	6252
537	0.119	106.136	133.439	1.299	105.960	133.223	0.360	0.444	0.450	0.337	98.446	5011	6294
538	0.080	79.173	135.083	1.117	79.015	134.895	0.318	0.360	0.361	0.281	75.682	3740	6373
539	0.104	29.065	135.143	1.196	28.893	134.938	0.339	0.402	0.405	0.328	93.895	1370	6375
