 	Area	X	Y	Perim.	BX	BY	Width	Height	Major	Minor	Angle	XStart	YStart
1	0.151	83.499	11.324	1.551	83.312	11.028	0.381	0.572	0.573	0.335	108.237	3940	521
2	0.148	50.152	12.808	1.545	49.974	12.510	0.339	0.593	0.593	0.318	99.916	2367	591
3	0.164	81.340	14.275	1.660	81.153	13.970	0.402	0.614	0.624	0.336	71.563	3844	660
4	0.173	114.358	14.811	1.605	114.110	14.542	0.487	0.508	0.589	0.374	44.173	5409	687
5	0.177	99.369	14.966	1.670	99.102	14.711	0.508	0.508	0.603	0.374	40.696	4699	695
6	0.164	73.492	15.498	1.583	73.321	15.198	0.339	0.614	0.612	0.342	97.126	3469	718
7	0.172	89.188	15.691	1.642	88.985	15.409	0.402	0.572	0.585	0.375	111.449	4210	728
8	0.162	86.665	15.905	1.630	86.487	15.579	0.381	0.614	0.616	0.335	105.419	4090	736
9	0.160	90.884	16.349	1.583	90.720	16.044	0.339	0.614	0.615	0.332	91.389	4291	758
10	0.163	72.280	16.496	1.563	72.094	16.192	0.360	0.614	0.590	0.352	101.118	3413	765
11	0.159	76.007	17.029	1.588	75.692	16.870	0.635	0.339	0.623	0.325	176.282	3583	797
12	0.163	90.003	17.560	1.665	89.789	17.251	0.466	0.572	0.606	0.342	125.242	4243	815
13	0.179	69.979	17.618	1.623	69.681	17.378	0.550	0.466	0.606	0.376	35.894	3308	821
14	0.166	93.059	17.851	1.600	92.752	17.653	0.593	0.381	0.603	0.351	17.978	4397	834
15	0.157	77.777	18.566	1.598	77.576	18.246	0.444	0.572	0.614	0.326	124.124	3669	862
16	0.151	65.675	18.436	1.510	65.384	18.267	0.550	0.360	0.546	0.351	167.272	3096	863
17	0.172	25.821	18.699	1.710	25.654	18.352	0.339	0.677	0.687	0.318	94.398	1218	867
18	0.118	73.551	19.094	1.396	73.300	18.944	0.550	0.296	0.536	0.281	0.247	3472	895
19	0.163	52.351	19.467	1.598	52.134	19.177	0.487	0.529	0.616	0.337	131.983	2465	906
20	0.168	42.312	19.674	1.618	42.122	19.368	0.360	0.614	0.602	0.356	91.663	1999	915
21	0.149	59.362	19.769	1.503	59.076	19.579	0.550	0.381	0.567	0.334	157.082	2798	925
22	0.166	114.990	19.985	1.593	114.744	19.727	0.487	0.508	0.619	0.342	46.201	5439	932
23	0.175	108.230	20.103	1.660	107.929	19.897	0.593	0.423	0.613	0.364	156.934	5106	940
24	0.185	88.093	20.374	1.737	87.884	20.066	0.423	0.635	0.660	0.358	71.164	4162	948
25	0.182	105.827	20.568	1.755	105.558	20.278	0.529	0.572	0.699	0.331	133.252	4989	958
26	0.149	76.651	21.060	1.545	76.475	20.764	0.360	0.593	0.593	0.320	112.439	3617	981
27	0.183	34.924	21.402	1.683	34.734	21.103	0.402	0.635	0.634	0.368	73.453	1650	997
28	0.166	92.394	21.367	1.655	92.075	21.188	0.656	0.339	0.647	0.326	174.333	4361	1001
29	0.166	50.069	21.815	1.610	49.805	21.569	0.529	0.487	0.628	0.336	140.126	2356	1019
30	0.165	55.149	22.376	1.605	54.928	22.098	0.444	0.550	0.616	0.342	53.653	2610	1044
31	0.190	72.009	23.678	1.740	71.818	23.347	0.381	0.656	0.679	0.355	76.883	3403	1103
32	0.149	76.465	23.660	1.515	76.221	23.432	0.487	0.444	0.574	0.330	142.827	3603	1107
33	0.201	47.451	24.316	1.737	47.244	24.003	0.423	0.656	0.657	0.390	74.409	2241	1134
34	0.181	51.914	24.518	1.635	51.626	24.299	0.572	0.444	0.592	0.388	27.495	2451	1148
35	0.155	103.938	24.890	1.575	103.674	24.638	0.487	0.487	0.596	0.331	46.983	4913	1164
36	0.185	83.350	26.343	1.665	83.122	26.056	0.487	0.550	0.638	0.370	128.517	3930	1231
37	0.184	44.278	28.923	1.697	44.069	28.638	0.423	0.593	0.641	0.365	63.621	2094	1353
38	0.156	14.404	29.060	1.503	14.139	28.850	0.529	0.402	0.546	0.365	160.108	677	1363
39	0.174	71.554	30.338	1.635	71.247	30.141	0.614	0.402	0.628	0.353	156.680	3370	1424
40	0.172	88.436	30.405	1.655	88.159	30.184	0.550	0.444	0.610	0.359	28.347	4186	1426
41	0.162	82.527	30.554	1.593	82.338	30.247	0.381	0.614	0.631	0.327	113.884	3892	1429
42	0.175	98.616	31.654	1.670	98.383	31.327	0.444	0.614	0.618	0.361	59.510	4663	1480
43	0.185	114.436	32.128	1.678	114.173	31.877	0.508	0.529	0.614	0.384	138.710	5400	1506
44	0.176	54.917	32.216	1.588	54.631	32.004	0.550	0.423	0.576	0.388	154.822	2588	1512
45	0.197	59.949	32.821	1.775	59.775	32.491	0.381	0.698	0.682	0.367	79.130	2831	1535
46	0.177	44.019	32.955	1.648	43.794	32.681	0.466	0.550	0.615	0.367	56.400	2082	1544
47	0.188	58.522	33.859	1.725	58.314	33.528	0.466	0.614	0.623	0.383	118.439	2758	1584
48	0.176	110.459	34.207	1.707	110.194	33.930	0.529	0.529	0.656	0.342	44.994	5227	1603
49	0.165	72.332	34.354	1.568	72.072	34.121	0.487	0.487	0.563	0.374	135.477	3410	1612
50	0.170	28.241	34.435	1.648	28.025	34.142	0.423	0.593	0.655	0.331	118.878	1327	1613
51	0.194	30.224	34.758	1.725	29.930	34.502	0.572	0.508	0.650	0.379	143.338	1416	1630
52	0.166	127.090	34.937	1.580	126.810	34.713	0.550	0.444	0.589	0.360	146.858	5995	1640
53	0.169	79.070	35.092	1.653	78.846	34.862	0.487	0.508	0.505	0.426	44.517	3739	1647
54	0.168	36.452	35.286	1.593	36.258	34.967	0.402	0.593	0.614	0.347	116.151	1717	1652
55	0.175	72.846	35.222	1.648	72.538	35.010	0.593	0.423	0.625	0.357	153.766	3434	1654
56	0.164	101.790	35.482	1.605	101.473	35.264	0.572	0.423	0.587	0.355	22.568	4812	1666
57	0.158	56.449	35.692	1.588	56.134	35.518	0.614	0.360	0.597	0.336	11.140	2668	1678
58	0.047	123.607	36.470	0.907	123.465	36.343	0.254	0.296	0.318	0.187	124.146	5835	1717
59	0.157	43.009	36.757	1.551	42.799	36.470	0.402	0.572	0.595	0.337	67.363	2034	1723
60	0.181	99.300	37.639	1.660	99.060	37.380	0.487	0.529	0.621	0.371	128.915	4680	1766
61	0.162	42.025	37.980	1.598	41.762	37.761	0.550	0.466	0.622	0.332	39.922	1986	1784
62	0.137	52.065	37.950	1.408	51.816	37.782	0.487	0.360	0.480	0.363	12.795	2454	1785
63	0.193	101.858	39.242	1.702	101.579	39.010	0.572	0.466	0.649	0.378	33.677	4813	1843
64	0.161	53.259	39.241	1.540	52.959	39.074	0.593	0.339	0.594	0.346	0.195	2510	1846
65	0.171	45.609	40.284	1.653	45.360	40.005	0.487	0.550	0.630	0.345	52.049	2161	1890
66	0.151	92.650	40.528	1.503	92.371	40.322	0.529	0.402	0.566	0.340	28.007	4378	1905
67	0.159	44.584	40.704	1.540	44.302	40.513	0.550	0.381	0.573	0.354	15.977	2108	1914
68	0.167	85.411	40.899	1.688	85.154	40.640	0.550	0.529	0.672	0.316	44.519	4041	1920
69	0.160	88.675	41.319	1.575	88.456	41.063	0.444	0.529	0.578	0.353	58.218	4197	1940
70	0.164	50.601	42.228	1.563	50.334	42.016	0.508	0.466	0.581	0.360	142.768	2382	1985
71	0.191	58.552	42.507	1.720	58.293	42.270	0.550	0.508	0.627	0.388	40.839	2766	1997
72	0.175	76.127	42.852	1.642	75.819	42.651	0.614	0.381	0.606	0.367	7.756	3594	2015
73	0.158	73.145	43.055	1.575	72.940	42.757	0.402	0.572	0.582	0.346	70.426	3459	2020
74	0.158	15.401	43.311	1.515	15.155	43.074	0.487	0.444	0.553	0.363	39.594	730	2035
75	0.162	13.070	43.306	1.600	12.742	43.116	0.593	0.381	0.590	0.349	10.305	619	2037
76	0.162	101.195	43.515	1.595	101.029	43.201	0.339	0.614	0.617	0.334	84.121	4782	2041
77	0.134	77.215	43.457	1.491	76.962	43.286	0.572	0.360	0.542	0.315	14.098	3645	2045
78	0.136	88.094	43.571	1.431	87.842	43.370	0.487	0.402	0.536	0.323	31.573	4164	2049
79	0.167	92.111	43.642	1.588	91.821	43.413	0.550	0.423	0.609	0.349	29.325	4355	2051
80	0.074	65.541	44.327	1.105	65.384	44.111	0.318	0.402	0.414	0.229	126.072	3092	2084
81	0.157	28.134	44.513	1.563	27.940	44.238	0.402	0.572	0.570	0.350	72.326	1328	2090
82	0.181	115.335	45.028	1.678	115.126	44.725	0.402	0.635	0.625	0.368	103.296	5445	2113
83	0.158	53.683	45.676	1.523	53.425	45.487	0.550	0.360	0.561	0.358	9.041	2533	2149
84	0.165	84.481	47.975	1.586	84.222	47.710	0.508	0.508	0.601	0.350	43.003	3997	2254
85	0.167	66.929	48.834	1.588	66.738	48.535	0.360	0.614	0.594	0.357	89.118	3162	2293
86	0.169	50.181	49.261	1.623	49.890	49.064	0.614	0.402	0.599	0.359	165.577	2362	2318
87	0.165	117.989	49.538	1.610	117.792	49.234	0.423	0.593	0.638	0.329	118.212	5567	2326
88	0.145	96.749	49.596	1.503	96.562	49.297	0.360	0.572	0.561	0.330	101.978	4568	2329
89	0.165	123.815	49.991	1.563	123.508	49.805	0.593	0.381	0.582	0.361	7.345	5847	2353
90	0.181	106.715	50.441	1.685	106.426	50.229	0.593	0.423	0.639	0.361	25.232	5051	2373
91	0.149	43.012	50.827	1.558	42.841	50.504	0.339	0.614	0.604	0.314	98.260	2030	2386
92	0.173	74.816	51.909	1.655	74.634	51.604	0.381	0.593	0.603	0.366	106.576	3527	2438
93	0.167	87.256	51.824	1.635	86.953	51.604	0.593	0.423	0.625	0.340	25.761	4126	2438
94	0.173	69.397	51.913	1.690	69.109	51.668	0.572	0.466	0.631	0.349	34.241	3289	2441
95	0.203	64.768	52.248	1.750	64.558	51.922	0.402	0.677	0.659	0.392	82.252	3060	2453
96	0.173	50.802	52.338	1.623	50.546	52.091	0.550	0.466	0.614	0.358	144.469	2393	2461
97	0.147	74.433	52.259	1.486	74.126	52.091	0.593	0.318	0.580	0.321	179.279	3511	2461
98	0.159	46.943	52.310	1.558	46.630	52.134	0.593	0.360	0.587	0.344	164.092	2210	2463
99	0.188	98.757	52.907	1.707	98.510	52.663	0.529	0.529	0.621	0.386	42.597	4667	2488
100	0.180	69.988	53.360	1.630	69.765	53.086	0.444	0.550	0.619	0.369	59.199	3309	2508
101	0.181	115.020	54.020	1.648	114.766	53.742	0.487	0.529	0.609	0.377	53.474	5436	2539
102	0.146	90.182	54.361	1.503	90.001	54.102	0.381	0.550	0.574	0.323	66.152	4262	2556
103	0.147	85.075	54.650	1.515	84.900	54.335	0.339	0.593	0.561	0.334	93.453	4020	2567
104	0.168	82.207	54.702	1.623	82.021	54.398	0.381	0.635	0.632	0.337	70.140	3885	2570
105	0.164	125.245	55.179	1.625	125.053	54.885	0.360	0.614	0.611	0.343	99.190	5913	2593
106	0.164	69.809	55.336	1.605	69.532	55.097	0.529	0.466	0.613	0.342	37.050	3301	2603
107	0.197	26.316	55.833	1.745	26.120	55.520	0.381	0.677	0.658	0.381	90.474	1242	2623
108	0.156	74.635	56.206	1.545	74.443	55.922	0.381	0.572	0.595	0.335	115.100	3521	2642
109	0.143	106.038	56.933	1.540	105.876	56.621	0.318	0.593	0.570	0.320	83.692	5013	2675
110	0.165	119.639	57.152	1.653	119.444	56.811	0.402	0.635	0.626	0.336	109.225	5647	2684
111	0.157	32.157	57.145	1.605	31.940	56.875	0.444	0.529	0.599	0.333	122.279	1513	2687
112	0.163	74.943	57.756	1.635	74.761	57.446	0.360	0.635	0.634	0.327	105.446	3538	2714
113	0.134	19.272	57.678	1.431	19.029	57.489	0.508	0.381	0.535	0.320	28.121	912	2716
114	0.162	27.263	57.802	1.583	27.072	57.510	0.360	0.593	0.596	0.346	77.382	1289	2717
115	0.168	36.771	58.025	1.630	36.576	57.700	0.381	0.614	0.605	0.353	97.905	1735	2726
116	0.147	95.592	58.044	1.600	95.419	57.743	0.318	0.614	0.614	0.305	94.911	4513	2728
117	0.159	100.686	58.553	1.563	100.499	58.251	0.360	0.614	0.595	0.342	83.669	4756	2752
118	0.147	123.948	58.617	1.510	123.656	58.462	0.593	0.318	0.578	0.323	176.185	5847	2762
119	0.166	110.743	59.165	1.630	110.575	58.822	0.339	0.656	0.631	0.335	82.945	5233	2779
120	0.158	72.926	59.221	1.600	72.750	58.907	0.360	0.614	0.615	0.327	104.776	3441	2783
121	0.157	100.611	59.210	1.558	100.415	58.928	0.381	0.572	0.601	0.332	112.797	4748	2784
122	0.163	99.724	59.240	1.565	99.547	58.970	0.360	0.572	0.589	0.351	76.623	4709	2786
123	0.167	101.836	59.551	1.618	101.642	59.267	0.381	0.614	0.591	0.360	82.581	4812	2800
124	0.164	56.412	59.698	1.580	56.155	59.457	0.508	0.487	0.613	0.340	136.296	2657	2809
125	0.173	118.484	59.823	1.732	118.300	59.457	0.360	0.698	0.688	0.321	101.993	5593	2809
126	0.184	124.291	59.742	1.700	123.994	59.542	0.614	0.402	0.599	0.390	1.909	5868	2813
127	0.201	85.945	60.253	1.797	85.725	59.944	0.466	0.656	0.676	0.378	61.281	4063	2832
128	0.172	112.460	60.763	1.610	112.226	60.473	0.466	0.550	0.616	0.357	53.185	5318	2857
129	0.162	43.670	60.839	1.623	43.455	60.537	0.444	0.572	0.610	0.338	121.977	2056	2860
130	0.181	89.900	60.827	1.642	89.683	60.579	0.466	0.529	0.604	0.382	54.037	4248	2862
131	0.165	108.726	61.034	1.610	108.522	60.748	0.402	0.614	0.612	0.344	110.088	5131	2870
132	0.174	81.132	61.408	1.623	80.878	61.150	0.508	0.508	0.609	0.365	41.381	3840	2889
133	0.142	98.266	61.564	1.456	98.002	61.383	0.550	0.339	0.550	0.329	172.150	4639	2900
134	0.149	84.245	61.926	1.448	84.032	61.680	0.423	0.487	0.500	0.380	59.007	3983	2914
135	0.169	94.045	62.626	1.648	93.853	62.294	0.381	0.635	0.596	0.362	92.466	4440	2943
136	0.159	32.040	62.660	1.610	31.814	62.399	0.444	0.572	0.634	0.319	123.605	1505	2948
137	0.186	65.719	63.164	1.695	65.468	62.865	0.487	0.572	0.638	0.372	52.087	3111	2970
138	0.174	92.675	63.187	1.588	92.435	62.950	0.508	0.466	0.585	0.378	143.296	4368	2974
139	0.184	93.696	63.237	1.665	93.345	63.056	0.656	0.381	0.628	0.373	174.987	4420	2979
140	0.159	33.698	63.469	1.565	33.528	63.161	0.339	0.593	0.607	0.334	94.872	1590	2984
141	0.145	72.193	63.405	1.426	71.946	63.225	0.508	0.360	0.529	0.348	14.529	3409	2987
142	0.178	16.382	63.465	1.648	16.087	63.267	0.614	0.402	0.633	0.358	19.918	774	2989
143	0.169	28.394	64.025	1.613	28.215	63.712	0.360	0.614	0.607	0.355	95.324	1338	3010
144	0.153	81.418	64.281	1.498	81.153	64.114	0.550	0.360	0.558	0.349	1.294	3841	3029
145	0.157	116.399	64.369	1.521	116.120	64.177	0.572	0.381	0.578	0.346	19.535	5498	3032
146	0.181	113.524	64.727	1.672	113.284	64.474	0.487	0.529	0.622	0.371	54.229	5364	3046
147	0.155	87.518	64.701	1.610	87.207	64.495	0.593	0.402	0.637	0.310	28.414	4137	3047
148	0.168	37.095	65.126	1.580	36.872	64.855	0.444	0.550	0.588	0.365	121.819	1747	3064
149	0.162	57.977	65.655	1.588	57.785	65.363	0.381	0.593	0.602	0.342	106.904	2735	3088
150	0.148	65.904	65.678	1.453	65.659	65.426	0.466	0.466	0.529	0.356	42.572	3116	3091
151	0.167	26.120	65.768	1.600	25.950	65.468	0.360	0.614	0.611	0.347	80.196	1233	3093
152	0.151	120.822	66.139	1.630	120.650	65.786	0.360	0.635	0.582	0.331	92.000	5706	3108
153	0.159	122.998	66.191	1.563	122.767	65.913	0.444	0.529	0.585	0.347	56.381	5814	3114
154	0.166	97.596	66.786	1.570	97.409	66.506	0.381	0.572	0.598	0.353	72.262	4610	3142
155	0.116	65.199	66.962	1.256	64.982	66.781	0.423	0.360	0.430	0.342	2.563	3079	3155
156	0.181	37.589	67.079	1.635	37.359	66.802	0.444	0.572	0.602	0.384	117.597	1770	3156
157	0.170	48.197	67.430	1.600	48.006	67.141	0.381	0.572	0.587	0.369	99.649	2273	3172
158	0.168	33.962	67.638	1.635	33.761	67.331	0.423	0.572	0.616	0.348	121.550	1596	3181
159	0.161	117.426	67.690	1.570	117.263	67.374	0.339	0.614	0.598	0.343	86.618	5545	3183
160	0.182	66.512	68.583	1.618	66.273	68.326	0.487	0.508	0.612	0.379	132.115	3132	3228
161	0.162	97.598	68.773	1.570	97.430	68.453	0.339	0.614	0.603	0.342	92.579	4610	3234
162	0.160	53.045	69.290	1.623	52.811	69.024	0.466	0.550	0.618	0.330	128.992	2500	3261
163	0.141	95.913	69.528	1.515	95.737	69.236	0.339	0.593	0.576	0.311	99.899	4530	3271
164	0.185	21.517	71.104	1.672	21.209	70.908	0.614	0.402	0.610	0.387	161.787	1007	3350
165	0.175	67.708	71.276	1.672	67.500	70.972	0.423	0.593	0.624	0.357	118.846	3189	3353
166	0.175	69.369	71.187	1.630	69.067	70.993	0.593	0.402	0.601	0.370	19.614	3274	3354
167	0.150	30.865	71.383	1.521	30.565	71.184	0.572	0.381	0.566	0.337	162.562	1455	3363
168	0.164	80.740	71.897	1.605	80.539	71.607	0.423	0.572	0.630	0.332	117.205	3808	3383
169	0.139	117.014	72.325	1.486	116.840	72.051	0.360	0.550	0.580	0.306	67.576	5531	3404
170	0.156	123.310	72.499	1.570	123.021	72.326	0.593	0.360	0.610	0.326	10.986	5828	3417
171	0.179	27.940	73.028	1.737	27.622	72.792	0.593	0.444	0.623	0.365	30.895	1322	3439
172	0.099	14.910	73.036	1.258	14.753	72.856	0.318	0.381	0.403	0.314	89.898	699	3442
173	0.180	67.922	73.286	1.725	67.691	73.025	0.508	0.572	0.666	0.343	48.363	3214	3450
174	0.167	62.577	73.492	1.715	62.294	73.279	0.550	0.423	0.585	0.364	25.301	2961	3462
175	0.183	35.891	73.722	1.685	35.581	73.533	0.635	0.381	0.656	0.355	164.540	1686	3474
176	0.159	27.678	73.740	1.600	27.368	73.575	0.635	0.339	0.641	0.315	14.174	1306	3476
177	0.164	106.631	74.441	1.580	106.426	74.147	0.444	0.550	0.600	0.349	123.226	5031	3503
178	0.168	29.955	74.396	1.635	29.633	74.210	0.635	0.360	0.610	0.352	3.139	1412	3506
179	0.157	19.603	74.642	1.563	19.325	74.443	0.572	0.402	0.593	0.338	26.180	926	3517
180	0.205	24.562	74.690	1.762	24.257	74.464	0.614	0.466	0.674	0.387	152.945	1149	3518
181	0.185	29.494	74.808	1.683	29.189	74.612	0.656	0.402	0.635	0.372	13.648	1391	3525
182	0.144	102.602	75.624	1.461	102.404	75.353	0.402	0.508	0.551	0.333	122.571	4842	3560
183	0.186	79.013	75.788	1.707	78.804	75.459	0.444	0.614	0.658	0.361	118.020	3726	3565
184	0.160	90.106	76.073	1.598	89.852	75.819	0.487	0.529	0.613	0.332	127.290	4247	3582
185	0.156	9.089	76.360	1.563	8.805	76.179	0.614	0.360	0.573	0.348	178.352	424	3599
186	0.164	45.719	77.201	1.610	45.445	77.004	0.593	0.423	0.621	0.336	29.928	2159	3638
187	0.162	51.916	77.386	1.618	51.626	77.174	0.593	0.402	0.642	0.322	154.914	2446	3646
188	0.176	64.999	77.448	1.648	64.706	77.258	0.614	0.402	0.619	0.362	24.362	3069	3650
189	0.189	88.104	77.902	1.683	87.863	77.597	0.487	0.572	0.619	0.388	125.828	4156	3666
190	0.183	52.393	78.431	1.678	52.091	78.211	0.593	0.444	0.647	0.361	151.431	2466	3695
191	0.143	107.126	79.073	1.510	106.976	78.782	0.318	0.593	0.593	0.307	98.467	5057	3722
192	0.159	62.854	78.984	1.600	62.548	78.825	0.635	0.339	0.597	0.338	9.774	2965	3724
193	0.143	58.631	79.604	1.533	58.441	79.312	0.381	0.572	0.579	0.315	111.313	2767	3747
194	0.047	60.634	79.714	0.823	60.516	79.566	0.254	0.275	0.296	0.203	123.641	2861	3759
195	0.163	31.787	80.315	1.545	31.538	80.095	0.508	0.444	0.585	0.355	143.739	1493	3784
196	0.187	11.424	80.459	1.725	11.176	80.200	0.529	0.550	0.669	0.355	44.258	542	3789
197	0.149	107.811	80.737	1.583	107.654	80.391	0.318	0.635	0.608	0.311	87.026	5093	3798
198	0.156	62.543	80.646	1.558	62.251	80.476	0.614	0.339	0.599	0.331	6.241	2951	3802
199	0.150	19.814	80.816	1.508	19.579	80.582	0.466	0.487	0.575	0.331	130.429	928	3807
200	0.184	27.718	81.023	1.715	27.496	80.730	0.444	0.593	0.648	0.362	64.130	1311	3814
201	0.189	82.230	81.717	1.735	81.936	81.492	0.593	0.487	0.640	0.375	150.147	3873	3850
202	0.163	58.273	81.734	1.583	57.976	81.555	0.593	0.360	0.598	0.346	168.470	2746	3853
203	0.204	99.080	81.861	1.780	98.806	81.555	0.529	0.550	0.625	0.416	45.435	4686	3853
204	0.159	44.353	81.782	1.553	44.069	81.619	0.593	0.339	0.595	0.340	7.976	2092	3856
205	0.161	115.780	81.828	1.570	115.485	81.619	0.550	0.402	0.570	0.359	25.710	5471	3856
206	0.164	20.556	82.540	1.588	20.384	82.254	0.360	0.614	0.611	0.343	99.444	966	3886
207	0.171	51.882	82.525	1.623	51.604	82.296	0.529	0.487	0.627	0.347	136.688	2440	3888
208	0.181	73.907	82.878	1.745	73.724	82.529	0.381	0.677	0.675	0.341	105.116	3487	3899
209	0.142	49.957	82.986	1.551	49.699	82.762	0.550	0.423	0.609	0.297	144.784	2352	3910
210	0.185	66.362	83.078	1.690	66.167	82.762	0.402	0.635	0.616	0.382	80.671	3133	3910
211	0.189	80.305	83.949	1.748	80.074	83.630	0.508	0.593	0.630	0.381	124.134	3787	3951
212	0.181	54.288	83.988	1.720	53.954	83.799	0.635	0.402	0.637	0.363	171.980	2562	3959
213	0.172	22.767	84.132	1.588	22.479	83.947	0.572	0.402	0.587	0.372	158.015	1063	3966
214	0.171	21.781	84.923	1.583	21.569	84.646	0.402	0.550	0.582	0.374	108.007	1024	3999
215	0.166	27.755	85.021	1.580	27.559	84.730	0.402	0.593	0.584	0.362	71.689	1312	4003
216	0.157	79.132	85.509	1.535	78.952	85.238	0.360	0.550	0.563	0.355	98.498	3732	4027
217	0.162	72.472	85.912	1.623	72.242	85.640	0.466	0.529	0.591	0.349	128.906	3420	4046
218	0.184	89.869	86.428	1.760	89.598	86.170	0.572	0.529	0.644	0.364	137.875	4238	4071
219	0.164	111.524	86.575	1.565	111.231	86.402	0.593	0.339	0.590	0.353	179.395	5263	4082
220	0.179	38.135	87.887	1.672	37.846	87.694	0.593	0.402	0.616	0.371	22.570	1800	4143
221	0.190	94.849	87.999	1.845	94.552	87.778	0.614	0.444	0.597	0.405	163.975	4475	4147
222	0.154	80.272	88.147	1.563	80.010	87.926	0.508	0.466	0.577	0.339	137.599	3785	4154
223	0.177	96.184	88.371	1.678	95.885	88.159	0.572	0.423	0.592	0.381	156.551	4536	4165
224	0.175	50.310	88.581	1.713	50.059	88.286	0.508	0.550	0.640	0.348	132.124	2368	4171
225	0.185	74.288	88.619	1.727	74.083	88.307	0.444	0.572	0.627	0.376	119.226	3505	4172
226	0.159	99.988	88.929	1.575	99.737	88.731	0.550	0.423	0.573	0.354	24.049	4722	4192
227	0.202	95.480	89.166	1.822	95.271	88.815	0.444	0.656	0.665	0.386	109.912	4504	4196
228	0.174	37.665	89.218	1.648	37.380	89.006	0.550	0.423	0.589	0.377	27.136	1779	4205
229	0.184	26.093	89.398	1.780	25.887	89.069	0.381	0.656	0.627	0.373	88.064	1234	4208
230	0.209	20.773	89.797	1.912	20.447	89.577	0.677	0.444	0.683	0.389	157.094	972	4232
231	0.175	106.230	90.133	1.620	106.066	89.831	0.360	0.593	0.611	0.365	90.601	5013	4244
232	0.148	108.666	90.210	1.570	108.458	89.958	0.444	0.508	0.564	0.334	50.501	5143	4250
233	0.165	50.134	90.425	1.610	49.890	90.170	0.487	0.529	0.609	0.346	127.842	2360	4260
234	0.174	116.853	90.474	1.730	116.544	90.255	0.656	0.423	0.664	0.334	24.997	5524	4264
235	0.209	54.799	90.606	1.912	54.441	90.382	0.720	0.423	0.691	0.385	173.103	2588	4270
236	0.041	60.242	91.017	0.758	60.134	90.890	0.233	0.233	0.243	0.214	39.270	2846	4294
237	0.178	92.249	91.156	1.685	91.969	90.932	0.572	0.423	0.605	0.375	162.404	4347	4296
238	0.173	106.767	91.353	1.690	106.490	91.122	0.572	0.444	0.631	0.350	149.904	5032	4305
239	0.186	78.520	91.518	1.720	78.317	91.186	0.423	0.635	0.634	0.373	103.757	3707	4308
240	0.196	70.264	92.258	1.707	69.998	91.990	0.550	0.508	0.641	0.389	137.632	3312	4346
241	0.175	66.698	92.425	1.713	66.484	92.075	0.402	0.656	0.648	0.343	75.628	3153	4350
242	0.205	105.347	92.466	1.762	105.050	92.223	0.593	0.487	0.635	0.411	146.220	4971	4357
243	0.161	90.733	92.582	1.593	90.445	92.371	0.572	0.402	0.582	0.353	17.614	4289	4364
244	0.171	70.793	93.580	1.665	70.506	93.366	0.614	0.423	0.624	0.349	158.022	3336	4411
245	0.198	13.965	93.981	1.732	13.652	93.768	0.635	0.423	0.648	0.390	17.614	660	4430
246	0.195	123.357	94.198	1.862	123.021	93.959	0.656	0.444	0.640	0.389	3.795	5830	4439
247	0.183	124.117	94.844	1.697	123.804	94.657	0.635	0.381	0.634	0.368	0.245	5869	4472
248	0.172	126.203	94.970	1.720	125.920	94.784	0.614	0.402	0.593	0.370	172.167	5952	4478
249	0.194	26.840	95.222	1.713	26.585	94.954	0.529	0.550	0.644	0.383	43.881	1274	4486
250	0.168	23.268	95.502	1.640	22.987	95.271	0.550	0.466	0.588	0.365	144.701	1089	4501
251	0.128	96.439	96.155	1.411	96.224	95.927	0.444	0.444	0.500	0.325	130.659	4551	4532
252	0.174	36.103	96.137	1.702	35.793	95.948	0.677	0.360	0.646	0.343	171.468	1700	4533
253	0.185	62.735	96.361	1.683	62.442	96.139	0.593	0.444	0.590	0.400	166.586	2958	4542
254	0.155	86.013	96.983	1.508	85.746	96.774	0.529	0.423	0.557	0.354	28.901	4065	4572
255	0.151	121.562	97.043	1.540	121.264	96.880	0.593	0.339	0.582	0.331	6.770	5742	4577
256	0.188	109.397	97.219	1.745	109.072	97.028	0.635	0.381	0.643	0.372	7.388	5168	4584
257	0.168	13.569	97.300	1.625	13.272	97.134	0.614	0.360	0.624	0.342	8.177	639	4589
258	0.182	51.449	97.577	1.675	51.160	97.324	0.593	0.487	0.616	0.376	35.622	2434	4598
259	0.207	72.873	97.609	1.885	72.580	97.346	0.635	0.550	0.658	0.400	40.710	3447	4599
260	0.193	26.556	98.082	1.745	26.352	97.769	0.402	0.656	0.677	0.363	108.165	1248	4619
261	0.099	10.899	98.049	1.167	10.710	97.875	0.360	0.360	0.365	0.347	89.289	512	4624
262	0.178	44.474	99.051	1.772	44.196	98.806	0.614	0.487	0.660	0.344	145.429	2091	4668
263	0.173	93.198	99.259	1.678	92.964	98.975	0.466	0.550	0.627	0.351	55.847	4405	4676
264	0.182	105.874	99.301	1.685	105.622	99.060	0.508	0.487	0.591	0.393	136.653	4992	4680
265	0.162	26.414	99.369	1.575	26.183	99.124	0.423	0.550	0.588	0.351	122.667	1240	4683
266	0.198	95.979	99.848	1.767	95.737	99.547	0.466	0.614	0.670	0.377	119.935	4527	4703
267	0.171	32.028	100.038	1.642	31.729	99.843	0.593	0.402	0.610	0.357	22.008	1515	4717
268	0.159	58.834	100.425	1.528	58.547	100.245	0.572	0.360	0.578	0.351	11.959	2776	4736
269	0.138	29.778	100.695	1.521	29.528	100.415	0.444	0.508	0.567	0.310	47.604	1413	4744
270	0.196	126.195	100.868	1.762	125.878	100.669	0.656	0.402	0.644	0.388	167.165	5952	4756
271	0.153	50.433	101.553	1.528	50.165	101.388	0.529	0.360	0.541	0.360	6.207	2378	4790
272	0.196	124.469	101.710	1.785	124.270	101.388	0.402	0.677	0.655	0.381	97.292	5875	4790
273	0.165	59.139	101.867	1.583	58.864	101.685	0.572	0.381	0.577	0.365	16.063	2792	4804
274	0.161	24.361	101.999	1.605	24.109	101.769	0.529	0.466	0.605	0.338	145.718	1144	4808
275	0.162	68.629	102.401	1.577	68.411	102.150	0.423	0.508	0.579	0.356	58.874	3243	4826
276	0.171	27.586	103.033	1.655	27.411	102.701	0.339	0.656	0.653	0.333	79.605	1305	4852
277	0.173	90.833	103.022	1.605	90.530	102.849	0.593	0.381	0.588	0.375	4.964	4287	4859
278	0.194	60.415	103.181	1.665	60.134	102.955	0.572	0.444	0.589	0.419	22.734	2852	4864
279	0.173	79.075	103.475	1.653	78.846	103.166	0.444	0.593	0.635	0.348	60.254	3740	4874
280	0.189	33.606	103.522	1.707	33.295	103.336	0.635	0.402	0.626	0.384	10.815	1587	4882
281	0.183	122.902	103.601	1.760	122.576	103.378	0.635	0.423	0.620	0.376	12.625	5810	4884
282	0.178	28.533	103.816	1.683	28.321	103.526	0.423	0.614	0.636	0.356	116.125	1341	4891
283	0.176	40.172	104.019	1.695	39.878	103.801	0.593	0.444	0.650	0.345	150.378	1888	4904
284	0.177	89.076	104.870	1.665	88.858	104.584	0.444	0.593	0.632	0.357	66.316	4209	4941
285	0.208	115.021	105.154	1.810	114.808	104.838	0.444	0.656	0.647	0.409	82.598	5431	4953
286	0.168	118.027	105.228	1.605	117.729	105.029	0.593	0.381	0.595	0.358	162.664	5569	4962
287	0.147	63.877	105.376	1.545	63.627	105.092	0.444	0.508	0.557	0.337	47.352	3024	4965
288	0.163	67.355	105.454	1.588	67.183	105.135	0.360	0.614	0.597	0.348	99.401	3179	4967
289	0.211	121.297	105.388	1.762	120.989	105.156	0.635	0.444	0.651	0.413	163.457	5727	4968
290	0.170	42.088	105.649	1.583	41.783	105.474	0.593	0.360	0.587	0.369	177.810	1983	4983
291	0.183	11.311	105.823	1.702	10.964	105.643	0.677	0.360	0.665	0.351	4.571	536	4991
292	0.170	34.874	106.166	1.623	34.629	105.897	0.508	0.508	0.615	0.352	133.574	1641	5003
293	0.201	71.911	106.540	1.707	71.607	106.299	0.593	0.466	0.615	0.416	22.948	3401	5022
294	0.190	109.614	107.335	1.685	109.410	107.040	0.402	0.614	0.629	0.385	70.824	5179	5057
295	0.172	40.368	107.479	1.595	40.068	107.294	0.593	0.360	0.597	0.368	1.166	1902	5069
296	0.164	41.492	107.656	1.570	41.169	107.484	0.614	0.339	0.605	0.344	4.345	1955	5078
297	0.177	104.068	107.740	1.658	103.780	107.506	0.593	0.466	0.619	0.364	148.532	4908	5079
298	0.168	99.289	108.086	1.600	99.124	107.781	0.339	0.635	0.625	0.341	94.830	4688	5092
299	0.183	46.224	108.170	1.695	45.995	107.865	0.444	0.593	0.632	0.369	65.145	2187	5096
300	0.166	64.871	108.191	1.580	64.601	107.929	0.508	0.487	0.594	0.355	41.436	3069	5099
301	0.149	82.678	108.405	1.521	82.465	108.162	0.444	0.508	0.589	0.323	49.713	3909	5110
302	0.152	120.422	108.563	1.521	120.121	108.373	0.572	0.381	0.543	0.356	166.324	5683	5120
303	0.140	79.947	108.730	1.453	79.714	108.479	0.444	0.487	0.557	0.321	47.840	3781	5125
304	0.168	51.484	109.209	1.618	51.160	109.030	0.635	0.360	0.612	0.349	174.236	2427	5151
305	0.170	105.463	109.466	1.625	105.283	109.157	0.360	0.614	0.621	0.348	76.662	4986	5157
306	0.153	65.041	109.904	1.545	64.834	109.601	0.381	0.572	0.586	0.332	69.361	3075	5178
307	0.159	79.764	109.937	1.570	79.566	109.643	0.381	0.572	0.602	0.336	66.262	3771	5180
308	0.186	89.427	110.122	1.690	89.154	109.876	0.508	0.529	0.593	0.400	132.226	4219	5191
309	0.159	86.043	110.901	1.570	85.852	110.617	0.381	0.572	0.596	0.340	69.989	4068	5226
310	0.237	11.534	110.950	1.979	11.176	110.744	0.698	0.444	0.729	0.414	164.666	532	5232
311	0.175	55.099	111.539	1.600	54.864	111.294	0.508	0.466	0.583	0.383	139.398	2595	5258
312	0.165	116.964	111.849	1.593	116.692	111.633	0.550	0.423	0.600	0.350	152.779	5519	5274
313	0.181	88.193	112.144	1.648	87.926	111.908	0.529	0.487	0.618	0.374	39.893	4168	5287
314	0.152	23.974	113.104	1.551	23.707	112.840	0.487	0.487	0.590	0.328	47.634	1137	5331
315	0.177	75.954	114.020	1.618	75.671	113.813	0.593	0.402	0.596	0.377	6.846	3588	5377
316	0.171	25.085	114.208	1.618	24.892	113.898	0.381	0.614	0.616	0.353	75.318	1186	5381
317	0.146	40.926	114.132	1.521	40.619	113.940	0.572	0.381	0.578	0.321	20.150	1936	5383
318	0.168	105.505	114.538	1.623	105.220	114.321	0.572	0.444	0.633	0.339	33.004	4986	5401
319	0.162	26.061	114.636	1.565	25.908	114.342	0.339	0.593	0.596	0.346	92.568	1226	5402
320	0.173	86.433	114.712	1.660	86.212	114.406	0.423	0.593	0.640	0.345	60.383	4088	5405
321	0.152	39.917	114.607	1.540	39.603	114.448	0.614	0.318	0.614	0.316	6.625	1883	5407
322	0.149	24.626	114.925	1.563	24.405	114.639	0.423	0.529	0.584	0.325	52.205	1170	5416
323	0.155	27.897	115.244	1.521	27.622	115.041	0.572	0.381	0.557	0.356	16.062	1320	5435
324	0.177	35.105	115.419	1.635	34.777	115.231	0.614	0.402	0.591	0.382	1.684	1658	5444
325	0.158	16.720	115.636	1.540	16.510	115.422	0.466	0.466	0.562	0.359	41.731	789	5453
326	0.164	23.584	116.524	1.600	23.283	116.353	0.635	0.339	0.620	0.336	4.100	1110	5497
327	0.193	34.260	116.605	1.690	33.951	116.417	0.635	0.402	0.625	0.392	172.591	1609	5500
328	0.173	16.138	117.522	1.660	15.938	117.242	0.402	0.593	0.626	0.352	67.180	762	5539
329	0.196	112.606	117.534	1.732	112.332	117.285	0.572	0.466	0.637	0.392	149.390	5310	5541
330	0.189	37.560	117.977	1.762	37.211	117.792	0.698	0.381	0.674	0.357	11.968	1770	5565
331	0.160	68.298	118.794	1.583	67.966	118.618	0.614	0.339	0.606	0.336	10.498	3224	5604
332	0.149	87.701	119.044	1.568	87.524	118.745	0.360	0.614	0.613	0.309	70.380	4145	5610
333	0.177	19.070	119.277	1.630	18.881	118.957	0.381	0.614	0.611	0.370	100.661	897	5620
334	0.199	65.361	119.448	1.737	65.024	119.253	0.635	0.423	0.613	0.413	172.079	3081	5634
335	0.188	40.166	120.132	1.688	39.899	119.846	0.529	0.550	0.638	0.375	133.045	1892	5662
336	0.172	36.766	120.570	1.613	36.449	120.396	0.614	0.360	0.611	0.360	175.310	1730	5688
337	0.177	49.714	121.740	1.690	49.424	121.518	0.593	0.444	0.627	0.360	33.182	2352	5741
338	0.174	23.887	122.087	1.618	23.686	121.814	0.423	0.572	0.599	0.370	70.640	1128	5755
339	0.164	67.386	122.721	1.618	67.183	122.386	0.381	0.614	0.617	0.339	69.806	3187	5782
340	0.195	116.367	122.661	1.715	116.057	122.449	0.614	0.423	0.642	0.387	161.835	5491	5785
341	0.154	51.316	122.863	1.551	51.054	122.661	0.550	0.423	0.604	0.324	32.396	2424	5795
342	0.203	61.939	123.200	1.827	61.616	122.936	0.635	0.508	0.671	0.386	147.933	2915	5808
343	0.180	19.783	123.309	1.648	19.473	123.127	0.635	0.381	0.622	0.368	172.187	925	5817
344	0.144	40.783	123.656	1.431	40.534	123.465	0.487	0.402	0.482	0.381	0.077	1925	5833
345	0.174	39.480	124.390	1.648	39.137	124.185	0.635	0.381	0.614	0.361	179.415	1865	5867
346	0.166	80.040	125.216	1.593	79.756	124.989	0.550	0.444	0.617	0.342	32.350	3785	5905
347	0.044	26.089	125.342	0.770	25.993	125.201	0.212	0.254	0.272	0.208	118.707	1229	5915
348	0.154	55.911	126.092	1.535	55.605	125.942	0.593	0.318	0.607	0.323	171.949	2631	5950
349	0.165	49.399	126.171	1.618	49.064	125.984	0.635	0.360	0.624	0.336	6.011	2338	5952
350	0.164	76.118	126.268	1.558	75.946	125.984	0.360	0.593	0.589	0.354	99.258	3591	5952
351	0.195	19.139	126.767	1.695	18.860	126.492	0.529	0.529	0.639	0.389	45.687	906	5976
352	0.154	89.205	127.212	1.545	88.985	126.958	0.466	0.487	0.566	0.347	125.915	4209	5998
353	0.164	35.047	128.873	1.605	34.862	128.566	0.360	0.635	0.614	0.339	89.382	1655	6074
354	0.163	38.137	128.932	1.642	37.973	128.609	0.360	0.635	0.641	0.323	104.561	1796	6076
355	0.162	92.454	129.570	1.570	92.266	129.286	0.381	0.572	0.605	0.340	66.584	4369	6108
356	0.168	58.759	129.727	1.613	58.462	129.540	0.593	0.381	0.624	0.342	158.250	2765	6120
357	0.166	76.452	130.554	1.593	76.264	130.238	0.381	0.614	0.589	0.358	78.278	3612	6153
358	0.156	67.014	130.788	1.583	66.844	130.492	0.339	0.614	0.621	0.321	86.810	3163	6165
359	0.163	57.651	130.974	1.618	57.468	130.641	0.360	0.635	0.609	0.340	90.099	2723	6172
360	0.178	91.057	131.892	1.690	90.868	131.572	0.381	0.635	0.637	0.356	94.861	4299	6216
361	0.174	33.760	131.920	1.605	33.507	131.657	0.487	0.508	0.602	0.368	48.140	1596	6220
362	0.182	30.052	132.422	1.750	29.803	132.080	0.423	0.656	0.626	0.371	93.717	1418	6240
363	0.066	14.418	133.882	0.960	14.245	133.731	0.318	0.296	0.295	0.284	10.479	680	6318
