 	Area	X	Y	Perim.	BX	BY	Width	Height	Major	Minor	Angle	XStart	YStart
1	0.044	48.828	1.228	0.793	48.704	1.101	0.233	0.254	0.258	0.217	105.527	2305	52
2	0.118	103.606	12.671	1.364	103.420	12.446	0.381	0.466	0.479	0.314	60.946	4897	588
3	0.133	98.461	13.038	1.366	98.234	12.848	0.466	0.360	0.476	0.355	177.958	4650	607
4	0.145	73.077	15.051	1.498	72.898	14.753	0.339	0.572	0.562	0.329	84.105	3454	697
5	0.082	46.841	15.392	1.186	46.630	15.282	0.444	0.233	0.454	0.230	175.723	2203	722
6	0.129	45.840	16.425	1.359	45.593	16.256	0.487	0.360	0.505	0.325	158.629	2159	768
7	0.159	71.026	16.555	1.523	70.824	16.298	0.381	0.529	0.547	0.371	81.583	3352	770
8	0.146	80.675	17.184	1.456	80.412	16.976	0.508	0.381	0.505	0.367	2.090	3811	802
9	0.053	116.019	17.205	0.848	115.888	17.060	0.254	0.275	0.274	0.246	74.521	5480	806
10	0.119	76.076	17.362	1.274	75.883	17.166	0.402	0.402	0.442	0.343	134.432	3588	811
11	0.190	70.544	18.831	1.685	70.358	18.521	0.381	0.635	0.633	0.381	94.538	3329	875
12	0.147	103.517	18.852	1.580	103.314	18.606	0.402	0.508	0.539	0.347	118.270	4884	879
13	0.150	114.520	18.928	1.553	114.258	18.754	0.529	0.360	0.521	0.367	6.354	5406	886
14	0.149	94.437	20.512	1.461	94.192	20.320	0.508	0.402	0.520	0.365	156.237	4453	960
15	0.043	67.916	20.809	0.828	67.797	20.659	0.254	0.296	0.319	0.174	52.622	3211	976
16	0.143	74.277	21.600	1.443	74.020	21.421	0.508	0.360	0.511	0.356	2.254	3504	1012
17	0.129	94.406	21.927	1.359	94.213	21.696	0.381	0.466	0.485	0.339	68.659	4459	1025
18	0.142	111.889	22.283	1.478	111.654	22.034	0.423	0.508	0.525	0.343	119.577	5285	1041
19	0.174	37.268	27.079	1.580	37.020	26.818	0.466	0.529	0.582	0.381	124.642	1755	1267
20	0.144	83.691	27.590	1.461	83.439	27.411	0.508	0.381	0.515	0.357	17.804	3951	1295
21	0.136	42.160	29.741	1.438	41.974	29.485	0.381	0.487	0.536	0.324	64.976	1992	1393
22	0.145	24.028	29.946	1.443	23.791	29.760	0.508	0.381	0.498	0.370	6.685	1130	1406
23	0.167	21.609	30.891	1.521	21.357	30.670	0.508	0.444	0.542	0.392	142.238	1015	1449
24	0.154	46.849	31.080	1.503	46.609	30.861	0.508	0.423	0.572	0.343	146.050	2205	1458
25	0.142	24.332	31.280	1.418	24.109	31.073	0.466	0.423	0.523	0.347	38.729	1149	1468
26	0.122	84.751	32.192	1.376	84.497	32.025	0.508	0.339	0.512	0.303	162.009	3996	1513
27	0.128	87.805	32.612	1.371	87.588	32.364	0.402	0.444	0.484	0.337	52.637	4150	1529
28	0.138	97.146	32.646	1.443	96.859	32.470	0.550	0.339	0.526	0.333	2.548	4587	1534
29	0.137	109.736	32.908	1.413	109.559	32.660	0.360	0.508	0.524	0.333	71.056	5183	1543
30	0.139	92.674	33.180	1.461	92.477	32.935	0.444	0.466	0.505	0.351	59.264	4377	1556
31	0.125	82.623	33.302	1.304	82.402	33.105	0.444	0.381	0.455	0.351	151.622	3898	1564
32	0.153	83.469	34.394	1.515	83.206	34.205	0.550	0.381	0.554	0.352	163.359	3935	1616
33	0.154	31.231	34.787	1.456	31.009	34.565	0.444	0.444	0.512	0.382	43.692	1475	1633
34	0.152	54.432	35.096	1.496	54.208	34.862	0.466	0.487	0.551	0.352	47.209	2572	1647
35	0.150	31.839	35.345	1.466	31.602	35.116	0.487	0.444	0.516	0.370	147.193	1500	1659
36	0.146	93.529	35.663	1.496	93.303	35.412	0.444	0.508	0.556	0.334	53.482	4421	1673
37	0.158	27.081	36.493	1.535	26.797	36.322	0.572	0.339	0.595	0.338	177.599	1277	1716
38	0.108	34.309	36.611	1.274	34.142	36.364	0.360	0.444	0.453	0.304	125.184	1616	1718
39	0.162	52.106	38.352	1.521	51.837	38.142	0.529	0.423	0.562	0.368	26.685	2463	1802
40	0.162	122.309	38.437	1.580	122.068	38.206	0.487	0.487	0.576	0.359	138.009	5770	1805
41	0.152	119.003	38.636	1.461	118.745	38.439	0.508	0.402	0.530	0.366	23.512	5622	1816
42	0.152	82.547	38.859	1.486	82.275	38.672	0.550	0.360	0.539	0.358	5.247	3896	1827
43	0.153	71.545	39.235	1.491	71.289	39.031	0.508	0.423	0.565	0.344	149.637	3371	1844
44	0.132	29.746	39.554	1.378	29.485	39.391	0.508	0.318	0.519	0.324	169.410	1399	1861
45	0.134	61.903	39.640	1.378	61.659	39.476	0.487	0.339	0.500	0.341	3.455	2922	1865
46	0.140	112.793	40.352	1.443	112.607	40.090	0.381	0.508	0.536	0.333	114.762	5322	1894
47	0.138	26.756	41.044	1.401	26.564	40.788	0.381	0.487	0.484	0.362	108.477	1263	1927
48	0.149	87.855	41.244	1.453	87.630	41.000	0.444	0.487	0.543	0.349	52.342	4152	1937
49	0.149	115.335	41.796	1.508	115.104	41.571	0.466	0.466	0.536	0.354	134.700	5440	1964
50	0.170	82.062	41.880	1.551	81.830	41.635	0.466	0.508	0.556	0.389	51.483	3878	1967
51	0.148	41.671	42.102	1.448	41.487	41.846	0.381	0.529	0.532	0.355	106.991	1964	1977
52	0.128	66.893	42.648	1.378	66.633	42.482	0.508	0.318	0.501	0.325	9.184	3157	2007
53	0.043	74.949	42.587	0.763	74.803	42.482	0.275	0.212	0.269	0.206	158.255	3538	2007
54	0.133	97.410	43.750	1.406	97.197	43.519	0.423	0.466	0.529	0.320	51.570	4603	2056
55	0.155	91.679	44.523	1.533	91.461	44.260	0.423	0.529	0.546	0.362	68.580	4332	2091
56	0.143	67.099	44.876	1.426	66.908	44.619	0.360	0.508	0.511	0.357	85.110	3168	2108
57	0.147	98.132	45.230	1.558	97.917	45.000	0.466	0.444	0.523	0.357	134.984	4630	2126
58	0.157	108.236	45.230	1.540	107.950	45.043	0.572	0.360	0.584	0.342	5.761	5120	2128
59	0.121	105.192	45.354	1.323	104.987	45.170	0.423	0.381	0.479	0.320	26.984	4971	2134
60	0.137	50.580	46.131	1.383	50.356	45.932	0.444	0.402	0.487	0.358	33.757	2389	2170
61	0.123	53.422	46.767	1.329	53.234	46.546	0.381	0.444	0.460	0.341	115.300	2518	2199
62	0.119	107.743	46.879	1.329	107.569	46.630	0.360	0.466	0.474	0.319	114.448	5085	2203
63	0.138	50.255	47.148	1.443	50.059	46.905	0.381	0.508	0.495	0.355	107.253	2372	2216
64	0.149	70.650	47.289	1.443	70.400	47.096	0.487	0.402	0.531	0.357	149.644	3329	2225
65	0.160	61.753	47.381	1.528	61.468	47.202	0.550	0.381	0.561	0.364	168.440	2909	2230
66	0.142	64.586	47.501	1.448	64.368	47.286	0.466	0.444	0.529	0.343	40.297	3053	2234
67	0.120	85.988	47.825	1.276	85.767	47.667	0.444	0.318	0.456	0.334	178.275	4057	2252
68	0.130	51.565	48.281	1.353	51.393	48.048	0.360	0.466	0.480	0.346	103.228	2432	2270
69	0.140	91.407	48.465	1.456	91.144	48.260	0.487	0.402	0.502	0.355	25.983	4327	2280
70	0.121	69.083	48.563	1.299	68.898	48.345	0.360	0.444	0.456	0.339	107.989	3261	2284
71	0.134	111.488	49.108	1.443	111.316	48.832	0.339	0.550	0.542	0.314	94.185	5265	2307
72	0.139	73.744	49.378	1.401	73.554	49.128	0.381	0.487	0.507	0.349	66.106	3487	2321
73	0.143	71.299	49.621	1.401	71.078	49.424	0.466	0.402	0.495	0.369	34.980	3366	2335
74	0.138	39.220	49.733	1.456	39.010	49.509	0.444	0.444	0.487	0.361	35.326	1859	2339
75	0.138	41.319	49.770	1.394	41.106	49.551	0.444	0.444	0.508	0.347	46.670	1953	2341
76	0.177	80.768	50.529	1.610	80.560	50.229	0.423	0.593	0.600	0.374	66.183	3816	2373
77	0.051	119.519	51.125	0.942	119.401	50.969	0.275	0.296	0.302	0.216	59.104	5646	2408
78	0.139	105.189	51.329	1.426	105.008	51.075	0.360	0.508	0.529	0.335	109.761	4966	2413
79	0.136	63.706	52.357	1.388	63.479	52.155	0.466	0.402	0.492	0.351	147.961	3005	2464
80	0.140	31.685	52.460	1.413	31.432	52.282	0.508	0.360	0.502	0.355	167.741	1489	2470
81	0.175	15.217	52.780	1.653	14.986	52.493	0.444	0.572	0.604	0.369	117.226	713	2480
82	0.142	18.112	53.275	1.388	17.907	53.065	0.423	0.444	0.449	0.404	48.886	852	2507
83	0.172	58.151	54.380	1.600	57.954	54.081	0.381	0.593	0.577	0.380	91.839	2747	2555
84	0.154	61.925	54.311	1.491	61.701	54.102	0.487	0.444	0.533	0.368	40.015	2924	2556
85	0.147	83.339	54.502	1.491	83.079	54.314	0.529	0.381	0.538	0.348	10.771	3939	2566
86	0.127	84.782	55.068	1.371	84.540	54.885	0.466	0.381	0.487	0.333	155.583	4000	2593
87	0.134	43.818	55.211	1.401	43.624	54.970	0.381	0.487	0.510	0.335	70.491	2070	2597
88	0.147	96.012	55.806	1.503	95.822	55.520	0.360	0.572	0.538	0.347	93.708	4536	2623
89	0.129	77.937	55.780	1.376	77.724	55.562	0.444	0.423	0.516	0.317	40.737	3686	2625
90	0.137	53.253	56.011	1.413	53.001	55.838	0.508	0.360	0.511	0.341	177.456	2509	2638
91	0.184	78.066	56.201	1.658	77.766	55.965	0.593	0.466	0.633	0.370	30.052	3691	2644
92	0.135	16.849	56.270	1.329	16.637	56.070	0.423	0.402	0.465	0.369	38.954	794	2649
93	0.157	53.639	56.326	1.491	53.382	56.113	0.508	0.423	0.551	0.363	32.795	2534	2651
94	0.154	76.317	57.547	1.533	76.136	57.277	0.360	0.572	0.539	0.363	93.068	3603	2706
95	0.142	102.369	58.080	1.426	102.108	57.912	0.529	0.339	0.535	0.338	173.239	4832	2736
96	0.164	102.695	58.552	1.613	102.404	58.357	0.593	0.360	0.597	0.349	0.211	4844	2757
97	0.134	44.258	58.648	1.408	44.069	58.399	0.360	0.487	0.508	0.335	89.643	2087	2759
98	0.157	61.236	58.796	1.503	61.024	58.547	0.423	0.508	0.533	0.376	61.911	2894	2766
99	0.138	97.323	59.053	1.443	97.134	58.801	0.381	0.508	0.549	0.321	118.210	4591	2778
100	0.142	79.341	59.405	1.443	79.163	59.140	0.360	0.508	0.533	0.338	108.251	3744	2794
101	0.152	68.428	59.682	1.473	68.241	59.415	0.381	0.529	0.525	0.369	80.656	3233	2807
102	0.119	12.047	59.611	1.269	11.832	59.436	0.444	0.339	0.447	0.339	12.286	566	2808
103	0.139	78.998	60.450	1.408	78.846	60.177	0.318	0.529	0.535	0.332	90.307	3729	2843
104	0.161	121.530	60.921	1.538	121.264	60.727	0.529	0.402	0.533	0.385	166.534	5734	2869
105	0.135	49.872	61.036	1.381	49.657	60.791	0.423	0.466	0.497	0.347	129.252	2353	2872
106	0.156	63.663	61.791	1.535	63.500	61.489	0.318	0.593	0.597	0.333	94.304	3007	2905
107	0.140	64.769	61.844	1.421	64.516	61.680	0.508	0.339	0.530	0.337	173.690	3053	2914
108	0.138	20.344	61.958	1.424	20.066	61.764	0.529	0.381	0.515	0.342	160.824	957	2918
109	0.150	54.632	62.411	1.551	54.441	62.124	0.423	0.550	0.564	0.339	108.383	2578	2935
110	0.164	56.511	62.444	1.551	56.303	62.166	0.423	0.550	0.561	0.372	74.929	2670	2937
111	0.161	36.392	63.287	1.521	36.174	63.034	0.444	0.508	0.565	0.363	52.933	1720	2978
112	0.167	17.583	63.514	1.558	17.378	63.246	0.402	0.550	0.568	0.374	115.760	827	2988
113	0.161	40.443	63.723	1.526	40.238	63.458	0.402	0.550	0.546	0.375	104.544	1907	2998
114	0.151	121.983	63.921	1.466	121.772	63.669	0.423	0.508	0.528	0.364	118.538	5759	3008
115	0.149	106.668	63.913	1.443	106.426	63.712	0.508	0.381	0.501	0.378	170.150	5035	3010
116	0.154	28.728	64.071	1.503	28.533	63.796	0.402	0.529	0.526	0.373	108.435	1354	3014
117	0.154	79.585	64.146	1.515	79.333	63.923	0.487	0.444	0.517	0.380	149.839	3756	3020
118	0.137	51.250	64.336	1.351	51.033	64.114	0.423	0.444	0.481	0.362	50.978	2420	3029
119	0.149	113.549	64.433	1.461	113.305	64.220	0.487	0.423	0.531	0.357	35.437	5365	3034
120	0.161	98.102	64.530	1.551	97.854	64.304	0.508	0.466	0.576	0.356	143.511	4627	3038
121	0.183	63.333	64.837	1.630	63.119	64.558	0.423	0.572	0.609	0.382	112.009	2987	3050
122	0.151	68.636	65.032	1.491	68.390	64.812	0.487	0.444	0.546	0.351	140.504	3237	3062
123	0.154	16.312	65.510	1.473	16.044	65.320	0.529	0.381	0.547	0.359	20.145	769	3086
124	0.142	83.794	65.635	1.443	83.524	65.447	0.529	0.360	0.537	0.338	15.405	3960	3092
125	0.138	103.152	65.758	1.418	102.955	65.532	0.423	0.466	0.526	0.334	55.116	4873	3096
126	0.153	119.504	65.742	1.508	119.232	65.553	0.550	0.381	0.540	0.360	165.238	5640	3097
127	0.166	55.232	66.117	1.568	55.012	65.850	0.487	0.508	0.551	0.383	127.586	2603	3111
128	0.164	120.549	66.131	1.545	120.332	65.871	0.423	0.508	0.531	0.394	64.052	5696	3112
129	0.146	122.391	66.308	1.436	122.153	66.104	0.487	0.423	0.504	0.368	144.307	5776	3123
130	0.160	12.934	66.435	1.540	12.658	66.230	0.550	0.381	0.569	0.359	7.837	614	3129
131	0.130	92.717	66.643	1.478	92.541	66.379	0.339	0.529	0.552	0.301	108.773	4375	3136
132	0.129	91.942	66.718	1.401	91.736	66.506	0.402	0.466	0.500	0.327	118.284	4337	3142
133	0.129	38.472	66.780	1.341	38.312	66.527	0.318	0.508	0.504	0.325	89.430	1815	3143
134	0.154	91.447	67.043	1.461	91.186	66.844	0.529	0.381	0.526	0.372	168.349	4314	3158
135	0.145	25.049	67.909	1.438	24.871	67.649	0.360	0.508	0.532	0.347	99.673	1178	3196
136	0.129	43.950	68.008	1.359	43.709	67.818	0.487	0.360	0.470	0.348	179.382	2073	3204
137	0.131	97.518	68.885	1.406	97.303	68.665	0.466	0.423	0.539	0.309	138.572	4601	3244
138	0.118	100.509	69.102	1.299	100.351	68.855	0.318	0.487	0.478	0.314	98.876	4747	3253
139	0.173	96.439	69.406	1.605	96.224	69.130	0.423	0.572	0.587	0.376	72.400	4555	3266
140	0.124	63.554	69.442	1.341	63.352	69.236	0.402	0.423	0.503	0.314	48.177	3003	3271
141	0.151	28.027	69.697	1.498	27.834	69.427	0.381	0.529	0.536	0.358	95.778	1322	3280
142	0.150	31.518	69.635	1.448	31.284	69.427	0.487	0.423	0.537	0.356	34.125	1489	3280
143	0.160	114.824	69.786	1.528	114.554	69.596	0.550	0.381	0.559	0.365	169.947	5420	3288
144	0.169	39.314	69.860	1.565	39.031	69.681	0.572	0.360	0.587	0.367	179.166	1852	3292
145	0.154	43.326	70.101	1.496	43.116	69.829	0.423	0.529	0.538	0.363	115.575	2042	3299
146	0.142	71.521	70.170	1.418	71.289	69.956	0.466	0.423	0.519	0.350	138.811	3374	3305
147	0.169	60.955	70.770	1.533	60.685	70.570	0.550	0.402	0.559	0.385	159.840	2872	3334
148	0.142	98.278	70.894	1.418	98.044	70.676	0.444	0.444	0.523	0.346	138.728	4637	3339
149	0.165	56.949	71.005	1.545	56.748	70.739	0.402	0.550	0.577	0.364	110.755	2685	3342
150	0.135	70.809	71.084	1.376	70.612	70.845	0.402	0.466	0.485	0.354	58.675	3346	3347
151	0.160	17.635	71.391	1.515	17.399	71.162	0.487	0.444	0.560	0.364	144.180	824	3362
152	0.136	82.640	71.599	1.418	82.402	71.395	0.487	0.402	0.545	0.318	147.990	3895	3373
153	0.128	99.580	72.094	1.401	99.399	71.840	0.381	0.487	0.532	0.307	125.717	4697	3394
154	0.158	11.956	72.241	1.563	11.705	71.988	0.466	0.508	0.560	0.359	127.818	560	3401
155	0.112	80.459	72.338	1.239	80.243	72.157	0.423	0.339	0.430	0.333	5.175	3799	3409
156	0.157	87.372	73.935	1.526	87.122	73.702	0.508	0.466	0.573	0.348	44.576	4130	3482
157	0.168	104.003	73.915	1.588	103.717	73.724	0.572	0.381	0.583	0.368	3.792	4913	3483
158	0.062	52.196	73.959	1.010	52.070	73.808	0.275	0.296	0.294	0.268	115.636	2465	3487
159	0.128	40.452	74.123	1.359	40.196	73.935	0.487	0.360	0.495	0.329	19.459	1911	3493
160	0.151	49.614	74.152	1.461	49.382	73.935	0.466	0.423	0.490	0.391	149.795	2339	3493
161	0.132	39.807	74.742	1.346	39.582	74.549	0.444	0.402	0.437	0.385	14.019	1878	3522
162	0.145	104.022	75.014	1.466	103.759	74.803	0.529	0.402	0.510	0.363	10.039	4916	3534
163	0.163	81.726	75.349	1.545	81.449	75.163	0.572	0.381	0.575	0.360	9.464	3861	3551
164	0.135	59.426	75.753	1.406	59.224	75.523	0.402	0.487	0.528	0.325	122.849	2801	3568
165	0.120	87.103	76.525	1.346	86.868	76.369	0.508	0.339	0.493	0.310	20.873	4111	3608
166	0.146	123.920	76.783	1.486	123.698	76.539	0.423	0.487	0.542	0.342	53.809	5856	3616
167	0.124	67.854	77.142	1.294	67.649	76.962	0.423	0.360	0.436	0.363	7.932	3202	3636
168	0.140	52.066	77.262	1.431	51.816	77.068	0.508	0.381	0.529	0.337	154.256	2454	3641
169	0.152	35.913	77.608	1.491	35.687	77.385	0.466	0.466	0.558	0.347	43.422	1697	3656
170	0.121	122.009	77.746	1.329	121.835	77.512	0.339	0.487	0.504	0.306	116.277	5760	3662
171	0.153	104.862	78.278	1.473	104.669	78.020	0.402	0.508	0.527	0.369	69.253	4953	3686
172	0.153	88.093	78.829	1.496	87.842	78.613	0.508	0.444	0.565	0.345	36.242	4163	3714
173	0.136	29.256	79.373	1.436	29.062	79.100	0.381	0.529	0.516	0.335	66.823	1383	3737
174	0.128	80.755	79.286	1.376	80.518	79.100	0.487	0.381	0.513	0.318	28.482	3816	3737
175	0.129	87.406	79.346	1.376	87.186	79.142	0.444	0.423	0.519	0.318	140.954	4122	3739
176	0.146	72.266	79.453	1.463	72.072	79.227	0.381	0.487	0.511	0.363	68.674	3412	3743
177	0.133	25.002	79.493	1.346	24.786	79.290	0.423	0.423	0.458	0.370	45.151	1181	3746
178	0.157	111.815	79.491	1.493	111.548	79.312	0.529	0.360	0.550	0.363	0.530	5281	3747
179	0.136	35.465	80.444	1.426	35.200	80.264	0.508	0.360	0.529	0.327	160.483	1670	3792
180	0.142	47.698	80.768	1.436	47.498	80.518	0.444	0.466	0.531	0.341	131.125	2247	3804
181	0.136	98.132	80.801	1.448	97.938	80.518	0.381	0.529	0.526	0.330	66.590	4639	3804
182	0.109	85.184	80.975	1.221	85.026	80.772	0.318	0.423	0.436	0.318	75.340	4022	3816
183	0.143	88.856	82.318	1.456	88.582	82.148	0.529	0.339	0.532	0.342	5.573	4195	3881
184	0.151	103.211	82.605	1.480	102.955	82.423	0.529	0.360	0.546	0.352	14.708	4875	3894
185	0.152	47.359	83.043	1.503	47.117	82.825	0.508	0.423	0.574	0.338	146.911	2227	3913
186	0.175	79.957	83.513	1.575	79.671	83.312	0.572	0.402	0.580	0.384	166.481	3771	3936
187	0.166	47.684	83.690	1.521	47.456	83.418	0.444	0.508	0.535	0.395	58.833	2253	3941
188	0.120	107.430	84.091	1.316	107.209	83.884	0.423	0.402	0.489	0.312	138.673	5071	3963
189	0.138	87.269	84.259	1.371	87.037	84.074	0.466	0.381	0.475	0.369	11.157	4119	3972
190	0.133	36.943	84.430	1.396	36.788	84.159	0.318	0.529	0.535	0.316	91.666	1743	3976
191	0.161	9.585	84.487	1.503	9.356	84.264	0.466	0.466	0.514	0.400	40.683	453	3981
192	0.144	21.061	85.332	1.431	20.849	85.111	0.423	0.466	0.493	0.373	50.478	999	4021
193	0.129	62.446	85.530	1.371	62.294	85.280	0.318	0.529	0.513	0.321	91.371	2948	4029
194	0.130	77.192	85.753	1.376	76.962	85.556	0.423	0.444	0.501	0.331	131.719	3640	4042
195	0.138	108.518	85.923	1.424	108.268	85.725	0.508	0.402	0.515	0.340	156.041	5122	4050
196	0.147	118.626	86.225	1.413	118.449	85.958	0.360	0.508	0.511	0.365	99.465	5602	4061
197	0.155	58.885	86.515	1.473	58.674	86.275	0.423	0.487	0.533	0.371	57.321	2782	4076
198	0.164	29.471	86.720	1.528	29.274	86.445	0.381	0.550	0.549	0.380	100.556	1390	4084
199	0.124	44.204	86.665	1.316	43.963	86.487	0.487	0.339	0.474	0.333	0.356	2088	4086
200	0.147	49.567	86.774	1.443	49.361	86.529	0.402	0.487	0.522	0.357	114.214	2336	4088
201	0.127	122.120	86.889	1.353	121.878	86.720	0.466	0.339	0.458	0.354	177.077	5765	4097
202	0.146	76.435	87.778	1.431	76.221	87.545	0.423	0.466	0.512	0.362	123.902	3606	4136
203	0.148	79.129	87.814	1.456	78.867	87.609	0.487	0.402	0.502	0.376	17.866	3741	4139
204	0.146	121.271	88.416	1.456	121.094	88.138	0.360	0.529	0.524	0.354	84.385	5730	4164
205	0.107	108.993	88.740	1.234	108.839	88.519	0.318	0.423	0.429	0.318	104.020	5147	4182
206	0.158	104.785	89.042	1.540	104.521	88.858	0.529	0.381	0.537	0.374	13.643	4948	4198
207	0.142	95.235	89.061	1.510	94.932	88.900	0.572	0.318	0.563	0.322	177.794	4495	4200
208	0.122	59.753	89.315	1.339	59.563	89.069	0.381	0.487	0.476	0.327	113.142	2820	4208
209	0.125	71.939	89.441	1.353	71.692	89.260	0.444	0.381	0.480	0.332	149.435	3393	4217
210	0.129	84.634	89.837	1.401	84.455	89.577	0.339	0.529	0.549	0.301	110.103	3994	4232
211	0.126	118.675	90.468	1.371	118.428	90.297	0.487	0.360	0.500	0.321	160.274	5600	4266
212	0.125	73.012	90.623	1.316	72.834	90.382	0.360	0.466	0.490	0.324	116.259	3446	4270
213	0.118	83.045	91.051	1.323	82.868	90.805	0.339	0.466	0.487	0.308	107.833	3920	4290
214	0.135	79.803	91.717	1.378	79.608	91.482	0.381	0.444	0.488	0.352	59.391	3771	4322
215	0.141	70.915	92.684	1.436	70.739	92.435	0.381	0.529	0.529	0.340	71.036	3349	4367
216	0.146	21.905	92.764	1.478	21.675	92.541	0.466	0.466	0.577	0.322	43.557	1037	4372
217	0.144	39.083	92.740	1.491	38.820	92.562	0.529	0.381	0.530	0.346	160.195	1838	4373
218	0.134	78.980	92.748	1.364	78.740	92.562	0.487	0.381	0.504	0.337	29.210	3729	4373
219	0.168	23.216	92.835	1.593	22.945	92.583	0.508	0.487	0.557	0.384	43.109	1098	4374
220	0.152	94.570	92.878	1.443	94.340	92.668	0.466	0.423	0.512	0.378	33.203	4468	4378
221	0.134	96.629	93.270	1.383	96.435	93.049	0.381	0.444	0.496	0.344	119.638	4558	4396
222	0.155	53.822	93.788	1.478	53.594	93.557	0.466	0.444	0.506	0.390	139.522	2537	4420
223	0.137	55.432	94.177	1.394	55.245	93.916	0.381	0.508	0.496	0.350	98.429	2616	4437
224	0.127	47.385	94.855	1.366	47.159	94.678	0.466	0.360	0.485	0.334	20.941	2236	4473
225	0.147	75.326	94.919	1.496	75.078	94.700	0.487	0.466	0.551	0.339	138.691	3551	4474
226	0.121	115.498	95.173	1.371	115.295	94.954	0.402	0.444	0.511	0.302	132.245	5450	4486
227	0.146	21.608	95.314	1.418	21.378	95.102	0.466	0.423	0.499	0.373	143.016	1017	4493
228	0.136	30.256	95.977	1.448	29.993	95.800	0.508	0.360	0.488	0.354	9.808	1427	4526
229	0.056	129.147	95.988	0.950	128.990	95.822	0.275	0.318	0.352	0.204	60.958	6100	4527
230	0.137	78.622	96.200	1.413	78.401	95.991	0.444	0.423	0.509	0.343	41.644	3716	4535
231	0.142	85.208	96.266	1.438	85.026	96.012	0.360	0.508	0.549	0.330	67.107	4026	4536
232	0.120	72.471	96.964	1.329	72.284	96.753	0.381	0.444	0.495	0.308	59.955	3423	4571
233	0.151	73.030	97.351	1.456	72.834	97.092	0.381	0.508	0.526	0.367	100.162	3447	4587
234	0.130	51.268	98.508	1.418	51.012	98.340	0.508	0.360	0.491	0.338	173.269	2420	4646
235	0.132	84.967	99.421	1.383	84.709	99.250	0.508	0.339	0.506	0.332	165.767	4008	4689
236	0.122	19.035	99.679	1.311	18.860	99.462	0.360	0.444	0.447	0.347	80.742	897	4699
237	0.153	64.793	99.713	1.501	64.537	99.483	0.508	0.466	0.557	0.351	37.123	3065	4700
238	0.157	31.102	99.904	1.515	30.925	99.610	0.360	0.572	0.563	0.356	98.756	1468	4706
239	0.147	44.865	99.938	1.486	44.683	99.674	0.381	0.529	0.567	0.329	112.637	2114	4709
240	0.119	31.813	99.995	1.286	31.581	99.822	0.466	0.339	0.458	0.330	6.473	1501	4716
241	0.142	99.451	100.092	1.443	99.187	99.886	0.487	0.402	0.512	0.352	31.054	4700	4719
242	0.121	82.629	100.217	1.294	82.444	100.012	0.360	0.423	0.431	0.359	77.779	3901	4725
243	0.132	36.260	100.768	1.353	36.068	100.542	0.381	0.444	0.491	0.341	57.293	1713	4750
244	0.162	65.942	101.350	1.526	65.659	101.134	0.529	0.444	0.568	0.362	144.221	3107	4778
245	0.149	106.162	101.399	1.468	105.982	101.134	0.360	0.529	0.532	0.356	102.147	5013	4778
246	0.121	104.532	101.963	1.299	104.352	101.748	0.360	0.444	0.471	0.327	121.914	4932	4807
247	0.115	49.024	102.491	1.286	48.853	102.277	0.360	0.444	0.479	0.305	56.740	2317	4832
248	0.144	106.869	102.700	1.461	106.659	102.447	0.423	0.487	0.535	0.343	55.399	5051	4840
249	0.132	98.587	103.033	1.388	98.340	102.870	0.508	0.360	0.498	0.337	174.227	4651	4860
250	0.150	23.644	103.327	1.493	23.389	103.145	0.508	0.381	0.526	0.364	22.276	1116	4873
251	0.124	24.392	103.630	1.346	24.194	103.378	0.360	0.487	0.468	0.336	92.210	1152	4884
252	0.143	95.781	103.759	1.421	95.525	103.590	0.508	0.339	0.534	0.341	13.031	4522	4894
253	0.161	75.254	104.183	1.526	75.015	103.950	0.487	0.487	0.567	0.361	43.647	3557	4911
254	0.042	111.610	104.105	0.828	111.442	103.992	0.318	0.233	0.339	0.156	151.416	5268	4913
255	0.160	23.739	104.688	1.510	23.474	104.500	0.529	0.381	0.562	0.363	165.345	1113	4937
256	0.149	125.685	104.917	1.478	125.497	104.648	0.381	0.529	0.505	0.375	79.564	5938	4944
257	0.112	73.854	104.934	1.244	73.639	104.754	0.423	0.360	0.452	0.314	148.466	3485	4949
258	0.133	69.852	105.015	1.378	69.596	104.860	0.508	0.318	0.509	0.332	179.292	3293	4954
259	0.143	26.206	105.257	1.461	25.950	105.071	0.508	0.381	0.528	0.346	26.617	1236	4964
260	0.125	72.811	105.388	1.359	72.644	105.135	0.339	0.508	0.517	0.308	110.394	3437	4967
261	0.162	121.031	105.421	1.533	120.798	105.177	0.466	0.487	0.578	0.357	132.087	5711	4969
262	0.163	49.372	105.554	1.533	49.107	105.346	0.529	0.423	0.533	0.389	16.420	2335	4977
263	0.149	110.611	105.525	1.486	110.321	105.346	0.550	0.360	0.550	0.346	171.506	5221	4977
264	0.149	45.656	105.918	1.491	45.445	105.643	0.402	0.529	0.555	0.342	66.134	2158	4991
265	0.141	86.601	105.856	1.498	86.360	105.643	0.466	0.423	0.520	0.344	29.309	4101	4991
266	0.143	123.775	105.893	1.443	123.571	105.643	0.402	0.487	0.527	0.347	58.747	5848	4991
267	0.143	122.318	106.316	1.396	122.089	106.130	0.466	0.381	0.502	0.363	153.593	5770	5014
268	0.159	69.887	107.165	1.521	69.681	106.892	0.423	0.529	0.560	0.361	120.095	3296	5050
269	0.150	33.371	107.616	1.478	33.147	107.378	0.444	0.466	0.512	0.373	46.455	1578	5073
270	0.132	21.020	107.783	1.359	20.807	107.569	0.423	0.423	0.471	0.357	44.814	995	5082
271	0.140	35.991	107.883	1.431	35.793	107.633	0.402	0.487	0.540	0.330	53.929	1705	5085
272	0.141	31.809	108.168	1.424	31.581	107.950	0.466	0.444	0.523	0.343	40.854	1504	5100
273	0.154	70.840	108.134	1.491	70.570	107.950	0.550	0.381	0.533	0.368	2.723	3344	5100
274	0.140	46.409	108.317	1.401	46.165	108.140	0.508	0.360	0.508	0.351	15.150	2189	5109
275	0.154	38.978	108.450	1.491	38.714	108.246	0.529	0.402	0.559	0.350	26.655	1843	5114
276	0.166	57.169	109.248	1.588	56.981	108.966	0.402	0.572	0.573	0.369	94.165	2697	5148
277	0.131	105.514	109.338	1.376	105.325	109.093	0.402	0.466	0.506	0.329	125.955	4980	5154
278	0.053	21.444	110.164	0.865	21.294	110.046	0.275	0.275	0.282	0.239	146.164	1012	5199
279	0.130	105.699	111.680	1.351	105.516	111.442	0.381	0.487	0.477	0.348	112.703	4991	5265
280	0.141	103.926	111.847	1.496	103.717	111.591	0.402	0.529	0.558	0.322	118.482	4906	5272
281	0.147	99.923	112.572	1.438	99.674	112.374	0.487	0.381	0.515	0.364	19.260	4721	5309
282	0.147	76.706	113.305	1.468	76.433	113.136	0.550	0.339	0.564	0.332	12.300	3621	5345
283	0.144	101.805	114.580	1.486	101.515	114.406	0.572	0.339	0.561	0.327	7.280	4811	5405
284	0.142	84.246	114.757	1.471	83.989	114.533	0.508	0.444	0.575	0.313	140.277	3973	5411
285	0.143	64.435	115.075	1.443	64.241	114.829	0.381	0.508	0.504	0.361	79.102	3044	5425
286	0.144	34.799	115.118	1.478	34.586	114.872	0.444	0.487	0.547	0.336	125.962	1636	5427
287	0.124	74.489	115.491	1.396	74.337	115.210	0.318	0.529	0.523	0.302	106.154	3515	5443
288	0.133	13.238	115.764	1.371	13.018	115.570	0.444	0.402	0.502	0.336	144.524	617	5460
289	0.128	64.010	116.439	1.346	63.775	116.247	0.466	0.381	0.481	0.339	160.288	3021	5492
290	0.161	44.573	116.505	1.533	44.323	116.290	0.508	0.444	0.572	0.358	36.038	2106	5494
291	0.134	63.243	116.573	1.353	63.013	116.396	0.466	0.360	0.469	0.363	9.743	2986	5499
292	0.139	95.697	117.451	1.468	95.525	117.179	0.339	0.550	0.556	0.318	101.683	4518	5536
293	0.147	119.259	117.438	1.424	119.041	117.200	0.444	0.466	0.464	0.403	136.888	5630	5537
294	0.133	72.399	117.454	1.378	72.221	117.221	0.339	0.487	0.494	0.342	99.131	3417	5538
295	0.129	60.074	117.824	1.383	59.859	117.644	0.466	0.381	0.506	0.325	27.208	2836	5558
296	0.105	89.083	117.884	1.226	88.858	117.708	0.402	0.360	0.408	0.327	146.328	4207	5561
297	0.153	116.913	118.038	1.528	116.734	117.771	0.381	0.550	0.550	0.355	80.531	5521	5564
298	0.142	86.845	118.066	1.413	86.678	117.814	0.360	0.508	0.504	0.360	85.780	4099	5566
299	0.143	24.206	118.111	1.461	24.024	117.835	0.360	0.550	0.540	0.337	79.704	1143	5567
300	0.168	58.772	118.204	1.563	58.547	117.941	0.444	0.529	0.567	0.376	120.717	2772	5572
301	0.131	22.760	118.313	1.376	22.542	118.089	0.444	0.423	0.470	0.354	39.972	1077	5579
302	0.157	88.241	118.531	1.503	87.969	118.343	0.550	0.381	0.556	0.360	161.153	4161	5591
303	0.144	113.249	118.757	1.456	113.072	118.491	0.339	0.550	0.544	0.337	92.906	5348	5598
304	0.141	94.556	118.724	1.443	94.276	118.554	0.550	0.339	0.545	0.329	9.860	4467	5601
305	0.128	65.018	118.976	1.366	64.770	118.808	0.508	0.318	0.507	0.322	171.176	3066	5613
306	0.139	67.571	119.042	1.394	67.331	118.851	0.508	0.381	0.516	0.344	156.238	3185	5615
307	0.092	96.781	119.463	1.124	96.584	119.316	0.402	0.296	0.398	0.295	177.006	4569	5637
308	0.148	69.064	120.237	1.486	68.898	119.952	0.360	0.550	0.566	0.333	105.039	3259	5667
309	0.128	63.364	121.672	1.341	63.140	121.497	0.466	0.360	0.466	0.349	10.605	2989	5740
310	0.156	43.232	121.959	1.508	42.968	121.751	0.529	0.423	0.563	0.352	149.642	2034	5752
311	0.146	57.578	122.868	1.466	57.362	122.618	0.444	0.487	0.557	0.334	129.376	2714	5793
312	0.171	27.441	123.666	1.600	27.263	123.359	0.360	0.614	0.607	0.359	95.813	1294	5828
313	0.111	72.760	124.289	1.256	72.580	124.079	0.360	0.423	0.468	0.301	53.269	3438	5862
314	0.160	115.825	124.787	1.528	115.634	124.524	0.402	0.529	0.556	0.367	109.546	5466	5883
315	0.143	101.471	124.848	1.431	101.219	124.651	0.487	0.402	0.529	0.345	148.579	4786	5889
316	0.118	76.693	124.861	1.334	76.433	124.672	0.508	0.339	0.466	0.323	177.711	3622	5890
317	0.091	34.986	124.945	1.149	34.777	124.799	0.402	0.296	0.407	0.283	6.979	1651	5896
318	0.145	17.132	125.250	1.450	16.954	125.010	0.381	0.487	0.502	0.367	72.381	807	5906
319	0.156	63.053	125.716	1.486	62.802	125.518	0.508	0.402	0.536	0.371	24.917	2978	5930
320	0.134	102.814	125.720	1.371	102.574	125.518	0.466	0.381	0.472	0.362	161.771	4855	5930
321	0.121	80.558	126.163	1.334	80.370	125.920	0.360	0.487	0.491	0.314	67.218	3807	5949
322	0.112	78.294	127.113	1.341	78.147	126.852	0.296	0.529	0.531	0.270	106.322	3695	5993
323	0.157	54.423	127.344	1.523	54.166	127.169	0.529	0.360	0.547	0.365	5.709	2566	6008
324	0.134	80.749	128.169	1.401	80.476	127.995	0.529	0.339	0.522	0.328	2.941	3813	6047
325	0.138	60.060	128.963	1.388	59.859	128.736	0.402	0.466	0.509	0.344	56.024	2838	6082
326	0.124	57.352	129.815	1.346	57.150	129.604	0.423	0.423	0.496	0.318	42.717	2714	6123
