 	Area	X	Y	Perim.	BX	BY	Width	Height	Major	Minor	Angle	XStart	YStart
1	0.138	87.410	14.973	1.401	87.228	14.711	0.360	0.508	0.502	0.349	97.467	4128	695
2	0.186	58.355	15.126	1.820	58.102	14.796	0.529	0.593	0.576	0.411	55.001	2761	699
3	0.175	76.901	15.109	1.670	76.666	14.838	0.466	0.550	0.580	0.384	63.614	3636	701
4	0.145	94.925	16.982	1.443	94.700	16.764	0.444	0.423	0.501	0.369	42.845	4483	792
5	0.157	41.332	17.193	1.586	41.127	16.891	0.423	0.550	0.564	0.355	116.049	1948	798
6	0.155	108.262	17.320	1.515	108.077	17.039	0.381	0.550	0.574	0.345	64.233	5117	805
7	0.124	59.992	17.297	1.311	59.796	17.082	0.381	0.423	0.454	0.348	55.939	2835	807
8	0.175	68.650	18.003	1.665	68.347	17.801	0.593	0.402	0.575	0.387	11.937	3243	841
9	0.136	95.756	18.368	1.421	95.504	18.203	0.508	0.339	0.525	0.330	12.405	4523	860
10	0.128	84.323	18.530	1.323	84.095	18.352	0.444	0.360	0.471	0.346	158.664	3978	867
11	0.151	120.685	18.887	1.515	120.396	18.711	0.572	0.360	0.551	0.350	173.514	5696	884
12	0.155	123.896	19.721	1.605	123.656	19.431	0.466	0.508	0.513	0.386	36.084	5858	918
13	0.157	31.012	20.428	1.515	30.776	20.193	0.466	0.466	0.563	0.356	133.292	1457	954
14	0.181	73.060	20.439	1.678	72.771	20.235	0.572	0.423	0.577	0.399	171.030	3447	956
15	0.078	23.001	20.490	1.057	22.818	20.341	0.360	0.296	0.341	0.293	163.506	1083	961
16	0.138	51.677	20.692	1.388	51.498	20.447	0.381	0.487	0.472	0.372	83.300	2438	966
17	0.137	96.468	20.931	1.401	96.224	20.764	0.529	0.339	0.515	0.339	2.768	4552	981
18	0.134	115.609	22.354	1.461	115.358	22.140	0.487	0.402	0.528	0.323	35.691	5465	1046
19	0.148	95.665	22.573	1.443	95.440	22.352	0.444	0.444	0.543	0.348	43.765	4521	1056
20	0.168	75.041	22.781	1.618	74.761	22.585	0.572	0.381	0.565	0.378	7.177	3544	1067
21	0.132	94.860	23.156	1.418	94.636	22.945	0.487	0.402	0.529	0.318	148.753	4475	1084
22	0.139	51.868	23.566	1.456	51.689	23.304	0.360	0.529	0.521	0.340	77.645	2454	1101
23	0.137	125.614	23.719	1.418	125.391	23.474	0.423	0.466	0.514	0.340	51.193	5937	1109
24	0.148	115.641	24.701	1.473	115.443	24.448	0.423	0.487	0.549	0.343	125.741	5457	1155
25	0.143	109.966	24.875	1.448	109.749	24.638	0.423	0.487	0.546	0.334	124.507	5189	1164
26	0.179	38.492	24.958	1.640	38.290	24.680	0.423	0.593	0.586	0.390	101.150	1813	1166
27	0.154	93.006	24.897	1.523	92.731	24.723	0.550	0.360	0.570	0.343	17.496	4392	1168
28	0.138	93.816	25.053	1.431	93.557	24.871	0.529	0.360	0.540	0.326	20.352	4432	1175
29	0.149	82.909	25.273	1.480	82.677	25.040	0.444	0.444	0.544	0.349	45.706	3918	1183
30	0.122	108.229	25.406	1.316	108.056	25.167	0.360	0.466	0.457	0.341	102.362	5110	1189
31	0.160	41.203	25.498	1.533	41.000	25.231	0.402	0.550	0.552	0.370	114.082	1942	1192
32	0.135	87.040	25.882	1.359	86.826	25.675	0.423	0.423	0.455	0.378	45.734	4111	1213
33	0.138	86.522	26.668	1.413	86.318	26.437	0.402	0.466	0.516	0.340	55.323	4087	1249
34	0.147	123.676	26.940	1.528	123.508	26.628	0.339	0.593	0.581	0.322	75.316	5845	1258
35	0.151	34.896	27.099	1.508	34.692	26.839	0.402	0.508	0.529	0.364	70.779	1648	1268
36	0.164	83.509	27.203	1.600	83.312	26.924	0.381	0.593	0.586	0.356	108.242	3941	1272
37	0.129	107.305	27.191	1.341	107.124	26.966	0.360	0.466	0.483	0.340	109.228	5064	1274
38	0.157	111.348	27.333	1.540	111.062	27.157	0.572	0.360	0.575	0.348	6.793	5261	1283
39	0.160	30.029	27.721	1.551	29.803	27.432	0.444	0.529	0.565	0.360	57.287	1422	1296
40	0.147	52.290	28.476	1.456	52.049	28.279	0.487	0.402	0.522	0.360	31.532	2469	1336
41	0.174	117.003	28.739	1.630	116.713	28.554	0.593	0.381	0.600	0.370	7.719	5527	1349
42	0.125	51.359	29.089	1.341	51.118	28.935	0.487	0.339	0.493	0.324	3.010	2422	1367
43	0.174	38.593	29.238	1.648	38.396	28.956	0.402	0.593	0.608	0.364	71.046	1821	1368
44	0.150	60.169	29.257	1.486	60.008	28.956	0.339	0.572	0.557	0.343	91.386	2840	1368
45	0.131	128.475	29.416	1.401	128.312	29.168	0.339	0.529	0.509	0.327	92.036	6067	1378
46	0.150	99.047	29.370	1.515	98.764	29.189	0.550	0.360	0.563	0.338	169.468	4676	1379
47	0.137	97.522	29.439	1.431	97.261	29.252	0.508	0.381	0.540	0.322	155.062	4601	1382
48	0.155	80.996	29.672	1.563	80.793	29.358	0.381	0.593	0.565	0.350	87.284	3827	1387
49	0.161	32.066	29.672	1.533	31.877	29.379	0.381	0.572	0.560	0.366	73.315	1516	1388
50	0.113	126.255	29.906	1.306	126.048	29.739	0.402	0.339	0.427	0.337	169.210	5962	1405
51	0.159	31.530	30.062	1.503	31.306	29.824	0.444	0.487	0.536	0.378	51.138	1491	1409
52	0.144	77.645	30.166	1.443	77.470	29.908	0.360	0.529	0.515	0.355	81.677	3667	1413
53	0.134	82.520	30.248	1.371	82.317	30.036	0.402	0.444	0.497	0.343	127.369	3891	1419
54	0.104	78.070	30.248	1.226	77.851	30.078	0.423	0.339	0.445	0.298	151.668	3681	1421
55	0.131	95.974	30.567	1.376	95.716	30.374	0.487	0.381	0.505	0.330	152.056	4529	1435
56	0.177	94.360	30.601	1.618	94.065	30.416	0.614	0.381	0.594	0.378	0.449	4452	1437
57	0.161	128.775	30.935	1.593	128.524	30.670	0.508	0.487	0.558	0.368	141.493	6077	1449
58	0.148	44.696	31.064	1.468	44.429	30.882	0.529	0.360	0.548	0.343	11.589	2112	1459
59	0.153	91.657	31.466	1.515	91.461	31.178	0.381	0.550	0.558	0.349	76.240	4329	1473
60	0.182	69.001	32.306	1.713	68.749	32.025	0.487	0.550	0.576	0.403	56.283	3263	1513
61	0.117	116.837	32.347	1.371	116.650	32.110	0.381	0.444	0.472	0.317	131.801	5512	1517
62	0.164	28.057	32.548	1.563	27.771	32.343	0.550	0.402	0.562	0.373	20.190	1326	1528
63	0.147	126.397	33.379	1.461	126.174	33.147	0.444	0.466	0.517	0.361	50.154	5971	1566
64	0.192	40.702	35.330	1.785	40.492	35.031	0.423	0.614	0.605	0.404	88.840	1920	1655
65	0.141	92.147	35.792	1.443	91.948	35.560	0.381	0.508	0.526	0.342	119.171	4347	1680
66	0.143	86.522	36.273	1.443	86.296	36.047	0.423	0.466	0.509	0.357	123.867	4082	1703
67	0.159	79.751	36.648	1.533	79.544	36.364	0.402	0.550	0.567	0.358	65.904	3770	1718
68	0.129	94.038	36.661	1.364	93.811	36.449	0.423	0.423	0.472	0.349	133.663	4439	1722
69	0.145	127.992	36.879	1.528	127.720	36.703	0.550	0.360	0.543	0.339	166.107	6040	1734
70	0.171	32.366	37.120	1.610	32.110	36.872	0.508	0.487	0.562	0.388	40.466	1531	1742
71	0.149	55.055	38.537	1.503	54.779	38.354	0.572	0.360	0.575	0.330	16.239	2600	1812
72	0.131	89.327	38.779	1.401	89.154	38.544	0.360	0.508	0.493	0.339	95.926	4215	1821
73	0.135	121.387	39.182	1.401	121.137	38.989	0.487	0.381	0.507	0.340	162.541	5733	1842
74	0.137	19.282	39.673	1.431	19.071	39.434	0.423	0.466	0.551	0.317	129.414	905	1863
75	0.065	110.314	40.142	1.010	110.194	39.963	0.233	0.381	0.370	0.222	99.420	5208	1888
76	0.142	57.462	40.214	1.443	57.192	40.026	0.529	0.360	0.525	0.346	12.443	2715	1891
77	0.151	118.665	40.805	1.558	118.364	40.640	0.572	0.360	0.589	0.326	162.994	5593	1920
78	0.156	47.041	40.955	1.486	46.863	40.682	0.360	0.550	0.556	0.358	101.602	2218	1922
79	0.183	76.383	41.553	1.700	76.179	41.254	0.423	0.593	0.584	0.400	76.804	3610	1949
80	0.158	81.041	41.916	1.528	80.772	41.720	0.550	0.381	0.559	0.360	170.676	3829	1971
81	0.137	108.808	42.074	1.383	108.606	41.846	0.402	0.444	0.502	0.348	54.216	5140	1977
82	0.154	16.139	42.328	1.515	15.960	42.058	0.360	0.572	0.568	0.346	78.911	760	1987
83	0.085	109.766	42.625	1.082	109.622	42.439	0.296	0.381	0.386	0.281	64.255	5185	2005
84	0.150	54.092	42.757	1.551	53.890	42.460	0.402	0.550	0.561	0.341	69.605	2557	2006
85	0.045	123.896	42.589	0.805	123.740	42.460	0.275	0.233	0.270	0.211	11.743	5855	2006
86	0.155	99.415	43.049	1.526	99.187	42.799	0.444	0.529	0.571	0.345	127.632	4691	2022
87	0.153	18.762	43.144	1.568	18.563	42.862	0.381	0.593	0.575	0.338	107.244	883	2025
88	0.131	80.114	43.388	1.394	79.904	43.159	0.423	0.466	0.513	0.326	50.192	3788	2039
89	0.052	84.111	43.419	0.930	83.968	43.286	0.296	0.275	0.288	0.232	154.670	3971	2045
90	0.119	114.392	44.965	1.426	114.236	44.662	0.318	0.550	0.511	0.297	77.783	5407	2110
91	0.143	100.815	45.113	1.443	100.563	44.916	0.508	0.381	0.521	0.349	8.423	4764	2122
92	0.143	55.862	45.305	1.461	55.584	45.127	0.550	0.360	0.527	0.346	173.827	2638	2132
93	0.154	93.199	45.524	1.551	93.006	45.254	0.381	0.550	0.537	0.366	89.953	4401	2138
94	0.152	96.359	45.813	1.508	96.118	45.572	0.466	0.487	0.571	0.339	133.375	4547	2153
95	0.153	40.209	45.957	1.533	40.005	45.699	0.423	0.508	0.547	0.355	62.700	1899	2159
96	0.142	119.812	45.922	1.461	119.549	45.741	0.550	0.360	0.541	0.333	15.272	5659	2161
97	0.173	36.302	46.051	1.600	36.089	45.784	0.423	0.529	0.569	0.388	62.113	1715	2163
98	0.144	105.598	46.467	1.478	105.346	46.228	0.487	0.444	0.555	0.330	42.389	4992	2184
99	0.130	102.947	46.898	1.383	102.785	46.630	0.339	0.508	0.507	0.327	81.709	4862	2203
100	0.146	107.677	46.837	1.438	107.421	46.672	0.529	0.339	0.541	0.343	173.531	5079	2205
101	0.160	128.768	47.293	1.545	128.482	47.117	0.593	0.360	0.588	0.347	9.768	6082	2226
102	0.132	122.722	47.756	1.376	122.534	47.498	0.360	0.508	0.486	0.345	103.971	5796	2244
103	0.139	126.222	48.041	1.413	126.048	47.773	0.360	0.508	0.511	0.346	80.942	5963	2257
104	0.146	100.722	49.619	1.438	100.542	49.361	0.360	0.508	0.520	0.358	95.705	4755	2332
105	0.042	79.121	50.175	0.775	78.973	50.080	0.296	0.190	0.292	0.184	11.092	3736	2366
106	0.169	34.987	50.991	1.605	34.798	50.715	0.402	0.572	0.556	0.387	94.664	1650	2396
107	0.181	83.662	51.198	1.713	83.376	50.990	0.572	0.423	0.584	0.395	178.551	3952	2409
108	0.157	25.589	51.793	1.558	25.315	51.626	0.550	0.360	0.557	0.359	0.416	1202	2439
109	0.156	125.760	52.157	1.605	125.582	51.880	0.360	0.614	0.590	0.336	92.171	5937	2451
110	0.166	52.053	52.207	1.551	51.816	51.964	0.487	0.487	0.571	0.371	45.078	2461	2455
111	0.154	108.677	52.230	1.533	108.479	51.964	0.402	0.529	0.551	0.355	67.291	5133	2455
112	0.170	36.866	52.830	1.610	36.640	52.557	0.466	0.550	0.596	0.363	121.381	1734	2483
113	0.190	57.660	52.840	1.713	57.340	52.642	0.635	0.444	0.639	0.379	157.367	2712	2487
114	0.122	99.570	54.210	1.366	99.314	54.060	0.529	0.296	0.523	0.297	1.037	4700	2554
115	0.163	41.922	54.315	1.610	41.614	54.123	0.614	0.381	0.587	0.353	7.257	1980	2557
116	0.168	85.806	55.441	1.635	85.534	55.224	0.529	0.423	0.554	0.386	28.331	4059	2609
117	0.048	69.882	55.361	0.805	69.744	55.245	0.275	0.233	0.276	0.221	2.501	3301	2610
118	0.144	115.304	56.108	1.491	115.126	55.838	0.360	0.572	0.557	0.329	96.794	5444	2638
119	0.144	101.474	56.041	1.486	101.177	55.880	0.572	0.339	0.554	0.331	8.643	4791	2640
120	0.146	49.916	56.404	1.473	49.657	56.219	0.529	0.360	0.545	0.341	167.805	2352	2656
121	0.179	100.927	56.766	1.695	100.690	56.494	0.466	0.529	0.588	0.388	54.158	4770	2669
122	0.155	36.126	57.076	1.486	35.920	56.832	0.423	0.487	0.521	0.380	59.093	1707	2685
123	0.158	92.649	57.249	1.545	92.414	56.981	0.444	0.508	0.571	0.352	51.626	4382	2692
124	0.062	78.780	57.746	1.040	78.613	57.616	0.339	0.275	0.323	0.246	164.373	3719	2722
125	0.130	101.165	58.049	1.388	100.965	57.785	0.381	0.487	0.516	0.322	55.978	4783	2730
126	0.156	126.636	58.210	1.510	126.365	58.039	0.550	0.360	0.560	0.355	7.208	5979	2742
127	0.145	128.489	58.794	1.450	128.334	58.526	0.339	0.529	0.542	0.341	85.888	6067	2765
128	0.160	129.390	59.058	1.533	129.201	58.759	0.381	0.572	0.553	0.368	78.800	6112	2776
129	0.138	20.533	59.465	1.431	20.320	59.224	0.423	0.466	0.524	0.334	49.703	974	2798
130	0.146	128.267	59.750	1.466	128.037	59.500	0.444	0.466	0.513	0.362	51.130	6061	2811
131	0.159	34.423	60.592	1.533	34.163	60.388	0.529	0.402	0.556	0.364	158.363	1619	2853
132	0.141	113.407	60.965	1.436	113.178	60.748	0.466	0.423	0.529	0.338	138.832	5351	2870
133	0.120	18.772	61.284	1.299	18.563	61.108	0.423	0.360	0.450	0.338	27.546	885	2887
134	0.172	72.502	61.442	1.683	72.200	61.256	0.593	0.381	0.601	0.366	176.440	3421	2894
135	0.143	123.059	62.416	1.438	122.894	62.145	0.339	0.529	0.539	0.338	80.734	5812	2936
136	0.147	49.947	62.529	1.521	49.763	62.251	0.381	0.550	0.566	0.330	110.736	2355	2941
137	0.159	112.756	62.482	1.580	112.501	62.251	0.529	0.466	0.585	0.346	38.430	5329	2941
138	0.135	27.736	63.266	1.408	27.496	63.098	0.487	0.360	0.506	0.340	11.198	1311	2981
139	0.154	127.321	63.600	1.545	127.106	63.310	0.402	0.550	0.579	0.338	63.011	6017	2991
140	0.116	92.586	64.294	1.359	92.371	64.072	0.423	0.423	0.509	0.289	48.326	4377	3027
141	0.168	82.842	64.639	1.575	82.614	64.368	0.444	0.529	0.588	0.363	57.332	3914	3041
142	0.143	46.175	64.987	1.515	45.995	64.685	0.360	0.572	0.571	0.320	72.145	2183	3056
143	0.134	114.423	65.303	1.396	114.236	65.045	0.360	0.487	0.511	0.335	65.979	5408	3073
144	0.155	18.608	65.520	1.498	18.330	65.342	0.550	0.360	0.558	0.353	14.250	876	3087
145	0.152	121.703	66.275	1.466	121.454	66.061	0.508	0.423	0.506	0.383	154.290	5745	3121
146	0.128	46.753	66.711	1.336	46.588	66.484	0.339	0.466	0.480	0.339	107.510	2203	3141
147	0.151	52.672	67.497	1.473	52.409	67.310	0.529	0.381	0.539	0.355	158.466	2479	3180
148	0.158	77.478	67.769	1.503	77.216	67.585	0.550	0.381	0.560	0.359	17.420	3657	3193
149	0.145	99.648	67.938	1.473	99.420	67.712	0.444	0.466	0.533	0.347	49.815	4707	3199
150	0.142	83.366	68.479	1.426	83.164	68.241	0.381	0.487	0.501	0.361	108.308	3936	3224
151	0.149	25.069	69.863	1.498	24.786	69.681	0.550	0.360	0.542	0.349	0.608	1184	3292
152	0.168	75.057	70.407	1.610	74.803	70.168	0.529	0.466	0.565	0.378	146.080	3540	3315
153	0.178	57.688	70.683	1.642	57.510	70.379	0.381	0.614	0.594	0.382	86.052	2724	3325
154	0.160	35.477	71.455	1.598	35.285	71.184	0.402	0.572	0.552	0.370	100.674	1673	3363
155	0.171	74.186	71.910	1.640	73.956	71.649	0.466	0.508	0.587	0.371	131.946	3496	3385
156	0.170	120.446	72.080	1.648	120.142	71.882	0.593	0.402	0.622	0.348	154.969	5678	3396
157	0.160	30.222	72.849	1.563	29.951	72.644	0.508	0.423	0.551	0.370	147.280	1420	3432
158	0.139	126.345	72.992	1.426	126.174	72.729	0.360	0.508	0.527	0.336	74.470	5967	3436
159	0.142	129.438	73.078	1.456	129.201	72.856	0.466	0.423	0.540	0.336	39.145	6118	3442
160	0.181	72.959	73.514	1.630	72.750	73.237	0.423	0.550	0.576	0.400	107.803	3442	3460
161	0.175	98.192	74.142	1.690	97.938	73.850	0.466	0.550	0.608	0.366	53.362	4644	3489
162	0.123	111.685	76.143	1.316	111.485	75.925	0.402	0.423	0.467	0.336	53.716	5276	3587
163	0.146	103.388	76.160	1.486	103.124	75.967	0.529	0.381	0.569	0.327	152.222	4873	3589
164	0.155	27.645	76.619	1.515	27.368	76.433	0.572	0.360	0.582	0.339	163.028	1297	3611
165	0.168	61.418	76.891	1.713	61.214	76.602	0.402	0.572	0.563	0.379	92.953	2897	3619
166	0.147	77.915	77.193	1.486	77.618	77.026	0.572	0.339	0.554	0.339	179.128	3677	3639
167	0.043	13.696	77.785	0.818	13.547	77.682	0.296	0.212	0.297	0.186	176.106	645	3670
168	0.140	48.178	79.012	1.431	48.006	78.761	0.360	0.529	0.508	0.352	81.675	2274	3721
169	0.155	103.095	79.278	1.491	102.849	79.058	0.487	0.444	0.556	0.355	141.410	4862	3735
170	0.127	28.602	79.611	1.426	28.342	79.438	0.550	0.318	0.548	0.295	171.972	1348	3753
171	0.166	54.367	79.955	1.558	54.060	79.777	0.593	0.360	0.588	0.359	178.373	2563	3769
172	0.143	13.265	80.883	1.431	13.060	80.645	0.402	0.466	0.499	0.364	60.248	627	3810
173	0.143	26.191	80.858	1.456	25.908	80.687	0.550	0.339	0.544	0.334	4.147	1237	3812
174	0.137	17.814	81.011	1.371	17.568	80.836	0.487	0.360	0.487	0.358	8.296	838	3819
175	0.154	106.645	81.489	1.491	106.426	81.238	0.423	0.508	0.555	0.354	122.435	5033	3838
176	0.168	61.935	81.891	1.568	61.659	81.682	0.572	0.423	0.554	0.385	166.752	2920	3859
177	0.145	84.943	82.268	1.456	84.730	82.042	0.423	0.466	0.543	0.340	129.949	4004	3876
178	0.151	41.906	82.811	1.526	41.720	82.529	0.381	0.550	0.543	0.354	93.324	1978	3899
179	0.147	126.944	83.309	1.503	126.746	83.016	0.381	0.550	0.549	0.342	65.405	6002	3922
180	0.145	48.867	83.535	1.461	48.599	83.312	0.487	0.423	0.526	0.351	39.050	2309	3936
181	0.147	17.757	83.809	1.486	17.590	83.524	0.360	0.550	0.552	0.340	105.092	833	3946
182	0.135	36.573	84.314	1.396	36.407	84.074	0.360	0.487	0.493	0.349	88.295	1725	3972
183	0.125	51.062	85.013	1.341	50.885	84.773	0.360	0.466	0.473	0.335	98.625	2409	4005
184	0.158	55.579	85.130	1.545	55.308	84.942	0.572	0.381	0.555	0.362	163.726	2617	4013
185	0.142	41.712	85.322	1.426	41.466	85.132	0.487	0.381	0.533	0.338	28.937	1970	4022
186	0.143	115.609	85.528	1.540	115.443	85.196	0.318	0.614	0.577	0.315	90.246	5461	4025
187	0.156	93.522	86.264	1.521	93.324	85.979	0.402	0.550	0.569	0.349	114.907	4414	4062
188	0.134	33.248	86.381	1.436	32.999	86.148	0.466	0.444	0.555	0.308	44.046	1574	4070
189	0.117	108.679	86.579	1.294	108.522	86.360	0.318	0.466	0.473	0.316	101.909	5128	4080
190	0.156	12.521	86.650	1.538	12.234	86.424	0.529	0.444	0.556	0.358	29.936	594	4083
191	0.133	121.834	86.670	1.383	121.666	86.424	0.360	0.487	0.491	0.344	88.849	5753	4083
192	0.133	116.711	86.752	1.424	116.523	86.487	0.360	0.529	0.531	0.319	70.567	5514	4086
193	0.151	45.812	86.889	1.473	45.551	86.699	0.529	0.381	0.531	0.361	162.073	2158	4096
194	0.162	97.844	86.883	1.558	97.536	86.699	0.593	0.360	0.585	0.353	1.922	4620	4096
195	0.119	86.466	87.711	1.366	86.233	87.524	0.466	0.360	0.499	0.303	28.667	4088	4135
196	0.144	113.941	88.461	1.443	113.707	88.265	0.487	0.402	0.517	0.355	34.995	5381	4170
197	0.148	16.847	88.594	1.491	16.658	88.328	0.381	0.529	0.549	0.344	66.486	795	4173
198	0.145	43.883	88.877	1.456	43.688	88.625	0.402	0.487	0.530	0.348	57.223	2076	4187
199	0.153	63.133	89.318	1.498	62.950	89.048	0.360	0.550	0.568	0.344	75.164	2982	4207
200	0.136	126.458	89.742	1.461	126.259	89.493	0.381	0.508	0.517	0.335	65.577	5974	4228
201	0.139	114.721	90.303	1.413	114.490	90.085	0.444	0.423	0.529	0.334	42.760	5421	4256
202	0.130	35.408	90.821	1.413	35.221	90.572	0.360	0.508	0.530	0.312	68.249	1673	4279
203	0.147	104.788	90.966	1.443	104.606	90.699	0.360	0.529	0.533	0.350	73.482	4951	4285
204	0.134	59.403	91.057	1.418	59.224	90.805	0.360	0.508	0.492	0.348	86.405	2803	4290
205	0.148	44.891	91.227	1.510	44.725	90.953	0.339	0.572	0.566	0.334	81.477	2119	4297
206	0.108	18.778	91.296	1.256	18.606	91.059	0.339	0.444	0.446	0.307	111.974	883	4302
207	0.143	33.619	91.293	1.491	33.422	91.059	0.423	0.508	0.555	0.329	53.519	1590	4302
208	0.133	32.354	91.792	1.359	32.152	91.567	0.402	0.444	0.500	0.338	124.027	1523	4326
209	0.134	37.014	92.081	1.418	36.830	91.821	0.381	0.508	0.516	0.329	66.068	1751	4338
210	0.135	10.236	92.107	1.401	10.033	91.884	0.423	0.444	0.504	0.342	134.382	476	4341
211	0.144	19.958	92.641	1.473	19.770	92.371	0.360	0.529	0.534	0.344	95.917	941	4364
212	0.125	68.442	93.077	1.378	68.262	92.837	0.360	0.466	0.507	0.314	62.215	3235	4386
213	0.152	14.299	93.228	1.456	14.097	92.985	0.402	0.487	0.535	0.361	119.682	670	4393
214	0.133	41.693	93.584	1.366	41.529	93.345	0.339	0.487	0.499	0.339	96.406	1965	4410
215	0.113	69.494	93.974	1.286	69.321	93.747	0.360	0.444	0.486	0.296	125.089	3276	4429
216	0.116	53.237	94.238	1.244	53.044	94.044	0.381	0.402	0.426	0.348	135.410	2511	4443
217	0.157	78.292	94.311	1.580	78.105	94.044	0.381	0.593	0.564	0.355	94.694	3694	4443
218	0.157	66.166	94.405	1.533	65.955	94.149	0.402	0.550	0.551	0.363	116.426	3121	4448
219	0.081	101.415	94.571	1.034	101.240	94.424	0.360	0.275	0.376	0.273	8.206	4792	4461
220	0.160	92.062	94.983	1.526	91.821	94.742	0.487	0.487	0.552	0.369	131.755	4342	4476
221	0.133	57.103	95.111	1.394	56.854	94.911	0.487	0.402	0.512	0.330	27.694	2700	4484
222	0.134	24.813	95.209	1.431	24.638	94.932	0.360	0.529	0.534	0.318	69.491	1174	4485
223	0.148	54.593	95.390	1.468	54.420	95.123	0.360	0.529	0.524	0.359	79.065	2579	4494
224	0.072	55.923	95.239	1.029	55.732	95.123	0.381	0.233	0.388	0.235	178.672	2636	4494
225	0.148	98.332	95.425	1.466	98.108	95.186	0.444	0.466	0.535	0.352	50.923	4646	4497
226	0.142	41.940	95.666	1.473	41.762	95.398	0.360	0.550	0.565	0.321	110.362	1976	4507
227	0.148	80.675	95.903	1.473	80.433	95.694	0.508	0.402	0.544	0.346	150.140	3804	4521
228	0.114	107.603	95.860	1.256	107.378	95.694	0.444	0.339	0.443	0.327	161.490	5078	4521
229	0.153	41.090	95.967	1.498	40.809	95.779	0.550	0.360	0.556	0.350	4.717	1941	4525
230	0.136	108.870	96.034	1.413	108.627	95.822	0.466	0.402	0.508	0.340	31.268	5148	4527
231	0.120	120.344	96.164	1.294	120.121	95.991	0.444	0.339	0.452	0.338	6.306	5684	4535
232	0.153	102.583	96.441	1.593	102.362	96.202	0.466	0.466	0.537	0.362	133.735	4838	4545
233	0.121	60.080	96.723	1.329	59.838	96.541	0.466	0.360	0.473	0.324	28.072	2838	4561
234	0.144	39.175	97.540	1.431	38.989	97.282	0.381	0.508	0.525	0.350	73.174	1850	4596
235	0.129	14.358	98.062	1.371	14.160	97.832	0.381	0.466	0.496	0.333	124.475	674	4622
236	0.141	64.753	98.442	1.491	64.495	98.277	0.550	0.360	0.541	0.331	16.162	3058	4643
237	0.139	114.377	98.545	1.473	114.194	98.277	0.339	0.572	0.555	0.320	96.314	5401	4643
238	0.142	20.078	98.669	1.418	19.833	98.467	0.487	0.402	0.526	0.345	147.418	942	4652
239	0.145	65.917	99.632	1.466	65.722	99.378	0.381	0.529	0.519	0.355	105.599	3111	4695
240	0.151	86.203	100.326	1.551	85.979	100.055	0.423	0.529	0.568	0.339	60.121	4074	4727
241	0.151	87.061	100.526	1.486	86.826	100.309	0.466	0.444	0.541	0.357	37.087	4115	4739
242	0.145	108.309	100.945	1.486	108.140	100.648	0.339	0.572	0.550	0.336	81.541	5116	4755
243	0.049	6.987	100.850	0.900	6.816	100.732	0.318	0.233	0.299	0.210	165.544	327	4759
244	0.158	74.952	101.296	1.498	74.676	101.113	0.550	0.360	0.559	0.360	172.562	3535	4777
245	0.159	65.196	101.833	1.523	65.024	101.558	0.360	0.550	0.569	0.356	76.377	3078	4798
246	0.138	55.394	101.966	1.378	55.224	101.727	0.339	0.487	0.498	0.353	92.946	2613	4806
247	0.146	74.903	102.669	1.436	74.655	102.468	0.508	0.402	0.522	0.355	155.539	3533	4841
248	0.141	41.729	103.267	1.473	41.487	103.018	0.444	0.466	0.546	0.328	52.950	1972	4867
249	0.151	44.141	104.417	1.545	43.963	104.119	0.360	0.593	0.605	0.318	112.479	2079	4919
250	0.146	97.525	104.703	1.468	97.346	104.458	0.360	0.529	0.531	0.349	106.898	4600	4935
251	0.132	25.306	105.091	1.426	25.125	104.838	0.339	0.529	0.528	0.319	101.730	1192	4953
252	0.137	28.528	105.256	1.396	28.363	105.008	0.339	0.508	0.508	0.344	87.795	1345	4961
253	0.162	50.654	105.408	1.558	50.377	105.220	0.550	0.402	0.580	0.355	156.386	2382	4971
254	0.127	97.049	105.613	1.341	96.880	105.368	0.339	0.487	0.478	0.339	95.661	4582	4978
255	0.136	99.669	105.663	1.413	99.420	105.474	0.487	0.381	0.517	0.335	30.764	4709	4983
256	0.143	47.075	105.773	1.438	46.905	105.516	0.360	0.508	0.516	0.353	77.801	2222	4985
257	0.147	54.241	105.994	1.443	54.060	105.728	0.360	0.529	0.525	0.356	84.701	2561	4995
258	0.140	77.354	105.969	1.413	77.152	105.728	0.381	0.487	0.511	0.348	111.739	3649	4995
259	0.152	54.889	106.180	1.491	54.652	105.960	0.466	0.466	0.543	0.356	138.439	2586	5006
260	0.150	30.066	106.434	1.486	29.782	106.257	0.550	0.360	0.544	0.350	6.967	1419	5020
261	0.168	96.044	106.548	1.658	95.864	106.257	0.381	0.614	0.590	0.362	81.952	4535	5020
262	0.158	36.052	106.641	1.545	35.750	106.447	0.572	0.381	0.589	0.342	22.182	1704	5029
263	0.153	94.883	106.767	1.538	94.700	106.490	0.360	0.593	0.564	0.346	93.016	4480	5031
264	0.160	70.033	106.868	1.558	69.850	106.574	0.360	0.572	0.577	0.353	97.079	3305	5035
265	0.159	104.656	106.970	1.558	104.479	106.680	0.360	0.593	0.580	0.349	100.408	4942	5040
266	0.145	103.698	107.683	1.491	103.505	107.421	0.381	0.550	0.533	0.346	97.803	4897	5075
267	0.120	67.394	107.749	1.294	67.225	107.527	0.339	0.444	0.458	0.334	80.908	3182	5080
268	0.153	59.733	107.828	1.503	59.542	107.548	0.381	0.550	0.565	0.344	107.670	2818	5081
269	0.134	100.560	107.909	1.413	100.309	107.717	0.508	0.360	0.523	0.326	20.891	4753	5089
270	0.221	74.826	108.101	1.954	74.528	107.823	0.572	0.572	0.603	0.467	26.572	3537	5094
271	0.156	59.054	108.258	1.508	58.843	107.992	0.423	0.529	0.565	0.352	119.431	2785	5102
272	0.149	37.374	108.279	1.456	37.126	108.077	0.487	0.402	0.539	0.353	33.343	1765	5106
273	0.152	85.193	108.444	1.486	85.005	108.183	0.381	0.529	0.534	0.363	80.586	4023	5111
274	0.126	107.753	108.953	1.378	107.590	108.712	0.318	0.508	0.520	0.308	82.948	5088	5136
275	0.170	54.351	109.217	1.678	54.166	108.881	0.402	0.635	0.642	0.338	111.042	2562	5144
276	0.147	129.440	110.186	1.443	129.201	109.982	0.487	0.402	0.537	0.350	148.446	6108	5196
277	0.129	104.385	110.986	1.383	104.204	110.744	0.360	0.487	0.479	0.343	83.855	4932	5232
278	0.120	53.724	111.053	1.353	53.573	110.808	0.318	0.508	0.504	0.302	98.462	2534	5235
279	0.140	34.263	112.213	1.431	34.015	112.035	0.529	0.360	0.516	0.345	169.315	1612	5293
280	0.164	35.747	112.420	1.570	35.454	112.226	0.572	0.381	0.579	0.361	14.287	1688	5302
281	0.043	38.715	112.521	0.780	38.608	112.395	0.233	0.275	0.273	0.201	58.443	1828	5310
282	0.145	106.145	112.838	1.486	105.960	112.564	0.360	0.529	0.542	0.341	81.509	5013	5318
283	0.130	77.979	114.124	1.346	77.809	113.877	0.360	0.487	0.475	0.350	93.271	3682	5380
284	0.119	106.578	114.261	1.281	106.405	114.046	0.339	0.444	0.453	0.335	96.568	5031	5388
285	0.161	48.819	114.402	1.563	48.641	114.110	0.360	0.614	0.586	0.349	95.484	2304	5391
286	0.138	99.669	114.618	1.456	99.483	114.321	0.339	0.550	0.525	0.336	86.980	4710	5401
287	0.151	107.463	114.789	1.551	107.252	114.512	0.402	0.572	0.572	0.336	112.285	5073	5410
288	0.159	87.917	114.981	1.580	87.672	114.723	0.529	0.466	0.571	0.354	145.659	4148	5420
289	0.164	96.163	115.551	1.635	95.906	115.274	0.508	0.508	0.619	0.337	44.596	4552	5446
290	0.101	100.732	115.700	1.334	100.520	115.464	0.402	0.444	0.552	0.232	52.347	4762	5455
291	0.042	109.791	116.525	0.865	109.686	116.396	0.212	0.275	0.282	0.190	68.894	5185	5499
292	0.044	64.573	116.530	0.800	64.452	116.417	0.254	0.233	0.260	0.218	17.097	3047	5500
293	0.127	60.171	116.850	1.383	59.965	116.628	0.423	0.423	0.524	0.308	131.252	2835	5510
294	0.056	18.807	116.808	0.890	18.690	116.650	0.233	0.318	0.335	0.211	110.245	885	5511
295	0.153	85.905	117.945	1.473	85.725	117.666	0.360	0.550	0.550	0.355	102.155	4056	5559
296	0.129	112.740	118.224	1.341	112.564	117.983	0.360	0.466	0.484	0.341	67.293	5326	5574
297	0.135	32.480	118.574	1.401	32.216	118.406	0.529	0.339	0.515	0.333	2.268	1531	5594
298	0.162	38.035	119.331	1.623	37.719	119.126	0.593	0.423	0.630	0.328	148.320	1784	5628
299	0.112	95.560	119.301	1.251	95.356	119.126	0.402	0.360	0.441	0.325	36.956	4512	5628
300	0.142	34.718	119.406	1.473	34.459	119.211	0.508	0.402	0.548	0.330	145.368	1629	5632
301	0.042	112.406	119.442	0.818	112.310	119.295	0.212	0.296	0.300	0.179	74.682	5310	5636
302	0.142	51.232	119.686	1.431	51.054	119.422	0.360	0.529	0.546	0.331	111.451	2416	5642
303	0.138	72.237	120.340	1.426	71.988	120.163	0.508	0.360	0.497	0.353	7.776	3411	5677
304	0.122	27.735	121.253	1.341	27.517	121.052	0.402	0.423	0.487	0.319	132.771	1304	5719
305	0.157	14.830	122.162	1.551	14.626	121.899	0.402	0.572	0.549	0.364	102.445	696	5759
306	0.130	112.806	122.273	1.406	112.586	122.047	0.444	0.444	0.539	0.307	136.215	5321	5766
307	0.047	32.146	122.298	0.830	32.025	122.174	0.233	0.254	0.274	0.218	48.044	1518	5772
308	0.145	62.801	125.434	1.496	62.590	125.180	0.444	0.487	0.550	0.335	131.338	2959	5914
309	0.125	69.494	125.744	1.424	69.278	125.518	0.423	0.466	0.526	0.302	45.527	3290	5930
310	0.159	51.452	126.486	1.515	51.244	126.238	0.402	0.529	0.553	0.366	112.691	2424	5964
311	0.143	88.247	127.010	1.461	87.969	126.810	0.529	0.381	0.532	0.343	21.263	4173	5991
312	0.140	95.212	127.681	1.431	95.038	127.423	0.360	0.529	0.538	0.332	109.716	4492	6020
313	0.115	69.968	128.566	1.266	69.786	128.397	0.360	0.339	0.393	0.373	175.289	3299	6066
314	0.077	100.751	130.818	1.154	100.563	130.683	0.360	0.275	0.377	0.260	11.442	4761	6174
315	0.158	101.792	133.757	1.513	101.536	133.498	0.487	0.487	0.552	0.364	42.038	4814	6307
