 	Area	X	Y	Perim.	BX	BY	Width	Height	Major	Minor	Angle	XStart	YStart
1	0.144	30.909	14.048	1.468	30.713	13.801	0.381	0.508	0.524	0.349	69.000	1461	652
2	0.121	21.632	14.261	1.341	21.463	14.012	0.339	0.487	0.480	0.322	90.905	1018	662
3	0.143	94.866	14.598	1.443	94.678	14.330	0.360	0.529	0.527	0.347	77.087	4484	677
4	0.122	27.160	14.787	1.359	26.945	14.584	0.402	0.444	0.471	0.329	128.961	1278	689
5	0.116	28.229	15.019	1.276	28.067	14.796	0.318	0.444	0.449	0.329	85.820	1333	699
6	0.120	50.084	15.314	1.306	49.848	15.155	0.466	0.318	0.480	0.318	4.261	2365	716
7	0.125	96.343	15.617	1.336	96.181	15.367	0.318	0.487	0.495	0.320	95.252	4550	726
8	0.121	88.387	15.704	1.443	88.223	15.473	0.339	0.508	0.476	0.325	82.645	4173	731
9	0.108	53.579	15.987	1.244	53.404	15.769	0.381	0.402	0.443	0.311	127.921	2527	745
10	0.113	38.891	16.027	1.341	38.693	15.833	0.423	0.381	0.486	0.296	139.357	1830	748
11	0.108	36.493	16.420	1.244	36.301	16.214	0.381	0.402	0.468	0.293	50.059	1725	766
12	0.149	45.130	16.949	1.486	44.958	16.679	0.360	0.529	0.538	0.353	90.522	2130	788
13	0.123	72.529	16.999	1.304	72.305	16.806	0.444	0.381	0.451	0.348	22.924	3427	794
14	0.138	74.345	17.008	1.401	74.104	16.828	0.487	0.360	0.502	0.349	165.304	3507	795
15	0.100	36.958	17.699	1.202	36.766	17.526	0.402	0.360	0.423	0.302	27.964	1747	828
16	0.139	55.960	18.061	1.431	55.732	17.844	0.466	0.423	0.518	0.343	144.006	2635	843
17	0.116	42.888	18.155	1.299	42.714	17.928	0.339	0.466	0.479	0.308	67.937	2027	847
18	0.120	58.884	18.100	1.306	58.653	17.949	0.466	0.318	0.477	0.320	170.814	2774	848
19	0.118	92.989	18.300	1.299	92.774	18.098	0.423	0.381	0.455	0.330	32.795	4395	855
20	0.129	72.236	18.371	1.396	72.030	18.119	0.360	0.487	0.484	0.338	92.572	3412	856
21	0.112	45.099	18.613	1.251	44.873	18.457	0.444	0.318	0.452	0.316	164.142	2123	872
22	0.110	93.432	18.859	1.256	93.218	18.690	0.444	0.339	0.443	0.317	160.385	4409	883
23	0.137	40.957	18.905	1.431	40.704	18.711	0.487	0.381	0.479	0.363	170.396	1933	884
24	0.119	42.218	19.137	1.281	42.016	18.965	0.423	0.360	0.449	0.338	18.254	1992	896
25	0.119	78.271	19.182	1.316	78.063	18.986	0.402	0.423	0.461	0.329	47.962	3697	897
26	0.113	68.566	19.179	1.236	68.390	19.008	0.360	0.339	0.389	0.371	169.831	3234	898
27	0.130	43.451	19.314	1.453	43.265	19.050	0.402	0.508	0.482	0.343	58.961	2051	900
28	0.117	27.943	19.618	1.316	27.750	19.389	0.381	0.444	0.491	0.303	54.960	1323	916
29	0.139	37.304	20.492	1.443	37.126	20.235	0.360	0.529	0.520	0.340	88.418	1759	956
30	0.115	98.649	20.453	1.286	98.467	20.235	0.360	0.444	0.461	0.317	65.019	4660	956
31	0.123	58.412	21.086	1.323	58.166	20.913	0.466	0.339	0.473	0.332	7.119	2762	988
32	0.085	43.882	21.395	1.124	43.667	21.251	0.423	0.275	0.412	0.263	176.044	2072	1004
33	0.119	76.223	21.560	1.376	75.967	21.378	0.487	0.360	0.489	0.310	155.986	3595	1010
34	0.117	34.749	21.692	1.364	34.523	21.505	0.487	0.381	0.477	0.313	27.076	1644	1016
35	0.130	49.892	21.834	1.396	49.636	21.675	0.508	0.339	0.539	0.308	163.490	2347	1024
36	0.132	11.971	22.304	1.386	11.705	22.119	0.508	0.402	0.486	0.346	22.755	565	1045
37	0.115	35.441	22.540	1.274	35.221	22.352	0.423	0.381	0.454	0.322	145.300	1670	1056
38	0.130	56.258	22.594	1.406	56.007	22.416	0.508	0.360	0.521	0.319	160.855	2650	1059
39	0.119	76.510	23.062	1.281	76.348	22.839	0.339	0.444	0.461	0.329	105.814	3610	1079
40	0.124	90.253	23.178	1.311	90.022	23.008	0.466	0.339	0.483	0.327	15.139	4263	1087
41	0.107	40.526	23.852	1.226	40.322	23.664	0.402	0.360	0.422	0.322	147.401	1912	1118
42	0.044	15.775	23.924	0.758	15.663	23.791	0.212	0.254	0.254	0.220	105.210	744	1124
43	0.122	98.662	24.135	1.329	98.446	23.961	0.444	0.381	0.470	0.331	35.380	4658	1132
44	0.133	41.088	24.367	1.371	40.894	24.151	0.402	0.444	0.510	0.332	53.595	1941	1141
45	0.157	70.978	24.404	1.521	70.760	24.151	0.423	0.508	0.542	0.368	116.625	3348	1141
46	0.131	13.306	24.466	1.378	13.123	24.236	0.360	0.466	0.501	0.333	67.249	629	1145
47	0.066	69.656	24.623	0.962	69.532	24.469	0.254	0.318	0.333	0.254	71.258	3289	1156
48	0.113	57.940	25.088	1.269	57.764	24.871	0.339	0.444	0.442	0.325	80.213	2736	1175
49	0.125	13.972	25.148	1.346	13.780	24.934	0.402	0.444	0.503	0.318	53.239	660	1178
50	0.120	99.815	25.187	1.323	99.653	24.934	0.318	0.487	0.486	0.313	94.469	4716	1178
51	0.171	60.349	25.443	1.588	60.071	25.252	0.550	0.423	0.569	0.382	165.512	2844	1193
52	0.116	87.607	25.749	1.299	87.440	25.506	0.339	0.466	0.459	0.323	94.889	4140	1205
53	0.116	114.988	25.916	1.286	114.787	25.718	0.402	0.402	0.458	0.322	42.953	5434	1215
54	0.125	69.369	26.119	1.371	69.109	25.929	0.487	0.360	0.506	0.316	25.531	3279	1225
55	0.128	57.221	26.410	1.329	57.002	26.226	0.444	0.381	0.457	0.355	154.753	2697	1239
56	0.126	44.948	26.795	1.376	44.746	26.564	0.402	0.466	0.517	0.310	123.517	2116	1255
57	0.119	89.172	26.858	1.329	88.942	26.712	0.466	0.318	0.475	0.318	4.984	4206	1262
58	0.095	39.775	27.062	1.196	39.539	26.903	0.423	0.318	0.423	0.287	9.612	1880	1271
59	0.125	45.724	27.131	1.359	45.487	26.945	0.487	0.360	0.499	0.320	160.631	2155	1273
60	0.122	72.242	27.273	1.341	72.072	27.030	0.339	0.487	0.495	0.313	103.989	3409	1277
61	0.116	67.824	27.315	1.286	67.649	27.072	0.339	0.466	0.454	0.327	96.894	3204	1279
62	0.051	9.373	27.336	0.835	9.250	27.199	0.254	0.275	0.276	0.235	106.825	440	1285
63	0.141	18.376	27.484	1.421	18.119	27.326	0.508	0.339	0.533	0.337	179.304	861	1291
64	0.116	65.209	27.912	1.316	65.024	27.686	0.381	0.423	0.472	0.313	122.295	3076	1308
65	0.156	31.026	27.957	1.486	30.776	27.771	0.508	0.381	0.525	0.379	0.299	1462	1312
66	0.119	37.828	27.987	1.286	37.634	27.771	0.381	0.423	0.476	0.317	131.234	1783	1312
67	0.125	84.897	28.336	1.371	84.709	28.088	0.360	0.487	0.484	0.330	71.162	4013	1327
68	0.125	30.180	28.673	1.336	29.930	28.512	0.487	0.318	0.492	0.325	9.573	1422	1347
69	0.121	55.182	29.070	1.329	54.949	28.893	0.466	0.360	0.487	0.318	154.598	2601	1365
70	0.115	29.239	29.091	1.286	29.020	28.914	0.444	0.360	0.465	0.314	29.680	1382	1366
71	0.154	104.647	29.473	1.515	104.373	29.295	0.550	0.360	0.556	0.353	177.650	4939	1384
72	0.099	26.913	29.878	1.154	26.712	29.718	0.402	0.318	0.405	0.313	169.876	1268	1404
73	0.117	30.071	30.003	1.316	29.845	29.824	0.487	0.339	0.473	0.316	170.176	1416	1409
74	0.135	82.682	30.435	1.411	82.444	30.205	0.466	0.444	0.536	0.320	42.281	3910	1427
75	0.108	28.784	31.017	1.239	28.554	30.861	0.466	0.296	0.452	0.303	176.604	1357	1458
76	0.142	20.977	31.106	1.426	20.722	30.925	0.508	0.360	0.542	0.333	21.853	990	1461
77	0.129	19.358	31.316	1.371	19.177	31.073	0.360	0.466	0.493	0.332	64.503	915	1468
78	0.139	34.585	31.775	1.436	34.375	31.538	0.423	0.487	0.554	0.319	129.104	1627	1490
79	0.116	99.596	31.786	1.346	99.399	31.560	0.402	0.444	0.500	0.296	50.941	4710	1491
80	0.103	12.952	32.150	1.214	12.785	31.919	0.339	0.423	0.430	0.304	117.370	609	1508
81	0.132	33.884	32.131	1.353	33.655	31.940	0.444	0.381	0.484	0.347	26.700	1602	1509
82	0.106	17.367	32.882	1.244	17.187	32.681	0.381	0.402	0.443	0.304	128.888	815	1544
83	0.052	72.652	32.871	0.913	72.517	32.702	0.275	0.318	0.292	0.227	133.787	3429	1545
84	0.127	68.150	32.975	1.329	67.924	32.787	0.444	0.381	0.470	0.345	29.227	3219	1549
85	0.124	17.946	33.252	1.351	17.695	33.062	0.466	0.402	0.457	0.345	150.304	844	1562
86	0.121	92.905	33.355	1.311	92.668	33.189	0.466	0.339	0.485	0.316	18.876	4387	1568
87	0.117	46.961	34.012	1.323	46.800	33.761	0.318	0.487	0.508	0.294	72.634	2219	1595
88	0.112	92.422	34.325	1.256	92.181	34.163	0.466	0.318	0.459	0.312	0.564	4364	1614
89	0.147	106.292	35.267	1.450	106.108	35.010	0.381	0.487	0.515	0.364	73.569	5021	1654
90	0.118	20.352	35.644	1.311	20.130	35.475	0.466	0.339	0.483	0.311	160.730	955	1676
91	0.135	52.536	36.473	1.473	52.324	36.237	0.444	0.466	0.539	0.320	133.751	2474	1712
92	0.125	115.950	36.528	1.401	115.782	36.280	0.339	0.529	0.489	0.325	106.369	5475	1714
93	0.128	17.529	36.755	1.346	17.272	36.576	0.508	0.339	0.482	0.337	179.425	825	1728
94	0.105	96.412	36.767	1.244	96.224	36.576	0.381	0.402	0.450	0.297	55.245	4554	1728
95	0.132	108.036	36.834	1.383	107.865	36.576	0.339	0.508	0.516	0.326	105.491	5101	1728
96	0.066	68.746	37.068	1.010	68.622	36.872	0.233	0.381	0.384	0.218	84.532	3246	1742
97	0.120	61.295	37.125	1.304	61.066	36.936	0.444	0.381	0.491	0.312	145.525	2889	1745
98	0.118	89.909	37.714	1.281	89.683	37.550	0.444	0.339	0.471	0.318	156.305	4239	1774
99	0.122	96.633	37.816	1.341	96.393	37.656	0.487	0.339	0.482	0.323	164.408	4557	1779
100	0.109	42.007	38.268	1.221	41.846	38.058	0.318	0.423	0.437	0.318	101.468	1980	1798
101	0.120	55.854	38.218	1.281	55.626	38.058	0.466	0.318	0.466	0.327	3.986	2635	1798
102	0.136	16.261	38.338	1.376	16.066	38.100	0.381	0.487	0.505	0.342	65.120	769	1800
103	0.123	45.723	38.498	1.329	45.508	38.290	0.423	0.402	0.482	0.324	143.441	2156	1809
104	0.043	71.063	39.164	0.805	70.972	39.010	0.190	0.296	0.295	0.184	102.809	3354	1843
105	0.098	10.378	39.648	1.179	10.160	39.497	0.423	0.296	0.427	0.293	167.664	485	1866
106	0.127	108.041	39.827	1.353	107.865	39.603	0.360	0.466	0.486	0.332	106.515	5099	1871
107	0.129	50.405	39.848	1.411	50.165	39.624	0.487	0.423	0.544	0.302	142.201	2375	1872
108	0.118	44.830	40.411	1.299	44.598	40.238	0.466	0.339	0.467	0.321	11.028	2119	1901
109	0.114	56.731	40.513	1.271	56.515	40.365	0.444	0.296	0.476	0.305	170.903	2672	1907
110	0.132	46.701	40.831	1.401	46.461	40.640	0.487	0.381	0.525	0.320	151.968	2199	1920
111	0.112	28.020	41.317	1.346	27.792	41.106	0.444	0.402	0.522	0.274	41.739	1326	1942
112	0.131	64.571	41.505	1.376	64.347	41.275	0.423	0.444	0.490	0.341	47.790	3053	1950
113	0.043	69.322	41.897	0.763	69.194	41.783	0.254	0.233	0.248	0.219	176.505	3273	1974
114	0.104	58.751	41.978	1.204	58.547	41.825	0.402	0.318	0.422	0.315	14.891	2773	1976
115	0.175	100.144	42.206	1.730	99.864	41.931	0.572	0.508	0.577	0.386	27.548	4735	1981
116	0.131	114.816	42.360	1.351	114.618	42.122	0.402	0.466	0.483	0.345	57.883	5425	1990
117	0.109	91.097	42.707	1.239	90.932	42.503	0.339	0.423	0.457	0.303	64.914	4302	2008
118	0.136	97.233	43.137	1.401	96.986	42.947	0.487	0.381	0.514	0.336	156.494	4588	2029
119	0.171	24.946	43.194	1.593	24.680	42.968	0.529	0.466	0.588	0.370	142.620	1170	2030
120	0.116	49.927	44.035	1.311	49.720	43.857	0.423	0.381	0.464	0.319	35.109	2357	2072
121	0.103	46.316	44.355	1.232	46.101	44.196	0.444	0.339	0.454	0.289	155.313	2181	2088
122	0.103	14.311	44.419	1.209	14.160	44.217	0.296	0.444	0.451	0.290	102.834	671	2089
123	0.125	45.175	44.414	1.346	44.958	44.238	0.487	0.360	0.476	0.334	15.923	2132	2090
124	0.092	101.934	44.792	1.124	101.748	44.619	0.360	0.339	0.407	0.287	42.828	4815	2108
125	0.136	81.754	45.267	1.371	81.576	45.022	0.360	0.487	0.482	0.360	84.717	3861	2127
126	0.116	87.882	45.520	1.341	87.715	45.254	0.318	0.508	0.486	0.303	93.904	4149	2138
127	0.115	38.863	46.035	1.288	38.629	45.889	0.466	0.296	0.467	0.314	177.102	1830	2168
128	0.121	89.862	46.072	1.294	89.641	45.910	0.444	0.339	0.460	0.334	177.651	4241	2169
129	0.108	59.926	46.399	1.251	59.690	46.249	0.444	0.318	0.460	0.299	159.324	2822	2185
130	0.121	63.221	46.907	1.311	63.013	46.715	0.423	0.381	0.468	0.329	33.330	2989	2207
131	0.134	105.256	47.051	1.443	105.050	46.800	0.402	0.487	0.503	0.340	68.834	4973	2211
132	0.126	13.386	47.741	1.299	13.187	47.540	0.402	0.402	0.461	0.347	46.799	631	2246
133	0.116	20.570	48.553	1.294	20.341	48.387	0.444	0.339	0.463	0.320	21.042	971	2286
134	0.128	58.683	48.604	1.366	58.441	48.429	0.466	0.360	0.500	0.326	23.032	2774	2288
135	0.119	98.663	48.746	1.316	98.446	48.556	0.444	0.381	0.504	0.300	34.170	4664	2294
136	0.116	26.870	48.873	1.329	26.649	48.662	0.423	0.402	0.470	0.316	41.661	1272	2299
137	0.128	13.243	49.013	1.346	13.039	48.810	0.423	0.423	0.488	0.334	48.344	624	2306
138	0.107	122.982	49.106	1.239	122.767	48.937	0.423	0.339	0.431	0.315	5.775	5812	2312
139	0.124	12.214	49.619	1.329	12.044	49.382	0.339	0.487	0.490	0.321	100.543	574	2333
140	0.129	55.529	49.605	1.348	55.308	49.424	0.444	0.360	0.455	0.363	20.155	2622	2335
141	0.143	60.457	49.856	1.431	60.240	49.636	0.444	0.444	0.506	0.361	135.566	2847	2345
142	0.119	55.979	50.013	1.304	55.795	49.784	0.360	0.466	0.469	0.324	63.472	2646	2352
143	0.128	52.286	50.142	1.359	52.070	49.953	0.444	0.402	0.484	0.336	34.154	2469	2360
144	0.137	59.048	50.266	1.431	58.843	50.038	0.402	0.466	0.499	0.349	59.447	2789	2364
145	0.121	38.954	50.998	1.299	38.735	50.821	0.444	0.360	0.464	0.331	26.108	1840	2401
146	0.125	107.354	51.153	1.376	107.146	50.927	0.423	0.444	0.492	0.325	44.933	5078	2406
147	0.135	41.115	51.149	1.406	40.830	50.969	0.529	0.360	0.511	0.336	11.856	1944	2408
148	0.132	58.077	51.308	1.383	57.912	51.054	0.318	0.529	0.518	0.324	89.721	2742	2412
149	0.101	78.551	51.448	1.167	78.359	51.287	0.402	0.318	0.413	0.312	13.152	3708	2423
150	0.133	59.188	52.464	1.353	58.992	52.239	0.381	0.444	0.481	0.352	59.369	2795	2468
151	0.108	57.853	52.958	1.226	57.637	52.811	0.444	0.318	0.445	0.308	2.193	2728	2495
152	0.128	118.509	53.061	1.353	118.300	52.853	0.423	0.402	0.469	0.348	46.780	5599	2497
153	0.114	51.209	53.199	1.286	50.969	53.022	0.466	0.339	0.481	0.301	21.986	2422	2505
154	0.117	39.276	53.346	1.264	39.116	53.128	0.318	0.444	0.461	0.324	79.590	1853	2510
155	0.103	37.854	53.314	1.196	37.656	53.150	0.423	0.318	0.431	0.303	165.853	1784	2511
156	0.107	37.335	53.456	1.226	37.105	53.298	0.444	0.318	0.454	0.300	162.607	1758	2518
157	0.131	49.866	53.595	1.364	49.657	53.361	0.402	0.466	0.515	0.325	54.795	2356	2521
158	0.111	36.839	53.661	1.294	36.682	53.425	0.318	0.466	0.466	0.304	88.668	1741	2524
159	0.106	45.558	53.899	1.214	45.339	53.721	0.423	0.339	0.428	0.316	15.243	2154	2538
160	0.116	17.515	54.051	1.269	17.293	53.869	0.444	0.339	0.443	0.332	174.112	825	2545
161	0.097	45.316	54.418	1.167	45.106	54.271	0.423	0.296	0.430	0.288	15.175	2138	2564
162	0.121	27.295	55.063	1.329	27.072	54.885	0.444	0.360	0.478	0.321	156.285	1282	2593
163	0.119	96.248	55.203	1.323	96.076	54.991	0.360	0.444	0.477	0.318	62.642	4547	2598
164	0.128	39.245	55.311	1.341	39.010	55.139	0.466	0.360	0.469	0.347	13.972	1851	2605
165	0.099	15.881	55.626	1.184	15.684	55.457	0.402	0.339	0.404	0.312	14.939	750	2620
166	0.125	14.912	55.701	1.371	14.668	55.520	0.466	0.360	0.497	0.321	25.892	706	2623
167	0.113	81.714	55.775	1.264	81.492	55.605	0.423	0.339	0.443	0.326	13.169	3862	2627
168	0.109	62.593	55.828	1.232	62.399	55.626	0.381	0.402	0.431	0.323	54.372	2956	2628
169	0.123	42.519	55.863	1.294	42.333	55.647	0.360	0.423	0.443	0.354	76.663	2007	2629
170	0.133	73.676	56.096	1.383	73.470	55.880	0.423	0.423	0.504	0.335	42.971	3483	2640
171	0.119	40.695	56.436	1.316	40.471	56.261	0.487	0.339	0.465	0.326	178.867	1919	2658
172	0.130	12.917	56.688	1.411	12.700	56.473	0.444	0.444	0.529	0.314	40.956	613	2668
173	0.116	56.738	56.659	1.286	56.536	56.473	0.423	0.381	0.474	0.312	40.672	2680	2668
174	0.141	107.080	56.705	1.443	106.849	56.494	0.466	0.423	0.520	0.345	31.116	5063	2669
175	0.138	51.803	56.755	1.401	51.604	56.515	0.402	0.466	0.504	0.347	53.573	2451	2670
176	0.103	97.165	56.939	1.226	97.007	56.748	0.339	0.423	0.452	0.291	57.900	4590	2681
177	0.116	106.388	57.013	1.286	106.214	56.790	0.339	0.466	0.474	0.310	111.468	5022	2683
178	0.115	46.629	57.415	1.281	46.397	57.256	0.466	0.318	0.460	0.318	172.132	2199	2705
179	0.122	94.890	58.125	1.323	94.721	57.912	0.339	0.466	0.462	0.337	79.725	4480	2736
180	0.116	114.790	58.273	1.274	114.575	58.081	0.423	0.381	0.440	0.337	38.990	5422	2744
181	0.113	48.069	58.544	1.286	47.837	58.378	0.466	0.339	0.455	0.316	159.484	2266	2758
182	0.116	21.394	58.825	1.269	21.167	58.653	0.444	0.339	0.447	0.329	4.645	1008	2771
183	0.131	37.662	59.090	1.388	37.402	58.907	0.487	0.381	0.487	0.342	13.585	1781	2783
184	0.112	73.532	59.121	1.256	73.364	58.907	0.339	0.444	0.445	0.319	102.599	3470	2783
185	0.106	92.844	59.272	1.244	92.689	59.034	0.318	0.466	0.442	0.306	88.111	4387	2789
186	0.112	44.152	59.425	1.294	43.900	59.288	0.508	0.275	0.499	0.285	1.670	2082	2801
187	0.120	57.820	59.488	1.461	57.510	59.288	0.529	0.381	0.510	0.300	21.402	2736	2801
188	0.103	99.313	59.536	1.179	99.166	59.330	0.296	0.423	0.429	0.305	83.657	4689	2803
189	0.111	43.979	59.990	1.269	43.752	59.838	0.487	0.296	0.474	0.298	176.971	2073	2827
190	0.119	73.067	60.257	1.311	72.856	60.071	0.423	0.381	0.457	0.332	155.759	3448	2838
191	0.113	48.976	60.343	1.274	48.768	60.156	0.423	0.381	0.464	0.310	35.220	2315	2842
192	0.120	15.054	60.469	1.281	14.859	60.262	0.381	0.402	0.453	0.338	46.450	713	2847
193	0.121	77.054	60.554	1.281	76.898	60.325	0.318	0.466	0.468	0.328	91.905	3637	2850
194	0.125	19.540	60.751	1.383	19.389	60.473	0.318	0.529	0.520	0.306	89.864	922	2857
195	0.123	74.708	60.663	1.316	74.486	60.473	0.444	0.381	0.473	0.332	24.548	3531	2857
196	0.131	24.566	61.352	1.383	24.320	61.172	0.487	0.360	0.510	0.326	21.667	1162	2890
197	0.137	84.734	61.515	1.396	84.540	61.278	0.381	0.466	0.509	0.342	61.517	4004	2895
198	0.122	96.193	61.639	1.294	96.033	61.404	0.318	0.466	0.475	0.327	97.683	4542	2901
199	0.123	39.743	62.030	1.311	39.560	61.807	0.360	0.444	0.461	0.341	112.162	1874	2920
200	0.118	53.076	62.218	1.294	52.853	62.061	0.444	0.339	0.453	0.331	179.068	2503	2932
201	0.110	75.097	62.779	1.226	74.909	62.590	0.381	0.381	0.432	0.325	47.017	3547	2957
202	0.129	97.088	62.905	1.396	96.922	62.653	0.339	0.508	0.522	0.314	84.827	4584	2960
203	0.114	31.810	63.001	1.234	31.602	62.844	0.423	0.318	0.441	0.329	3.939	1497	2969
204	0.119	48.783	63.019	1.316	48.556	62.844	0.466	0.360	0.488	0.310	157.243	2298	2969
205	0.128	14.537	63.251	1.353	14.330	63.034	0.402	0.423	0.504	0.323	48.724	687	2978
206	0.125	60.723	63.563	1.364	60.537	63.288	0.360	0.508	0.484	0.328	106.646	2865	2990
207	0.137	13.544	63.911	1.491	13.335	63.669	0.423	0.508	0.549	0.317	129.453	635	3008
208	0.121	30.077	63.899	1.316	29.824	63.733	0.487	0.339	0.469	0.330	11.979	1419	3011
209	0.125	9.787	64.155	1.336	9.631	63.902	0.318	0.487	0.492	0.322	96.299	460	3019
210	0.152	24.997	64.287	1.515	24.807	64.008	0.360	0.550	0.552	0.351	88.080	1180	3024
211	0.117	64.464	64.254	1.291	64.262	64.050	0.423	0.402	0.474	0.314	142.605	3039	3026
212	0.133	79.228	64.344	1.364	79.015	64.114	0.423	0.444	0.484	0.349	50.075	3744	3029
213	0.140	82.148	64.385	1.438	81.873	64.220	0.550	0.318	0.546	0.326	178.359	3877	3034
214	0.109	42.711	64.509	1.232	42.524	64.304	0.381	0.402	0.451	0.309	50.663	2018	3038
215	0.048	7.668	64.746	0.848	7.556	64.601	0.212	0.296	0.295	0.209	89.136	361	3052
216	0.137	64.164	65.147	1.431	63.987	64.897	0.360	0.529	0.505	0.345	100.693	3029	3066
217	0.108	28.434	65.196	1.244	28.236	65.003	0.423	0.360	0.434	0.315	152.024	1339	3071
218	0.123	22.000	65.411	1.323	21.759	65.257	0.487	0.318	0.490	0.319	177.884	1034	3083
219	0.107	47.347	65.505	1.244	47.138	65.320	0.402	0.381	0.453	0.301	41.981	2238	3086
220	0.121	57.292	65.572	1.329	57.086	65.363	0.423	0.402	0.487	0.317	139.611	2701	3088
221	0.097	11.819	65.707	1.184	11.642	65.511	0.360	0.381	0.421	0.293	45.912	562	3095
222	0.113	94.159	65.710	1.281	93.938	65.532	0.423	0.360	0.451	0.320	30.141	4450	3096
223	0.122	21.484	66.065	1.359	21.315	65.807	0.339	0.508	0.518	0.300	70.227	1016	3109
224	0.150	68.241	66.176	1.450	67.987	65.998	0.508	0.360	0.531	0.360	169.285	3218	3118
225	0.150	72.430	66.242	1.468	72.178	66.040	0.487	0.402	0.528	0.362	25.524	3424	3120
226	0.125	71.411	66.336	1.329	71.205	66.125	0.402	0.423	0.481	0.331	129.436	3368	3124
227	0.125	49.477	66.394	1.406	49.255	66.167	0.444	0.444	0.559	0.284	134.020	2330	3126
228	0.044	42.063	66.358	0.835	41.931	66.230	0.254	0.275	0.255	0.219	128.443	1986	3129
229	0.128	62.996	66.451	1.353	62.759	66.273	0.466	0.360	0.479	0.341	15.994	2976	3131
230	0.109	50.423	66.735	1.239	50.250	66.527	0.360	0.402	0.452	0.308	130.335	2375	3143
231	0.121	51.560	66.787	1.304	51.350	66.590	0.423	0.402	0.470	0.327	138.204	2430	3146
232	0.117	45.244	66.810	1.309	45.022	66.612	0.444	0.402	0.464	0.321	35.143	2139	3147
233	0.111	26.426	66.879	1.299	26.268	66.654	0.318	0.466	0.479	0.295	75.824	1248	3149
234	0.107	77.061	66.963	1.221	76.920	66.738	0.296	0.444	0.450	0.303	88.065	3638	3153
235	0.129	80.145	67.020	1.353	79.904	66.844	0.466	0.360	0.479	0.344	14.816	3786	3158
236	0.123	46.775	67.064	1.299	46.546	66.887	0.444	0.360	0.458	0.342	19.137	2210	3160
237	0.125	27.837	67.248	1.341	27.622	67.056	0.444	0.381	0.471	0.337	144.775	1306	3168
238	0.121	12.299	67.322	1.321	12.086	67.098	0.423	0.423	0.471	0.329	131.700	577	3170
239	0.105	51.577	67.361	1.214	51.372	67.204	0.444	0.318	0.447	0.300	16.036	2435	3175
240	0.143	70.809	68.777	1.426	70.612	68.538	0.381	0.487	0.528	0.344	64.092	3345	3238
241	0.126	90.003	68.921	1.334	89.810	68.707	0.402	0.444	0.458	0.350	55.768	4251	3246
242	0.106	92.393	69.059	1.196	92.202	68.876	0.381	0.360	0.432	0.312	40.356	4365	3254
243	0.125	105.378	69.045	1.448	105.092	68.876	0.529	0.339	0.501	0.316	174.777	4975	3254
244	0.121	80.185	69.172	1.316	79.946	69.003	0.466	0.339	0.465	0.330	176.134	3786	3260
245	0.127	77.560	69.293	1.348	77.385	69.067	0.360	0.444	0.478	0.338	109.899	3659	3263
246	0.116	33.150	69.310	1.311	32.956	69.109	0.381	0.423	0.465	0.316	51.290	1566	3265
247	0.142	81.679	69.911	1.426	81.449	69.702	0.444	0.423	0.517	0.349	42.382	3859	3293
248	0.130	51.846	69.957	1.361	51.668	69.723	0.339	0.466	0.486	0.340	95.080	2447	3294
249	0.114	33.056	70.175	1.336	32.893	69.956	0.339	0.444	0.470	0.309	67.521	1564	3305
250	0.108	81.126	70.274	1.214	80.941	70.083	0.381	0.381	0.429	0.321	47.375	3832	3311
251	0.116	46.639	70.360	1.286	46.418	70.168	0.423	0.381	0.454	0.326	40.636	2203	3315
252	0.125	109.307	70.523	1.346	109.093	70.316	0.423	0.423	0.497	0.320	136.892	5157	3322
253	0.129	92.162	70.667	1.388	91.948	70.443	0.423	0.444	0.514	0.321	47.611	4356	3328
254	0.121	53.264	70.863	1.304	53.065	70.654	0.402	0.423	0.473	0.327	127.236	2511	3338
255	0.109	37.032	70.926	1.239	36.809	70.760	0.444	0.318	0.455	0.306	173.604	1749	3343
256	0.114	72.159	71.067	1.251	72.009	70.845	0.318	0.444	0.455	0.319	97.005	3405	3347
257	0.112	114.590	71.097	1.251	114.427	70.887	0.339	0.423	0.438	0.324	111.701	5409	3349
258	0.137	70.433	71.105	1.388	70.189	70.908	0.466	0.402	0.490	0.355	27.484	3328	3350
259	0.118	80.055	71.281	1.286	79.883	71.056	0.360	0.444	0.470	0.320	117.736	3778	3357
260	0.116	102.064	71.492	1.281	101.854	71.332	0.444	0.339	0.458	0.322	158.766	4813	3370
261	0.120	46.460	71.694	1.299	46.228	71.522	0.466	0.339	0.474	0.322	14.843	2195	3379
262	0.117	61.326	72.039	1.348	61.193	71.797	0.296	0.508	0.510	0.292	90.230	2894	3392
263	0.108	115.307	72.012	1.214	115.147	71.797	0.339	0.423	0.421	0.326	98.226	5445	3392
264	0.114	65.914	72.050	1.269	65.765	71.818	0.296	0.466	0.472	0.307	94.024	3111	3393
265	0.123	21.103	72.200	1.346	20.870	72.009	0.466	0.381	0.477	0.329	159.399	993	3402
266	0.121	40.905	72.292	1.321	40.704	72.072	0.423	0.423	0.483	0.317	130.273	1928	3405
267	0.121	70.488	72.710	1.299	70.294	72.496	0.381	0.423	0.470	0.329	52.869	3330	3425
268	0.121	59.205	72.798	1.311	59.034	72.559	0.339	0.466	0.473	0.325	107.086	2794	3428
269	0.101	29.699	72.939	1.209	29.549	72.729	0.296	0.444	0.430	0.299	89.832	1401	3436
270	0.113	60.225	73.060	1.294	60.029	72.856	0.381	0.402	0.462	0.312	135.471	2840	3442
271	0.116	46.445	73.433	1.276	46.207	73.279	0.466	0.296	0.482	0.308	3.978	2191	3462
272	0.114	79.247	73.727	1.256	79.036	73.533	0.402	0.381	0.429	0.339	38.545	3745	3474
273	0.136	45.660	73.855	1.383	45.466	73.618	0.381	0.466	0.501	0.345	60.799	2157	3478
274	0.120	47.522	74.449	1.286	47.286	74.274	0.466	0.339	0.444	0.343	2.194	2243	3509
275	0.120	60.506	74.628	1.316	60.325	74.401	0.360	0.466	0.453	0.336	74.116	2857	3515
276	0.123	59.114	74.711	1.353	58.949	74.464	0.318	0.508	0.516	0.304	81.726	2791	3518
277	0.120	85.176	74.918	1.353	85.005	74.676	0.339	0.487	0.498	0.307	68.856	4027	3528
278	0.160	19.953	75.524	1.533	19.706	75.290	0.487	0.466	0.563	0.362	141.339	937	3557
279	0.121	79.357	75.795	1.341	79.163	75.565	0.381	0.444	0.500	0.309	54.102	3751	3570
280	0.121	62.745	76.248	1.281	62.526	76.073	0.423	0.360	0.451	0.341	158.027	2959	3594
281	0.121	54.950	76.418	1.323	54.758	76.221	0.381	0.423	0.471	0.326	54.677	2595	3601
282	0.092	100.254	76.595	1.179	100.118	76.369	0.275	0.444	0.427	0.274	82.453	4738	3608
283	0.112	83.087	76.619	1.274	82.846	76.454	0.466	0.339	0.477	0.298	18.147	3927	3612
284	0.131	115.285	76.896	1.383	115.126	76.623	0.318	0.529	0.522	0.319	82.992	5446	3620
285	0.123	87.676	76.918	1.323	87.503	76.687	0.339	0.466	0.488	0.320	109.626	4138	3623
286	0.123	63.114	77.142	1.299	62.907	76.941	0.402	0.402	0.461	0.340	134.569	2975	3635
287	0.116	69.966	77.584	1.256	69.765	77.385	0.402	0.381	0.455	0.325	140.702	3300	3656
288	0.129	30.376	77.705	1.348	30.205	77.470	0.339	0.466	0.480	0.344	79.705	1433	3660
289	0.115	101.788	77.970	1.276	101.621	77.745	0.318	0.444	0.466	0.315	105.318	4805	3673
290	0.123	31.950	78.044	1.316	31.771	77.809	0.360	0.466	0.460	0.340	82.033	1509	3676
291	0.120	93.026	78.059	1.321	92.816	77.830	0.402	0.444	0.465	0.327	53.555	4395	3677
292	0.114	49.394	78.116	1.226	49.212	77.914	0.360	0.402	0.430	0.338	60.811	2332	3681
293	0.122	70.198	78.367	1.353	70.040	78.126	0.318	0.487	0.496	0.314	86.439	3315	3691
294	0.164	56.587	79.294	1.577	56.409	79.015	0.360	0.550	0.572	0.366	80.742	2671	3733
295	0.095	22.364	79.721	1.159	22.162	79.544	0.381	0.360	0.361	0.337	37.253	1054	3758
296	0.135	65.719	79.827	1.408	65.553	79.566	0.339	0.508	0.514	0.335	84.412	3104	3759
297	0.045	22.725	79.705	0.823	22.606	79.587	0.254	0.254	0.254	0.224	54.865	1072	3760
298	0.116	79.265	80.097	1.281	79.036	79.925	0.444	0.339	0.457	0.325	15.054	3744	3776
299	0.116	64.564	80.330	1.281	64.389	80.095	0.318	0.466	0.471	0.314	88.873	3049	3784
300	0.112	74.461	80.509	1.234	74.316	80.285	0.296	0.444	0.459	0.309	95.507	3513	3793
301	0.119	54.586	81.228	1.329	54.420	80.962	0.318	0.508	0.491	0.309	79.230	2579	3825
302	0.111	119.879	81.582	1.256	119.676	81.407	0.402	0.360	0.432	0.326	147.112	5657	3846
303	0.104	109.801	81.985	1.226	109.643	81.767	0.339	0.423	0.431	0.309	119.548	5182	3863
304	0.125	66.234	82.092	1.359	66.061	81.852	0.339	0.508	0.503	0.315	76.150	3129	3867
305	0.132	64.624	82.334	1.353	64.452	82.084	0.339	0.487	0.498	0.337	90.528	3050	3878
306	0.135	88.619	82.583	1.371	88.456	82.317	0.339	0.508	0.504	0.341	88.932	4185	3889
307	0.110	44.427	83.187	1.244	44.260	82.952	0.339	0.444	0.454	0.308	117.912	2096	3919
308	0.100	89.396	83.414	1.209	89.239	83.206	0.318	0.423	0.454	0.280	62.746	4226	3931
309	0.090	26.209	83.465	1.112	26.014	83.312	0.381	0.318	0.399	0.287	149.441	1232	3936
310	0.125	38.375	83.695	1.321	38.142	83.481	0.444	0.402	0.484	0.328	36.827	1815	3944
311	0.095	99.454	83.755	1.137	99.250	83.608	0.402	0.296	0.417	0.292	162.954	4692	3950
312	0.107	96.937	84.240	1.204	96.774	84.032	0.318	0.402	0.416	0.328	88.755	4578	3970
313	0.122	102.178	84.321	1.329	101.981	84.095	0.381	0.444	0.487	0.319	125.525	4824	3973
314	0.104	49.466	84.687	1.226	49.297	84.476	0.339	0.423	0.451	0.294	59.994	2337	3991
315	0.124	110.813	84.795	1.346	110.596	84.603	0.444	0.381	0.492	0.321	143.909	5228	3997
316	0.121	90.641	85.033	1.376	90.424	84.836	0.444	0.381	0.487	0.316	146.887	4275	4008
317	0.127	16.131	85.344	1.341	15.896	85.175	0.487	0.339	0.501	0.322	14.957	761	4024
318	0.121	78.110	85.482	1.339	77.893	85.280	0.444	0.402	0.473	0.324	143.583	3685	4029
319	0.106	90.398	85.656	1.214	90.234	85.429	0.318	0.444	0.429	0.314	88.531	4270	4036
320	0.110	62.147	85.705	1.251	61.997	85.471	0.296	0.466	0.458	0.305	97.246	2935	4038
321	0.120	94.929	85.813	1.316	94.763	85.577	0.339	0.487	0.479	0.319	90.741	4483	4043
322	0.124	59.467	85.957	1.323	59.309	85.725	0.339	0.466	0.483	0.327	101.687	2805	4050
323	0.109	102.013	86.716	1.239	101.854	86.487	0.318	0.444	0.451	0.309	102.991	4815	4086
324	0.115	87.130	86.820	1.306	86.953	86.593	0.318	0.466	0.468	0.313	86.511	4116	4091
325	0.119	41.661	86.941	1.311	41.487	86.720	0.360	0.444	0.477	0.317	63.633	1969	4097
326	0.113	78.504	86.950	1.256	78.274	86.783	0.444	0.339	0.435	0.332	1.139	3707	4100
327	0.118	107.552	87.031	1.299	107.357	86.826	0.381	0.423	0.469	0.321	124.729	5076	4102
328	0.122	85.427	87.175	1.311	85.259	86.932	0.339	0.466	0.483	0.321	68.609	4037	4107
329	0.118	59.508	87.756	1.318	59.351	87.524	0.318	0.466	0.490	0.307	89.481	2807	4135
330	0.084	84.087	88.052	1.119	83.968	87.820	0.233	0.444	0.445	0.240	80.923	3973	4149
331	0.108	86.042	88.405	1.239	85.873	88.180	0.318	0.444	0.444	0.308	84.050	4064	4166
332	0.111	100.775	89.845	1.239	100.605	89.641	0.339	0.423	0.420	0.336	97.458	4758	4235
333	0.070	8.820	90.337	1.112	8.657	90.170	0.318	0.360	0.340	0.262	56.255	415	4260
334	0.109	83.135	91.186	1.232	82.952	90.974	0.360	0.423	0.443	0.314	126.295	3924	4298
335	0.140	36.598	91.952	1.438	36.343	91.758	0.487	0.381	0.514	0.347	30.984	1728	4335
336	0.113	110.771	92.081	1.249	110.575	91.863	0.381	0.423	0.442	0.325	48.391	5235	4340
337	0.120	43.581	92.616	1.294	43.349	92.456	0.466	0.318	0.478	0.319	11.730	2056	4368
338	0.111	68.374	93.143	1.311	68.114	93.006	0.508	0.296	0.494	0.286	167.093	3222	4394
339	0.117	49.859	93.412	1.329	49.678	93.176	0.360	0.466	0.511	0.293	121.875	2351	4402
340	0.121	76.526	93.915	1.299	76.327	93.705	0.402	0.402	0.474	0.324	139.806	3610	4427
341	0.091	100.872	94.994	1.149	100.711	94.806	0.318	0.381	0.423	0.274	56.702	4765	4479
342	0.148	64.110	95.637	1.466	63.860	95.419	0.487	0.444	0.535	0.352	139.445	3021	4508
343	0.116	118.887	95.620	1.256	118.682	95.419	0.402	0.381	0.438	0.338	36.423	5618	4508
344	0.148	41.961	95.830	1.466	41.741	95.568	0.423	0.508	0.543	0.347	57.947	1985	4515
345	0.113	87.443	96.008	1.281	87.270	95.779	0.339	0.444	0.470	0.307	111.004	4127	4525
346	0.126	66.576	97.498	1.366	66.421	97.240	0.318	0.508	0.505	0.319	90.815	3144	4594
347	0.125	65.489	97.535	1.396	65.320	97.261	0.318	0.529	0.516	0.310	87.028	3095	4595
348	0.101	70.390	97.738	1.196	70.231	97.536	0.318	0.423	0.446	0.288	66.917	3325	4608
349	0.111	49.796	97.944	1.251	49.615	97.748	0.360	0.402	0.433	0.327	50.905	2353	4618
350	0.117	47.981	99.064	1.281	47.816	98.848	0.339	0.444	0.442	0.337	94.020	2263	4670
351	0.122	80.303	99.175	1.323	80.116	98.954	0.360	0.444	0.470	0.330	67.260	3794	4675
352	0.109	78.752	99.210	1.239	78.571	99.018	0.360	0.402	0.430	0.323	57.172	3719	4678
353	0.125	101.074	100.226	1.316	100.880	100.012	0.402	0.423	0.479	0.331	132.620	4769	4725
354	0.112	53.292	101.104	1.256	53.044	100.944	0.466	0.318	0.457	0.314	166.146	2512	4769
355	0.123	54.400	101.470	1.306	54.229	101.240	0.339	0.444	0.462	0.340	102.780	2567	4783
356	0.135	40.872	102.432	1.394	40.682	102.172	0.402	0.487	0.496	0.347	120.942	1926	4827
357	0.040	16.149	102.362	0.728	16.023	102.256	0.233	0.212	0.255	0.201	143.350	760	4831
358	0.114	66.137	102.466	1.299	65.913	102.320	0.466	0.318	0.469	0.310	3.387	3120	4834
359	0.119	109.754	102.871	1.291	109.559	102.658	0.402	0.423	0.474	0.320	131.553	5180	4850
360	0.125	49.754	103.126	1.334	49.530	102.934	0.444	0.402	0.484	0.327	35.327	2351	4863
361	0.116	99.736	103.747	1.281	99.505	103.590	0.466	0.318	0.465	0.319	5.691	4710	4894
362	0.104	42.807	104.194	1.196	42.608	104.013	0.381	0.360	0.428	0.311	43.416	2022	4914
363	0.091	60.110	105.174	1.137	59.944	104.987	0.318	0.381	0.407	0.286	64.349	2839	4960
364	0.116	76.921	105.146	1.276	76.708	104.987	0.444	0.318	0.460	0.322	13.700	3631	4960
365	0.120	91.307	105.754	1.304	91.101	105.537	0.402	0.423	0.494	0.310	133.467	4308	4986
366	0.114	105.919	106.309	1.256	105.706	106.130	0.423	0.360	0.451	0.321	148.306	4997	5014
367	0.111	51.607	106.879	1.261	51.414	106.680	0.423	0.381	0.487	0.290	139.370	2431	5040
368	0.095	22.613	107.888	1.184	22.458	107.675	0.318	0.423	0.454	0.265	60.048	1070	5087
369	0.106	75.540	108.590	1.226	75.374	108.373	0.318	0.444	0.442	0.304	73.550	3569	5120
370	0.125	25.651	108.972	1.378	25.464	108.754	0.381	0.444	0.475	0.336	67.800	1213	5138
371	0.123	107.304	110.282	1.323	107.146	110.046	0.339	0.466	0.471	0.332	90.406	5067	5199
372	0.112	109.734	110.716	1.299	109.580	110.448	0.296	0.508	0.499	0.287	79.025	5186	5218
373	0.123	48.943	111.107	1.299	48.747	110.892	0.381	0.423	0.458	0.343	120.522	2309	5239
374	0.132	84.161	111.463	1.359	83.926	111.273	0.466	0.381	0.485	0.347	155.046	3969	5257
375	0.128	70.889	111.823	1.359	70.697	111.591	0.381	0.466	0.505	0.322	116.918	3344	5272
376	0.116	70.015	112.073	1.269	69.850	111.845	0.339	0.444	0.464	0.320	113.669	3304	5284
377	0.125	115.916	112.162	1.341	115.718	111.950	0.402	0.423	0.477	0.332	53.446	5475	5289
378	0.117	48.697	112.853	1.316	48.472	112.670	0.466	0.360	0.497	0.300	156.231	2294	5323
379	0.126	45.083	113.268	1.359	44.873	113.072	0.444	0.402	0.493	0.326	38.131	2132	5342
380	0.115	111.077	113.644	1.256	110.850	113.474	0.444	0.339	0.466	0.314	20.645	5248	5361
381	0.112	64.080	113.894	1.269	63.902	113.665	0.339	0.444	0.451	0.315	104.391	3025	5370
382	0.105	62.189	114.007	1.226	62.040	113.792	0.318	0.444	0.444	0.302	103.197	2934	5376
383	0.122	64.030	114.376	1.304	63.839	114.152	0.402	0.423	0.475	0.328	129.742	3020	5393
384	0.113	48.096	116.112	1.269	47.879	115.930	0.423	0.360	0.456	0.316	22.633	2275	5477
385	0.119	59.989	116.256	1.286	59.775	116.078	0.444	0.360	0.455	0.332	150.694	2828	5484
386	0.093	102.148	117.268	1.137	101.981	117.094	0.360	0.339	0.375	0.315	31.868	4824	5532
387	0.127	95.874	119.652	1.359	95.673	119.444	0.423	0.423	0.503	0.322	138.827	4521	5643
388	0.116	110.456	119.870	1.306	110.300	119.634	0.318	0.466	0.454	0.326	91.711	5214	5652
389	0.109	66.739	120.073	1.214	66.569	119.867	0.339	0.423	0.440	0.316	116.197	3148	5663
390	0.109	64.465	120.278	1.286	64.283	120.057	0.360	0.423	0.454	0.307	56.203	3046	5672
391	0.115	69.371	123.861	1.269	69.152	123.677	0.423	0.360	0.436	0.336	25.423	3279	5843
392	0.093	97.505	124.301	1.142	97.303	124.142	0.381	0.339	0.396	0.300	146.192	4601	5865
393	0.124	98.244	125.089	1.329	98.023	124.904	0.466	0.360	0.494	0.318	152.322	4634	5901
394	0.119	80.451	126.240	1.299	80.243	126.048	0.423	0.381	0.462	0.327	146.034	3793	5955
395	0.121	91.916	127.058	1.311	91.758	126.810	0.318	0.487	0.490	0.314	80.692	4342	5991
396	0.122	60.613	127.363	1.306	60.388	127.212	0.466	0.318	0.474	0.327	175.248	2856	6010
397	0.110	82.630	128.629	1.251	82.465	128.418	0.318	0.444	0.451	0.311	101.063	3899	6067
398	0.108	70.509	128.842	1.251	70.337	128.630	0.339	0.423	0.457	0.302	71.987	3329	6077
399	0.133	68.755	129.020	1.401	68.580	128.757	0.360	0.508	0.545	0.311	113.452	3243	6083
400	0.127	83.442	129.430	1.359	83.206	129.244	0.466	0.381	0.494	0.328	155.192	3936	6106
401	0.104	109.629	130.306	1.196	109.474	130.090	0.318	0.423	0.424	0.312	110.011	5177	6146
402	0.095	91.125	130.839	1.191	90.974	130.620	0.296	0.423	0.418	0.291	92.321	4307	6171
403	0.122	55.920	131.425	1.316	55.690	131.233	0.444	0.381	0.467	0.333	27.785	2644	6200
404	0.121	79.893	132.149	1.306	79.735	131.911	0.318	0.466	0.476	0.322	80.372	3775	6232
